/*--------------------------------*- C++ -*----------------------------------*\
  =========                 |
  \\      /  F ield         | OpenFOAM: The Open Source CFD Toolbox
   \\    /   O peration     | Website:  https://openfoam.org
    \\  /    A nd           | Version:  6
     \\/     M anipulation  |
\*---------------------------------------------------------------------------*/
FoamFile
{
    version     2.0;
    format      ascii;
    class       volScalarField;
    location    "630";
    object      T;
}
// * * * * * * * * * * * * * * * * * * * * * * * * * * * * * * * * * * * * * //

dimensions      [0 0 0 1 0 0 0];

internalField   nonuniform List<scalar> 
5964
(
310.568
309.73
308.974
308.329
307.796
307.364
307.016
306.73
306.488
306.272
306.071
305.872
305.669
305.46
305.242
305.015
304.78
304.55
304.361
304.305
304.3
304.301
304.295
304.28
304.258
304.229
304.198
304.164
304.129
304.094
304.06
304.026
303.993
303.961
303.931
303.902
303.874
303.847
303.821
303.796
303.772
303.748
303.726
303.704
303.682
303.661
303.641
303.621
303.601
303.581
303.561
303.542
303.523
303.504
303.484
303.465
303.446
303.427
303.408
303.389
303.37
303.35
303.331
303.312
303.292
303.273
303.254
303.234
303.214
303.195
303.175
303.155
303.135
303.116
303.096
303.075
303.055
303.035
303.014
302.994
302.974
302.955
302.94
302.932
310.564
309.734
308.995
308.361
307.834
307.408
307.065
306.784
306.546
306.334
306.135
305.935
305.731
305.518
305.294
305.056
304.8
304.52
304.241
304.262
304.295
304.308
304.304
304.287
304.263
304.232
304.199
304.164
304.129
304.094
304.059
304.025
303.992
303.96
303.93
303.901
303.873
303.846
303.82
303.795
303.771
303.748
303.725
303.703
303.682
303.661
303.641
303.62
303.6
303.581
303.561
303.542
303.523
303.504
303.484
303.465
303.446
303.427
303.408
303.389
303.37
303.35
303.331
303.312
303.293
303.273
303.254
303.234
303.215
303.195
303.175
303.155
303.136
303.116
303.096
303.075
303.055
303.035
303.015
302.994
302.974
302.955
302.94
302.931
310.573
309.758
309.027
308.4
307.884
307.471
307.14
306.869
306.64
306.437
306.246
306.046
305.843
305.626
305.393
305.142
304.856
304.492
303.857
304.21
304.31
304.332
304.324
304.302
304.272
304.238
304.202
304.166
304.129
304.093
304.057
304.023
303.99
303.958
303.928
303.899
303.871
303.844
303.818
303.793
303.769
303.746
303.724
303.702
303.681
303.66
303.64
303.62
303.6
303.58
303.561
303.542
303.523
303.503
303.484
303.465
303.446
303.427
303.408
303.389
303.37
303.351
303.331
303.312
303.293
303.273
303.254
303.234
303.215
303.195
303.175
303.155
303.136
303.116
303.096
303.076
303.055
303.035
303.015
302.994
302.974
302.955
302.94
302.923
310.582
309.775
309.049
308.428
307.924
307.527
307.215
306.964
306.754
306.568
306.39
306.192
305.991
305.771
305.532
305.275
304.998
304.694
304.371
304.386
304.396
304.384
304.358
304.323
304.286
304.246
304.206
304.167
304.128
304.091
304.054
304.02
303.986
303.955
303.924
303.895
303.868
303.841
303.816
303.791
303.767
303.745
303.722
303.701
303.68
303.659
303.639
303.619
303.6
303.58
303.561
303.541
303.522
303.503
303.484
303.465
303.446
303.427
303.408
303.389
303.37
303.351
303.331
303.312
303.293
303.273
303.254
303.234
303.215
303.195
303.175
303.156
303.136
303.116
303.096
303.076
303.056
303.035
303.015
302.994
302.974
302.955
302.932
302.775
310.582
309.78
309.061
308.45
307.962
307.589
307.305
307.082
306.896
306.729
306.56
306.366
306.165
305.94
305.696
305.438
305.173
304.911
304.684
304.572
304.504
304.45
304.399
304.349
304.301
304.254
304.21
304.167
304.126
304.087
304.05
304.015
303.982
303.95
303.92
303.891
303.864
303.837
303.812
303.788
303.765
303.742
303.72
303.699
303.678
303.658
303.638
303.618
303.599
303.579
303.56
303.541
303.522
303.503
303.484
303.465
303.446
303.427
303.408
303.389
303.37
303.351
303.332
303.312
303.293
303.273
303.254
303.234
303.215
303.195
303.176
303.156
303.136
303.116
303.096
303.076
303.056
303.035
303.015
302.994
302.974
302.955
302.938
302.907
310.582
309.781
309.069
308.477
308.017
307.679
307.428
307.232
307.067
306.911
306.745
306.554
306.347
306.115
305.865
305.602
305.339
305.09
304.881
304.72
304.604
304.514
304.44
304.374
304.315
304.261
304.212
304.165
304.122
304.082
304.045
304.009
303.976
303.944
303.914
303.886
303.859
303.833
303.808
303.784
303.761
303.739
303.718
303.697
303.676
303.656
303.637
303.617
303.598
303.579
303.56
303.541
303.522
303.503
303.484
303.465
303.446
303.427
303.408
303.389
303.37
303.351
303.332
303.312
303.293
303.274
303.254
303.235
303.215
303.195
303.176
303.156
303.136
303.116
303.096
303.076
303.056
303.036
303.015
302.995
302.974
302.955
302.927
302.799
310.604
309.83
309.125
308.548
308.114
307.807
307.579
307.406
307.249
307.095
306.923
306.728
306.511
306.271
306.012
305.74
305.473
305.225
305.011
304.828
304.682
304.568
304.474
304.394
304.325
304.265
304.211
304.161
304.116
304.075
304.037
304.001
303.968
303.937
303.907
303.879
303.852
303.827
303.803
303.78
303.757
303.736
303.715
303.694
303.674
303.655
303.635
303.616
303.597
303.578
303.559
303.54
303.522
303.503
303.484
303.465
303.446
303.427
303.408
303.389
303.37
303.351
303.332
303.313
303.293
303.274
303.254
303.235
303.215
303.196
303.176
303.156
303.136
303.116
303.096
303.076
303.056
303.036
303.016
302.995
302.975
302.956
302.938
302.915
310.606
309.849
309.18
308.639
308.239
307.956
307.746
307.582
307.422
307.254
307.067
306.859
306.632
306.385
306.12
305.844
305.572
305.318
305.095
304.899
304.736
304.604
304.496
304.406
304.329
304.263
304.205
304.154
304.107
304.065
304.027
303.991
303.958
303.927
303.899
303.871
303.845
303.821
303.797
303.775
303.753
303.732
303.711
303.691
303.672
303.653
303.633
303.615
303.596
303.577
303.558
303.54
303.521
303.503
303.484
303.465
303.446
303.428
303.409
303.39
303.371
303.352
303.332
303.313
303.294
303.274
303.255
303.235
303.216
303.196
303.176
303.156
303.137
303.117
303.097
303.077
303.057
303.036
303.016
302.996
302.975
302.956
302.938
302.925
310.614
309.88
309.247
308.747
308.381
308.117
307.917
307.747
307.573
307.384
307.177
306.951
306.709
306.454
306.184
305.905
305.63
305.371
305.141
304.938
304.764
304.622
304.504
304.407
304.325
304.255
304.195
304.142
304.095
304.053
304.014
303.979
303.947
303.917
303.889
303.862
303.837
303.813
303.791
303.769
303.748
303.728
303.708
303.688
303.669
303.65
303.632
303.613
303.595
303.576
303.558
303.539
303.521
303.502
303.484
303.465
303.447
303.428
303.409
303.39
303.371
303.352
303.333
303.313
303.294
303.275
303.255
303.236
303.216
303.196
303.177
303.157
303.137
303.117
303.097
303.077
303.057
303.037
303.017
302.996
302.976
302.955
302.934
302.919
310.636
309.944
309.349
308.883
308.539
308.283
308.081
307.891
307.693
307.474
307.238
306.99
306.736
306.473
306.2
305.922
305.648
305.388
305.153
304.946
304.767
304.618
304.496
304.394
304.31
304.239
304.178
304.125
304.078
304.037
303.999
303.965
303.934
303.905
303.878
303.852
303.828
303.805
303.784
303.763
303.742
303.723
303.704
303.685
303.666
303.648
303.63
303.612
303.593
303.575
303.557
303.539
303.521
303.502
303.484
303.465
303.447
303.428
303.409
303.39
303.371
303.352
303.333
303.314
303.295
303.275
303.256
303.236
303.216
303.197
303.177
303.157
303.137
303.117
303.097
303.077
303.057
303.037
303.017
302.997
302.976
302.954
302.931
302.914
310.659
310.014
309.46
309.025
308.695
308.441
308.224
308.007
307.773
307.517
307.254
306.986
306.716
306.447
306.175
305.901
305.629
305.369
305.133
304.924
304.743
304.592
304.469
304.368
304.284
304.214
304.154
304.102
304.057
304.017
303.981
303.949
303.919
303.891
303.865
303.841
303.818
303.796
303.776
303.756
303.736
303.718
303.699
303.681
303.663
303.645
303.628
303.61
303.592
303.575
303.557
303.539
303.521
303.503
303.484
303.466
303.447
303.429
303.41
303.391
303.372
303.353
303.334
303.314
303.295
303.276
303.256
303.237
303.217
303.197
303.177
303.158
303.138
303.118
303.098
303.078
303.058
303.038
303.017
302.997
302.976
302.955
302.934
302.918
310.684
310.088
309.574
309.163
308.842
308.582
308.339
308.084
307.808
307.517
307.221
306.932
306.65
306.379
306.113
305.847
305.582
305.322
305.081
304.872
304.691
304.543
304.424
304.326
304.246
304.18
304.123
304.075
304.032
303.994
303.961
303.93
303.902
303.875
303.851
303.829
303.807
303.787
303.767
303.749
303.73
303.712
303.695
303.678
303.66
303.643
303.626
303.609
303.591
303.574
303.556
303.539
303.521
303.503
303.485
303.466
303.448
303.429
303.41
303.392
303.373
303.354
303.334
303.315
303.296
303.276
303.257
303.237
303.217
303.198
303.178
303.158
303.138
303.118
303.098
303.078
303.058
303.038
303.018
302.998
302.977
302.956
302.935
302.92
310.71
310.161
309.682
309.285
308.962
308.679
308.396
308.101
307.786
307.46
307.139
306.836
306.551
306.281
306.017
305.754
305.491
305.234
304.994
304.786
304.61
304.47
304.358
304.269
304.197
304.137
304.086
304.042
304.003
303.969
303.937
303.909
303.883
303.859
303.836
303.815
303.796
303.777
303.759
303.741
303.724
303.707
303.69
303.674
303.657
303.641
303.624
303.607
303.59
303.573
303.556
303.539
303.521
303.503
303.485
303.467
303.448
303.43
303.411
303.392
303.373
303.354
303.335
303.316
303.296
303.277
303.257
303.238
303.218
303.198
303.178
303.159
303.139
303.119
303.099
303.079
303.059
303.038
303.018
302.998
302.977
302.955
302.932
302.914
310.733
310.223
309.771
309.381
309.045
308.727
308.402
308.062
307.708
307.353
307.016
306.707
306.424
306.16
305.901
305.641
305.379
305.118
304.873
304.665
304.497
304.37
304.273
304.198
304.137
304.087
304.043
304.005
303.971
303.94
303.912
303.886
303.863
303.841
303.821
303.801
303.783
303.766
303.749
303.733
303.717
303.702
303.686
303.67
303.655
303.639
303.623
303.606
303.59
303.573
303.556
303.539
303.521
303.504
303.486
303.468
303.449
303.431
303.412
303.393
303.374
303.355
303.336
303.317
303.297
303.278
303.258
303.238
303.219
303.199
303.179
303.159
303.139
303.119
303.099
303.079
303.059
303.039
303.019
302.998
302.977
302.954
302.929
302.906
310.751
310.272
309.835
309.441
309.075
308.712
308.335
307.95
307.566
307.197
306.858
306.554
306.281
306.027
305.774
305.519
305.255
304.985
304.721
304.499
304.346
304.243
304.169
304.113
304.068
304.03
303.996
303.965
303.936
303.909
303.885
303.862
303.841
303.822
303.804
303.787
303.771
303.755
303.74
303.725
303.711
303.696
303.682
303.667
303.652
303.637
303.621
303.606
303.589
303.573
303.556
303.539
303.522
303.505
303.487
303.469
303.45
303.432
303.413
303.395
303.376
303.356
303.337
303.318
303.298
303.279
303.259
303.239
303.219
303.2
303.18
303.16
303.14
303.12
303.1
303.079
303.059
303.039
303.019
302.999
302.978
302.956
302.933
302.914
310.764
310.302
309.864
309.453
309.05
308.634
308.209
307.787
307.383
307.012
306.681
306.39
306.13
305.889
305.646
305.395
305.129
304.845
304.545
304.266
304.153
304.088
304.048
304.018
303.992
303.969
303.945
303.922
303.899
303.877
303.857
303.837
303.819
303.802
303.787
303.772
303.758
303.744
303.731
303.718
303.705
303.691
303.678
303.664
303.65
303.635
303.62
303.605
303.59
303.573
303.557
303.54
303.523
303.506
303.488
303.47
303.452
303.433
303.415
303.396
303.377
303.358
303.338
303.319
303.299
303.28
303.26
303.24
303.22
303.2
303.18
303.16
303.14
303.12
303.1
303.08
303.06
303.04
303.019
302.999
302.979
302.958
302.937
302.922
310.771
310.317
309.87
309.432
308.983
308.514
308.044
307.595
307.185
306.819
306.502
306.226
305.981
305.755
305.525
305.282
305.017
304.72
304.367
303.892
303.916
303.914
303.916
303.917
303.915
303.907
303.895
303.879
303.862
303.845
303.828
303.811
303.796
303.782
303.769
303.757
303.745
303.734
303.722
303.71
303.699
303.687
303.674
303.661
303.648
303.634
303.62
303.605
303.59
303.574
303.558
303.542
303.525
303.507
303.49
303.472
303.453
303.435
303.416
303.397
303.378
303.359
303.34
303.32
303.301
303.281
303.261
303.241
303.221
303.201
303.181
303.161
303.141
303.121
303.101
303.08
303.06
303.04
303.02
303
302.979
302.958
302.938
302.923
310.774
310.32
309.858
309.384
308.888
308.374
307.873
307.41
306.998
306.639
306.335
306.074
305.845
305.633
305.42
305.194
304.941
304.65
304.306
303.912
303.705
303.735
303.784
303.819
303.839
303.847
303.845
303.838
303.826
303.812
303.799
303.785
303.773
303.762
303.752
303.742
303.733
303.723
303.714
303.704
303.693
303.683
303.671
303.659
303.647
303.634
303.62
303.606
303.591
303.576
303.56
303.543
303.526
303.509
303.492
303.474
303.455
303.437
303.418
303.399
303.38
303.361
303.341
303.322
303.302
303.282
303.262
303.242
303.222
303.202
303.182
303.162
303.142
303.121
303.101
303.081
303.061
303.04
303.02
303
302.979
302.958
302.937
302.922
310.772
310.314
309.838
309.323
308.778
308.222
307.695
307.224
306.816
306.471
306.184
305.942
305.73
305.535
305.341
305.136
304.905
304.632
304.298
303.879
303.284
303.538
303.661
303.732
303.771
303.791
303.799
303.798
303.791
303.78
303.769
303.759
303.75
303.742
303.734
303.727
303.721
303.713
303.706
303.698
303.689
303.679
303.669
303.658
303.647
303.634
303.621
303.607
303.593
303.578
303.562
303.546
303.529
303.512
303.494
303.476
303.458
303.439
303.42
303.401
303.382
303.363
303.343
303.323
303.304
303.284
303.264
303.244
303.223
303.203
303.183
303.163
303.142
303.122
303.102
303.081
303.061
303.041
303.021
303
302.98
302.959
302.938
302.921
310.761
310.279
309.776
309.225
308.642
308.055
307.513
307.045
306.649
306.322
306.053
305.829
305.637
305.461
305.29
305.109
304.902
304.657
304.357
303.988
303.56
303.46
303.582
303.667
303.712
303.74
303.756
303.76
303.757
303.749
303.74
303.732
303.726
303.721
303.717
303.713
303.709
303.705
303.699
303.693
303.686
303.677
303.668
303.658
303.647
303.635
303.623
303.609
303.595
303.58
303.565
303.548
303.532
303.514
303.497
303.479
303.46
303.442
303.423
303.404
303.384
303.365
303.345
303.325
303.305
303.285
303.265
303.245
303.225
303.204
303.184
303.164
303.143
303.123
303.102
303.082
303.062
303.041
303.021
303.001
302.98
302.959
302.936
302.908
310.736
310.198
309.645
309.047
308.431
307.827
307.289
306.842
306.472
306.175
305.933
305.732
305.561
305.405
305.253
305.093
304.913
304.699
304.44
304.116
303.719
303.192
303.533
303.629
303.658
303.689
303.714
303.725
303.724
303.717
303.71
303.705
303.702
303.701
303.7
303.7
303.699
303.697
303.694
303.689
303.683
303.677
303.668
303.659
303.649
303.638
303.625
303.612
303.598
303.583
303.568
303.552
303.535
303.518
303.5
303.482
303.463
303.445
303.426
303.406
303.387
303.367
303.347
303.327
303.307
303.287
303.267
303.246
303.226
303.206
303.185
303.165
303.144
303.124
303.103
303.083
303.062
303.042
303.021
303.001
302.98
302.958
302.926
302.871
310.694
310.067
309.421
308.755
308.109
307.51
307.003
306.6
306.274
306.02
305.817
305.648
305.503
305.37
305.237
305.097
304.937
304.754
304.537
304.277
303.989
303.743
303.696
303.634
303.582
303.628
303.674
303.693
303.692
303.685
303.678
303.675
303.676
303.679
303.684
303.687
303.69
303.691
303.69
303.687
303.683
303.677
303.67
303.662
303.652
303.641
303.629
303.616
303.602
303.588
303.572
303.556
303.539
303.522
303.504
303.486
303.467
303.448
303.429
303.409
303.389
303.37
303.35
303.329
303.309
303.289
303.268
303.248
303.227
303.207
303.186
303.166
303.145
303.124
303.104
303.083
303.063
303.042
303.021
303.001
302.98
302.959
302.936
302.91
310.638
309.889
309.102
308.333
307.661
307.104
306.674
306.351
306.095
305.898
305.743
305.616
305.505
305.399
305.291
305.171
305.032
304.877
304.692
304.475
304.248
304.038
303.845
303.602
303.388
303.544
303.641
303.669
303.663
303.649
303.641
303.642
303.648
303.658
303.668
303.676
303.683
303.686
303.688
303.687
303.684
303.68
303.673
303.666
303.656
303.646
303.634
303.621
303.607
303.593
303.577
303.561
303.544
303.526
303.508
303.49
303.471
303.452
303.432
303.412
303.392
303.372
303.352
303.332
303.311
303.291
303.27
303.25
303.229
303.208
303.188
303.167
303.146
303.125
303.105
303.084
303.063
303.043
303.022
303.001
302.98
302.96
302.941
302.927
310.585
309.737
308.87
308.045
307.355
306.824
306.443
306.179
305.988
305.848
305.742
305.655
305.579
305.504
305.422
305.328
305.211
305.077
304.916
304.728
304.524
304.307
304.013
303.503
302.844
303.482
303.649
303.667
303.635
303.607
303.597
303.603
303.618
303.635
303.653
303.667
303.678
303.685
303.689
303.689
303.688
303.684
303.679
303.671
303.662
303.652
303.64
303.627
303.613
303.599
303.583
303.566
303.549
303.531
303.513
303.494
303.475
303.456
303.436
303.416
303.396
303.375
303.355
303.334
303.314
303.293
303.272
303.251
303.231
303.21
303.189
303.168
303.147
303.126
303.105
303.084
303.064
303.043
303.022
303.001
302.98
302.959
302.94
302.928
310.529
309.575
308.638
307.792
307.118
306.635
306.314
306.105
305.968
305.875
305.81
305.76
305.717
305.671
305.618
305.548
305.454
305.344
305.206
305.037
304.849
304.646
304.373
304.098
304.121
303.833
303.773
303.701
303.601
303.548
303.539
303.555
303.583
303.613
303.639
303.66
303.675
303.686
303.692
303.695
303.694
303.691
303.686
303.679
303.67
303.66
303.648
303.635
303.621
303.606
303.59
303.573
303.555
303.537
303.519
303.5
303.48
303.46
303.44
303.42
303.399
303.379
303.358
303.337
303.316
303.295
303.274
303.253
303.232
303.211
303.19
303.169
303.148
303.127
303.106
303.085
303.064
303.043
303.023
303.001
302.98
302.958
302.939
302.927
310.482
309.446
308.46
307.615
306.976
306.538
306.266
306.107
306.013
305.96
305.93
305.912
305.898
305.876
305.851
305.804
305.732
305.649
305.532
305.389
305.224
305.041
304.802
304.567
304.346
304.14
303.915
303.756
303.525
303.451
303.457
303.497
303.546
303.591
303.628
303.657
303.677
303.691
303.699
303.703
303.703
303.701
303.696
303.688
303.679
303.669
303.657
303.644
303.629
303.614
303.597
303.58
303.562
303.544
303.525
303.505
303.485
303.465
303.445
303.424
303.403
303.382
303.361
303.34
303.319
303.298
303.277
303.256
303.234
303.213
303.192
303.171
303.149
303.128
303.107
303.086
303.065
303.044
303.023
303.002
302.98
302.958
302.938
302.926
310.442
309.339
308.325
307.487
306.885
306.5
306.277
306.158
306.103
306.082
306.08
306.089
306.096
306.096
306.094
306.069
306.019
305.961
305.869
305.753
305.614
305.447
305.234
305.01
304.754
304.493
304.204
303.867
303.317
303.286
303.344
303.429
303.508
303.572
303.622
303.659
303.684
303.7
303.71
303.715
303.715
303.713
303.708
303.7
303.691
303.68
303.668
303.654
303.639
303.623
303.606
303.588
303.57
303.551
303.532
303.512
303.491
303.471
303.45
303.429
303.408
303.386
303.365
303.344
303.322
303.301
303.279
303.258
303.236
303.215
303.193
303.172
303.151
303.129
303.108
303.087
303.066
303.044
303.023
303.002
302.98
302.958
302.939
302.926
310.395
309.218
308.184
307.384
306.841
306.51
306.329
306.247
306.221
306.223
306.244
306.271
306.296
306.313
306.324
306.323
306.294
306.257
306.194
306.103
305.988
305.84
305.651
305.437
305.182
304.891
304.559
304.163
303.636
303.047
303.204
303.364
303.476
303.56
303.623
303.667
303.697
303.715
303.726
303.731
303.731
303.728
303.723
303.715
303.705
303.693
303.68
303.666
303.65
303.633
303.616
303.597
303.579
303.559
303.539
303.518
303.498
303.476
303.455
303.434
303.412
303.391
303.369
303.347
303.325
303.304
303.282
303.26
303.238
303.217
303.195
303.174
303.152
303.13
303.109
303.088
303.066
303.045
303.024
303.002
302.98
302.958
302.939
302.927
310.372
309.167
308.136
307.367
306.856
306.557
306.411
306.357
306.351
306.373
306.408
306.448
306.486
306.515
306.537
306.552
306.547
306.523
306.489
306.423
306.331
306.209
306.049
305.855
305.615
305.323
304.98
304.58
304.097
303.577
303.062
303.333
303.459
303.556
303.63
303.682
303.715
303.735
303.746
303.751
303.751
303.747
303.741
303.732
303.721
303.708
303.694
303.679
303.662
303.645
303.627
303.607
303.588
303.568
303.547
303.526
303.504
303.483
303.461
303.439
303.417
303.395
303.373
303.351
303.329
303.307
303.285
303.263
303.241
303.219
303.197
303.175
303.153
303.132
303.11
303.088
303.067
303.045
303.024
303.002
302.98
302.959
302.939
302.927
310.362
309.156
308.143
307.391
306.906
306.636
306.513
306.478
306.488
306.524
306.57
306.616
306.661
306.698
306.729
306.755
306.766
306.755
306.744
306.704
306.64
306.548
306.422
306.255
306.038
305.767
305.439
305.053
304.593
304.088
303.628
303.419
303.452
303.556
303.645
303.705
303.741
303.762
303.772
303.775
303.774
303.769
303.761
303.751
303.739
303.725
303.71
303.693
303.676
303.657
303.638
303.618
303.598
303.577
303.555
303.534
303.512
303.489
303.467
303.445
303.422
303.4
303.377
303.355
303.332
303.31
303.287
303.265
303.243
303.221
303.199
303.177
303.155
303.133
303.111
303.089
303.068
303.046
303.024
303.002
302.981
302.959
302.94
302.927
310.363
309.164
308.17
307.448
306.986
306.733
306.625
306.602
306.626
306.673
306.726
306.777
306.824
306.865
306.902
306.93
306.951
306.957
306.96
306.946
306.912
306.851
306.759
306.624
306.439
306.201
305.899
305.528
305.084
304.568
304.011
303.276
303.365
303.549
303.67
303.738
303.775
303.794
303.802
303.804
303.801
303.795
303.785
303.773
303.759
303.744
303.727
303.71
303.691
303.671
303.651
303.63
303.609
303.587
303.565
303.542
303.519
303.496
303.473
303.45
303.427
303.404
303.381
303.359
303.336
303.313
303.29
303.268
303.245
303.223
303.201
303.178
303.156
303.134
303.112
303.09
303.068
303.046
303.025
303.003
302.981
302.96
302.939
302.924
310.371
309.196
308.227
307.527
307.082
306.841
306.742
306.727
306.762
306.817
306.876
306.93
306.978
307.021
307.059
307.088
307.112
307.13
307.144
307.151
307.144
307.113
307.054
306.955
306.806
306.602
306.329
305.981
305.56
305.055
304.489
303.824
303.178
303.579
303.722
303.785
303.816
303.832
303.838
303.838
303.833
303.824
303.812
303.798
303.782
303.765
303.747
303.727
303.707
303.686
303.665
303.643
303.62
303.597
303.574
303.551
303.527
303.504
303.48
303.457
303.433
303.41
303.386
303.363
303.339
303.316
303.293
303.27
303.248
303.225
303.202
303.18
303.158
303.135
303.113
303.091
303.069
303.047
303.025
303.003
302.982
302.959
302.935
302.912
310.381
309.231
308.292
307.611
307.176
306.948
306.86
306.851
306.895
306.956
307.02
307.077
307.125
307.167
307.203
307.232
307.257
307.28
307.303
307.326
307.338
307.335
307.306
307.245
307.133
306.963
306.723
306.408
306.017
305.541
304.994
304.397
303.866
303.818
303.828
303.848
303.865
303.876
303.879
303.876
303.868
303.856
303.842
303.825
303.807
303.788
303.767
303.746
303.724
303.702
303.679
303.656
303.632
303.608
303.584
303.56
303.536
303.512
303.487
303.463
303.439
303.415
303.391
303.367
303.343
303.32
303.296
303.273
303.25
303.227
303.204
303.182
303.159
303.137
303.114
303.092
303.07
303.048
303.026
303.004
302.982
302.958
302.928
302.894
310.394
309.27
308.347
307.682
307.27
307.056
306.978
306.975
307.024
307.09
307.158
307.218
307.266
307.306
307.338
307.365
307.389
307.414
307.443
307.475
307.503
307.52
307.521
307.492
307.416
307.281
307.076
306.794
306.432
305.986
305.467
304.901
304.361
303.991
303.912
303.906
303.916
303.923
303.924
303.918
303.907
303.892
303.875
303.855
303.834
303.812
303.79
303.766
303.743
303.719
303.694
303.67
303.645
303.62
303.595
303.57
303.545
303.52
303.495
303.47
303.445
303.42
303.396
303.371
303.347
303.323
303.3
303.276
303.253
303.229
303.206
303.183
303.161
303.138
303.116
303.093
303.071
303.049
303.026
303.005
302.983
302.959
302.929
302.896
310.412
309.323
308.429
307.781
307.377
307.169
307.095
307.097
307.15
307.219
307.29
307.353
307.402
307.439
307.468
307.492
307.513
307.537
307.567
307.604
307.644
307.68
307.702
307.702
307.657
307.557
307.388
307.141
306.812
306.395
305.893
305.309
304.665
303.892
303.925
303.945
303.965
303.975
303.975
303.965
303.95
303.931
303.91
303.887
303.863
303.838
303.813
303.788
303.762
303.736
303.71
303.684
303.658
303.632
303.606
303.58
303.554
303.528
303.502
303.476
303.451
303.426
303.401
303.376
303.351
303.327
303.303
303.279
303.255
303.232
303.208
303.185
303.162
303.139
303.117
303.094
303.072
303.049
303.027
303.005
302.983
302.96
302.929
302.89
310.436
309.381
308.511
307.882
307.488
307.282
307.21
307.215
307.27
307.343
307.416
307.481
307.531
307.567
307.593
307.613
307.631
307.651
307.681
307.72
307.767
307.816
307.858
307.878
307.863
307.794
307.659
307.447
307.154
306.771
306.292
305.71
305.028
304.305
303.948
303.983
304.023
304.037
304.033
304.018
303.998
303.974
303.948
303.921
303.893
303.866
303.838
303.81
303.782
303.755
303.727
303.7
303.672
303.645
303.617
303.59
303.563
303.536
303.51
303.483
303.457
303.431
303.406
303.38
303.355
303.331
303.306
303.282
303.258
303.234
303.21
303.187
303.164
303.141
303.118
303.095
303.072
303.05
303.028
303.006
302.984
302.963
302.935
302.895
310.464
309.449
308.601
307.985
307.597
307.392
307.321
307.328
307.385
307.461
307.536
307.602
307.653
307.689
307.712
307.729
307.742
307.76
307.787
307.826
307.877
307.935
307.99
308.029
308.039
308
307.901
307.724
307.466
307.114
306.665
306.112
305.446
304.665
303.627
304.017
304.105
304.115
304.1
304.077
304.049
304.019
303.988
303.956
303.925
303.894
303.863
303.833
303.803
303.774
303.744
303.715
303.686
303.657
303.629
303.601
303.573
303.545
303.518
303.49
303.464
303.437
303.411
303.385
303.36
303.334
303.309
303.285
303.26
303.236
303.212
303.189
303.165
303.142
303.119
303.096
303.073
303.051
303.028
303.006
302.985
302.963
302.929
302.837
310.486
309.51
308.685
308.084
307.702
307.499
307.428
307.437
307.496
307.574
307.651
307.718
307.769
307.804
307.826
307.839
307.849
307.863
307.887
307.925
307.978
308.04
308.106
308.161
308.189
308.175
308.105
307.96
307.735
307.416
306.995
306.466
305.838
305.142
304.446
304.317
304.256
304.214
304.176
304.139
304.103
304.066
304.029
303.993
303.958
303.923
303.89
303.857
303.825
303.793
303.762
303.731
303.7
303.67
303.641
303.611
303.582
303.554
303.525
303.497
303.47
303.443
303.416
303.39
303.364
303.338
303.313
303.288
303.263
303.238
303.214
303.19
303.167
303.143
303.12
303.097
303.074
303.051
303.029
303.007
302.985
302.964
302.942
302.91
310.506
309.567
308.771
308.184
307.806
307.605
307.533
307.542
307.602
307.682
307.761
307.828
307.88
307.914
307.934
307.945
307.952
307.963
307.984
308.02
308.072
308.137
308.21
308.277
308.321
308.328
308.284
308.169
307.974
307.685
307.293
306.8
306.212
305.555
304.931
304.551
304.389
304.308
304.252
304.203
304.158
304.113
304.071
304.03
303.991
303.953
303.916
303.881
303.846
303.812
303.779
303.747
303.715
303.683
303.652
303.622
303.592
303.562
303.533
303.505
303.476
303.449
303.421
303.394
303.368
303.342
303.316
303.29
303.265
303.241
303.216
303.192
303.168
303.144
303.121
303.098
303.075
303.052
303.029
303.007
302.984
302.962
302.938
302.917
310.525
309.623
308.856
308.283
307.909
307.709
307.637
307.646
307.707
307.787
307.867
307.935
307.986
308.02
308.038
308.046
308.051
308.059
308.077
308.111
308.162
308.228
308.304
308.38
308.437
308.459
308.439
308.35
308.184
307.925
307.557
307.078
306.499
305.84
305.161
304.581
304.449
304.382
304.323
304.266
304.212
304.162
304.114
304.068
304.025
303.983
303.944
303.905
303.868
303.832
303.797
303.763
303.729
303.696
303.664
303.633
303.602
303.571
303.541
303.512
303.483
303.454
303.426
303.399
303.372
303.345
303.319
303.293
303.268
303.243
303.218
303.193
303.169
303.145
303.122
303.098
303.075
303.052
303.029
303.006
302.983
302.958
302.929
302.903
310.539
309.665
308.925
308.37
308.007
307.81
307.74
307.75
307.81
307.891
307.971
308.039
308.09
308.121
308.137
308.144
308.146
308.152
308.168
308.2
308.249
308.314
308.391
308.472
308.54
308.575
308.574
308.509
308.37
308.14
307.798
307.338
306.767
306.086
305.287
304.208
304.454
304.451
304.393
304.329
304.267
304.21
304.156
304.106
304.059
304.014
303.971
303.93
303.89
303.852
303.815
303.779
303.744
303.709
303.676
303.643
303.611
303.58
303.549
303.518
303.489
303.46
303.431
303.403
303.376
303.349
303.322
303.296
303.27
303.245
303.22
303.195
303.17
303.146
303.122
303.099
303.075
303.052
303.029
303.006
302.982
302.955
302.926
302.901
310.551
309.705
308.992
308.457
308.106
307.914
307.844
307.854
307.914
307.994
308.074
308.142
308.19
308.22
308.234
308.238
308.238
308.242
308.256
308.286
308.333
308.398
308.474
308.557
308.633
308.679
308.691
308.648
308.534
308.33
308.012
307.571
307.01
306.34
305.587
304.819
304.683
304.568
304.472
304.391
304.32
304.257
304.198
304.144
304.092
304.044
303.998
303.954
303.912
303.871
303.832
303.795
303.758
303.722
303.687
303.653
303.62
303.588
303.556
303.525
303.495
303.465
303.436
303.408
303.38
303.352
303.325
303.298
303.272
303.247
303.221
303.196
303.171
303.147
303.123
303.099
303.076
303.052
303.029
303.006
302.981
302.954
302.925
302.902
310.567
309.752
309.067
308.553
308.212
308.023
307.951
307.959
308.018
308.097
308.176
308.242
308.289
308.316
308.328
308.33
308.329
308.331
308.343
308.371
308.416
308.478
308.553
308.636
308.716
308.771
308.795
308.77
308.678
308.499
308.209
307.791
307.243
306.59
305.888
305.253
304.883
304.67
304.54
304.447
304.371
304.303
304.24
304.181
304.126
304.074
304.025
303.978
303.933
303.891
303.849
303.81
303.772
303.734
303.698
303.663
303.629
303.596
303.564
303.532
303.501
303.471
303.441
303.412
303.383
303.355
303.328
303.301
303.274
303.248
303.223
303.197
303.172
303.148
303.124
303.1
303.076
303.052
303.029
303.006
302.981
302.955
302.927
302.906
310.586
309.805
309.149
308.654
308.321
308.134
308.06
308.064
308.12
308.199
308.276
308.34
308.384
308.409
308.419
308.42
308.417
308.418
308.429
308.454
308.496
308.555
308.627
308.708
308.791
308.853
308.886
308.876
308.805
308.65
308.384
307.986
307.448
306.788
306.064
305.403
304.929
304.7
304.577
304.491
304.417
304.348
304.282
304.219
304.16
304.104
304.051
304.002
303.954
303.909
303.866
303.825
303.785
303.746
303.709
303.673
303.638
303.604
303.571
303.538
303.506
303.476
303.445
303.416
303.387
303.358
303.331
303.303
303.276
303.25
303.224
303.198
303.173
303.148
303.124
303.1
303.076
303.052
303.029
303.006
302.982
302.957
302.931
302.911
310.606
309.862
309.236
308.76
308.436
308.249
308.171
308.17
308.221
308.297
308.372
308.435
308.477
308.5
308.509
308.508
308.505
308.504
308.513
308.536
308.575
308.63
308.698
308.776
308.858
308.925
308.966
308.968
308.913
308.779
308.539
308.174
307.661
306.996
306.208
305.408
304.751
304.638
304.584
304.527
304.462
304.394
304.325
304.258
304.194
304.134
304.078
304.025
303.975
303.927
303.882
303.839
303.798
303.758
303.719
303.682
303.646
303.611
303.577
303.544
303.512
303.48
303.45
303.42
303.39
303.361
303.333
303.305
303.278
303.251
303.225
303.199
303.174
303.149
303.124
303.1
303.076
303.052
303.029
303.006
302.982
302.958
302.932
302.912
310.626
309.924
309.331
308.872
308.556
308.368
308.284
308.276
308.32
308.393
308.466
308.527
308.568
308.589
308.597
308.596
308.592
308.59
308.598
308.618
308.653
308.704
308.767
308.841
308.919
308.988
309.035
309.048
309.01
308.9
308.695
308.368
307.887
307.237
306.399
305.365
304.112
304.529
304.594
304.568
304.512
304.442
304.369
304.297
304.228
304.163
304.103
304.047
303.994
303.944
303.897
303.852
303.809
303.768
303.729
303.691
303.654
303.618
303.584
303.55
303.517
303.485
303.454
303.423
303.393
303.364
303.335
303.307
303.28
303.252
303.226
303.2
303.174
303.149
303.124
303.099
303.075
303.052
303.028
303.005
302.982
302.958
302.932
302.91
310.649
309.987
309.425
308.986
308.679
308.49
308.4
308.385
308.419
308.487
308.557
308.616
308.656
308.677
308.684
308.682
308.678
308.677
308.683
308.7
308.732
308.777
308.836
308.904
308.981
309.049
309.099
309.119
309.094
309.006
308.83
308.543
308.112
307.505
306.724
305.847
305.041
304.744
304.673
304.63
304.57
304.495
304.415
304.336
304.261
304.192
304.127
304.068
304.012
303.96
303.911
303.865
303.821
303.778
303.738
303.699
303.661
303.625
303.589
303.555
303.522
303.489
303.457
303.426
303.396
303.366
303.337
303.309
303.281
303.253
303.227
303.2
303.174
303.149
303.124
303.099
303.075
303.051
303.028
303.005
302.982
302.959
302.937
302.919
310.671
310.054
309.525
309.105
308.805
308.616
308.519
308.495
308.519
308.579
308.647
308.704
308.743
308.764
308.771
308.77
308.765
308.763
308.768
308.783
308.811
308.851
308.904
308.967
309.039
309.105
309.156
309.182
309.168
309.098
308.949
308.697
308.307
307.749
307.037
306.229
305.4
304.716
304.699
304.688
304.631
304.55
304.461
304.374
304.293
304.218
304.15
304.087
304.029
303.974
303.924
303.876
303.83
303.787
303.746
303.706
303.668
303.631
303.595
303.56
303.526
303.493
303.461
303.429
303.399
303.368
303.339
303.31
303.282
303.254
303.227
303.2
303.174
303.148
303.123
303.098
303.074
303.05
303.027
303.004
302.982
302.961
302.941
302.928
310.695
310.119
309.621
309.224
308.933
308.744
308.642
308.609
308.622
308.672
308.736
308.791
308.83
308.85
308.858
308.858
308.854
308.852
308.855
308.867
308.89
308.926
308.972
309.03
309.095
309.158
309.21
309.239
309.233
309.178
309.051
308.829
308.474
307.962
307.304
306.514
305.539
303.997
304.655
304.753
304.699
304.606
304.505
304.41
304.322
304.242
304.169
304.103
304.043
303.987
303.935
303.886
303.839
303.795
303.753
303.713
303.674
303.636
303.6
303.564
303.53
303.496
303.464
303.432
303.401
303.37
303.34
303.311
303.283
303.255
303.227
303.2
303.174
303.148
303.122
303.097
303.073
303.049
303.026
303.003
302.981
302.96
302.941
302.927
310.718
310.187
309.724
309.345
309.064
308.877
308.769
308.726
308.729
308.766
308.824
308.879
308.917
308.939
308.947
308.947
308.944
308.942
308.944
308.954
308.972
309.001
309.041
309.093
309.152
309.21
309.26
309.291
309.292
309.249
309.137
308.931
308.595
308.119
307.511
306.777
305.958
305.175
305.017
304.906
304.784
304.66
304.544
304.439
304.345
304.261
304.186
304.117
304.055
303.997
303.944
303.894
303.847
303.802
303.759
303.718
303.679
303.641
303.604
303.568
303.533
303.499
303.466
303.434
303.403
303.372
303.342
303.312
303.283
303.255
303.227
303.2
303.173
303.147
303.121
303.096
303.072
303.048
303.025
303.002
302.98
302.958
302.935
302.915
310.741
310.249
309.817
309.465
309.197
309.011
308.898
308.848
308.841
308.865
308.913
308.965
309.005
309.028
309.038
309.04
309.038
309.036
309.037
309.043
309.057
309.08
309.113
309.158
309.21
309.264
309.311
309.342
309.345
309.308
309.205
309.006
308.678
308.207
307.602
306.91
306.219
305.626
305.269
305.032
304.85
304.7
304.572
304.46
304.362
304.275
304.197
304.128
304.064
304.006
303.951
303.901
303.853
303.808
303.765
303.723
303.683
303.645
303.607
303.571
303.536
303.502
303.468
303.436
303.404
303.373
303.342
303.313
303.283
303.255
303.227
303.199
303.172
303.145
303.12
303.094
303.07
303.046
303.023
303
302.978
302.955
302.928
302.9
310.763
310.314
309.916
309.582
309.327
309.148
309.032
308.974
308.958
308.971
309.008
309.054
309.094
309.12
309.133
309.136
309.135
309.133
309.133
309.136
309.146
309.164
309.189
309.228
309.274
309.321
309.364
309.393
309.396
309.362
309.263
309.07
308.751
308.287
307.691
307.013
306.342
305.776
305.372
305.085
304.876
304.714
304.581
304.468
304.369
304.282
304.204
304.134
304.07
304.011
303.957
303.906
303.858
303.812
303.769
303.727
303.687
303.648
303.61
303.574
303.538
303.504
303.47
303.437
303.405
303.374
303.343
303.313
303.283
303.254
303.226
303.198
303.171
303.144
303.118
303.092
303.067
303.043
303.02
302.998
302.977
302.955
302.931
302.909
310.784
310.371
310.006
309.703
309.464
309.288
309.173
309.108
309.082
309.086
309.111
309.15
309.188
309.216
309.231
309.236
309.236
309.234
309.233
309.234
309.241
309.252
309.273
309.303
309.343
309.383
309.421
309.445
309.446
309.411
309.315
309.125
308.808
308.342
307.738
307.053
306.357
305.763
305.346
305.055
304.85
304.695
304.569
304.461
304.366
304.282
304.206
304.136
304.073
304.014
303.96
303.909
303.861
303.816
303.772
303.73
303.69
303.651
303.613
303.576
303.54
303.505
303.471
303.438
303.406
303.374
303.343
303.313
303.283
303.254
303.225
303.197
303.169
303.142
303.115
303.089
303.064
303.04
303.017
302.995
302.974
302.953
302.931
302.915
310.805
310.432
310.1
309.821
309.601
309.436
309.322
309.251
309.216
309.21
309.226
309.255
309.288
309.316
309.333
309.34
309.342
309.34
309.339
309.338
309.342
309.348
309.363
309.386
309.418
309.452
309.482
309.5
309.496
309.459
309.359
309.165
308.84
308.364
307.732
306.993
306.239
305.595
305.196
304.942
304.772
304.643
304.535
304.44
304.354
304.274
304.202
304.134
304.072
304.015
303.961
303.911
303.863
303.818
303.774
303.732
303.692
303.653
303.615
303.578
303.541
303.506
303.472
303.438
303.406
303.374
303.342
303.312
303.282
303.252
303.223
303.195
303.167
303.139
303.113
303.086
303.061
303.036
303.013
302.991
302.969
302.949
302.928
302.913
310.825
310.489
310.192
309.945
309.745
309.589
309.477
309.403
309.361
309.345
309.352
309.373
309.4
309.425
309.441
309.45
309.452
309.452
309.45
309.448
309.448
309.452
309.462
309.476
309.499
309.526
309.548
309.558
309.546
309.498
309.389
309.182
308.84
308.328
307.645
306.844
306.001
305.255
304.917
304.755
304.651
304.565
304.485
304.408
304.333
304.261
304.193
304.129
304.069
304.013
303.961
303.911
303.864
303.819
303.776
303.734
303.693
303.654
303.616
303.578
303.542
303.506
303.472
303.438
303.405
303.373
303.341
303.311
303.281
303.251
303.222
303.193
303.165
303.137
303.109
303.083
303.057
303.031
303.008
302.985
302.964
302.944
302.927
302.914
310.845
310.549
310.287
310.072
309.89
309.746
309.638
309.565
309.519
309.493
309.492
309.505
309.525
309.544
309.557
309.564
309.567
309.567
309.565
309.562
309.559
309.561
309.566
309.573
309.586
309.603
309.617
309.617
309.596
309.538
309.414
309.188
308.819
308.263
307.504
306.593
305.592
304.632
304.521
304.523
304.509
304.474
304.425
304.367
304.305
304.242
304.18
304.12
304.064
304.01
303.959
303.91
303.864
303.819
303.776
303.735
303.694
303.655
303.616
303.579
303.542
303.506
303.471
303.437
303.404
303.371
303.34
303.309
303.279
303.249
303.22
303.191
303.162
303.134
303.106
303.078
303.052
303.026
303.001
302.978
302.957
302.938
302.923
302.913
310.867
310.612
310.387
310.201
310.037
309.908
309.808
309.738
309.69
309.655
309.645
309.651
309.662
309.675
309.682
309.686
309.687
309.685
309.682
309.677
309.673
309.671
309.671
309.673
309.676
309.682
309.686
309.676
309.642
309.568
309.423
309.171
308.772
308.196
307.41
306.434
305.267
303.582
304.141
304.327
304.384
304.388
304.364
304.323
304.274
304.22
304.165
304.11
304.056
304.005
303.955
303.908
303.863
303.819
303.776
303.735
303.694
303.655
303.616
303.578
303.541
303.505
303.469
303.435
303.402
303.369
303.338
303.307
303.277
303.247
303.217
303.188
303.159
303.13
303.102
303.074
303.046
303.019
302.993
302.969
302.947
302.928
302.913
302.905
310.888
310.675
310.488
310.328
310.188
310.075
309.985
309.917
309.869
309.827
309.809
309.807
309.81
309.814
309.815
309.813
309.809
309.805
309.798
309.792
309.784
309.778
309.773
309.77
309.766
309.761
309.752
309.73
309.68
309.585
309.415
309.126
308.681
308.076
307.314
306.378
305.274
303.909
304.151
304.257
304.304
304.317
304.307
304.28
304.242
304.197
304.148
304.098
304.048
303.999
303.951
303.905
303.861
303.818
303.775
303.734
303.694
303.654
303.616
303.577
303.54
303.503
303.467
303.432
303.398
303.366
303.335
303.304
303.274
303.245
303.215
303.186
303.156
303.127
303.098
303.069
303.04
303.011
302.984
302.958
302.934
302.913
302.897
302.888
310.912
310.741
310.587
310.453
310.339
310.241
310.161
310.097
310.05
310.006
309.98
309.968
309.961
309.956
309.949
309.941
309.932
309.922
309.911
309.9
309.888
309.877
309.867
309.858
309.847
309.832
309.81
309.772
309.703
309.585
309.383
309.063
308.593
307.966
307.204
306.333
305.411
304.541
304.299
304.243
304.247
304.257
304.255
304.239
304.21
304.173
304.131
304.085
304.039
303.993
303.947
303.902
303.859
303.816
303.774
303.733
303.693
303.654
303.614
303.576
303.538
303.5
303.463
303.428
303.394
303.362
303.331
303.301
303.271
303.242
303.212
303.183
303.153
303.123
303.093
303.063
303.033
303.003
302.973
302.944
302.917
302.892
302.874
302.863
310.934
310.801
310.679
310.572
310.48
310.399
310.328
310.271
310.225
310.179
310.147
310.125
310.108
310.093
310.079
310.063
310.047
310.031
310.013
309.995
309.978
309.962
309.947
309.932
309.913
309.888
309.851
309.794
309.706
309.561
309.324
308.963
308.474
307.862
307.14
306.332
305.5
304.765
304.291
304.183
304.181
304.197
304.205
304.199
304.181
304.151
304.115
304.074
304.031
303.987
303.943
303.899
303.857
303.814
303.773
303.732
303.692
303.652
303.613
303.574
303.535
303.496
303.458
303.422
303.387
303.355
303.326
303.297
303.268
303.239
303.21
303.18
303.15
303.12
303.089
303.058
303.027
302.995
302.962
302.929
302.897
302.867
302.843
302.829
310.953
310.857
310.767
310.683
310.605
310.536
310.475
310.424
310.378
310.331
310.294
310.264
310.24
310.219
310.195
310.17
310.146
310.123
310.098
310.071
310.046
310.024
310.004
309.984
309.96
309.922
309.87
309.795
309.685
309.516
309.258
308.886
308.398
307.801
307.106
306.344
305.56
304.8
304.06
304.059
304.099
304.136
304.159
304.164
304.154
304.132
304.101
304.064
304.024
303.982
303.939
303.897
303.855
303.813
303.772
303.731
303.69
303.65
303.61
303.571
303.531
303.491
303.452
303.413
303.378
303.347
303.319
303.292
303.265
303.236
303.208
303.178
303.148
303.117
303.086
303.053
303.02
302.986
302.95
302.913
302.875
302.837
302.805
302.785
310.951
310.875
310.847
310.799
310.731
310.648
310.586
310.537
310.483
310.44
310.4
310.358
310.339
310.322
310.301
310.265
310.23
310.201
310.163
310.121
310.085
310.057
310.03
310.011
309.984
309.933
309.865
309.772
309.653
309.474
309.212
308.846
308.357
307.754
307.081
306.377
305.653
304.909
304.103
303.977
304.026
304.083
304.12
304.136
304.133
304.117
304.09
304.056
304.019
303.978
303.937
303.895
303.853
303.811
303.77
303.729
303.688
303.648
303.608
303.568
303.528
303.486
303.444
303.402
303.363
303.336
303.312
303.287
303.262
303.234
303.206
303.176
303.146
303.114
303.082
303.049
303.015
302.979
302.94
302.898
302.852
302.805
302.76
302.729
310.896
310.743
310.846
310.952
311.036
310.865
310.69
310.607
310.517
310.492
310.435
310.312
310.313
310.347
310.432
310.427
310.391
310.358
310.225
310.129
310.058
310.035
310.022
310.006
309.983
309.93
309.875
309.781
309.644
309.443
309.175
308.822
308.378
307.835
307.233
306.578
305.886
305.193
304.428
303.689
303.931
304.039
304.094
304.118
304.12
304.107
304.082
304.052
304.016
303.977
303.936
303.895
303.852
303.81
303.768
303.727
303.686
303.645
303.605
303.565
303.525
303.483
303.437
303.388
303.338
303.321
303.304
303.283
303.259
303.232
303.204
303.175
303.144
303.113
303.08
303.047
303.011
302.973
302.932
302.885
302.833
302.774
302.71
302.656
310.919
310.84
310.898
310.923
310.845
310.726
310.653
310.594
310.529
310.499
310.462
310.407
310.385
310.374
310.368
310.331
310.299
310.268
310.185
310.084
310.017
310.013
310.028
310.002
309.99
309.925
309.884
309.783
309.629
309.411
309.141
308.798
308.361
307.835
307.241
306.59
305.901
305.22
304.537
303.945
303.961
304.03
304.082
304.108
304.112
304.098
304.073
304.046
304.014
303.98
303.946
303.901
303.856
303.812
303.764
303.719
303.676
303.637
303.6
303.565
303.532
303.489
303.433
303.379
303.253
303.3
303.297
303.28
303.258
303.231
303.203
303.174
303.143
303.111
303.079
303.045
303.008
302.969
302.926
302.877
302.818
302.746
302.661
302.574
310.936
310.89
310.88
310.841
310.767
310.7
310.652
310.598
310.544
310.509
310.476
310.438
310.41
310.379
310.341
310.296
310.256
310.221
310.174
310.114
310.061
310.033
310.029
310.012
309.975
309.914
309.823
309.698
309.536
309.319
309.034
308.669
308.219
307.693
307.097
306.445
305.763
305.091
304.485
304.088
304.035
304.062
304.093
304.107
304.106
304.091
304.068
304.041
304.009
303.975
303.936
303.893
303.848
303.802
303.757
303.713
303.672
303.634
303.599
303.562
303.525
303.481
303.427
303.357
303.28
303.292
303.292
303.278
303.256
303.231
303.203
303.174
303.144
303.112
303.079
303.045
303.009
302.97
302.926
302.876
302.816
302.742
302.657
302.571
310.962
310.914
310.865
310.805
310.747
310.697
310.648
310.594
310.543
310.501
310.463
310.427
310.393
310.355
310.312
310.269
310.227
310.188
310.15
310.113
310.078
310.047
310.023
309.993
309.951
309.883
309.783
309.656
309.497
309.29
309.022
308.681
308.264
307.775
307.221
306.619
305.991
305.377
304.824
304.405
304.197
304.122
304.107
304.107
304.105
304.095
304.076
304.05
304.018
303.981
303.94
303.898
303.854
303.81
303.766
303.721
303.678
303.637
303.596
303.555
303.513
303.467
303.416
303.365
303.315
303.3
303.293
303.281
303.263
303.239
303.214
303.186
303.156
303.124
303.092
303.057
303.021
302.982
302.937
302.884
302.821
302.746
302.665
302.595
310.958
310.896
310.846
310.797
310.751
310.708
310.663
310.616
310.569
310.527
310.486
310.449
310.414
310.378
310.341
310.302
310.262
310.222
310.184
310.147
310.112
310.079
310.05
310.017
309.963
309.841
309.663
309.465
309.241
308.971
308.635
308.229
307.756
307.228
306.658
306.068
305.481
304.956
304.546
304.286
304.165
304.121
304.109
304.104
304.095
304.079
304.056
304.026
303.993
303.957
303.919
303.881
303.842
303.803
303.766
303.731
303.695
303.659
303.623
303.585
303.546
303.504
303.457
303.401
303.346
303.316
303.296
303.279
303.259
303.236
303.21
303.183
303.154
303.125
303.095
303.064
303.03
302.992
302.949
302.897
302.832
302.755
302.674
302.612
310.962
310.898
310.847
310.8
310.754
310.71
310.664
310.616
310.57
310.528
310.487
310.449
310.413
310.378
310.342
310.304
310.265
310.225
310.185
310.148
310.114
310.082
310.052
310.02
309.961
309.822
309.601
309.348
309.088
308.811
308.458
308.035
307.55
307.019
306.459
305.898
305.364
304.899
304.538
304.307
304.192
304.143
304.123
304.111
304.097
304.078
304.053
304.023
303.99
303.955
303.917
303.879
303.841
303.803
303.766
303.73
303.695
303.659
303.623
303.586
303.548
303.508
303.465
303.413
303.361
303.323
303.299
303.28
303.258
303.233
303.207
303.18
303.152
303.123
303.093
303.062
303.029
302.991
302.948
302.897
302.833
302.757
302.681
302.624
310.969
310.915
310.864
310.813
310.762
310.711
310.661
310.613
310.567
310.523
310.481
310.441
310.404
310.368
310.332
310.296
310.258
310.219
310.18
310.14
310.101
310.059
310.019
309.992
309.939
309.775
309.466
309.098
308.787
308.518
308.198
307.823
307.386
306.898
306.382
305.885
305.439
305.048
304.725
304.489
304.342
304.254
304.197
304.155
304.121
304.089
304.057
304.024
303.99
303.954
303.917
303.879
303.84
303.802
303.765
303.729
303.694
303.66
303.625
303.589
303.552
303.513
303.471
303.428
303.386
303.348
303.314
303.284
303.253
303.222
303.193
303.165
303.138
303.109
303.079
303.047
303.012
302.973
302.931
302.882
302.827
302.768
302.715
302.678
310.974
310.923
310.871
310.817
310.762
310.708
310.657
310.61
310.565
310.521
310.478
310.438
310.4
310.362
310.326
310.288
310.251
310.212
310.172
310.132
310.09
310.046
310
309.959
309.902
309.71
309.359
309.002
308.691
308.398
308.085
307.731
307.33
306.892
306.439
305.996
305.576
305.192
304.861
304.61
304.44
304.326
304.245
304.186
304.139
304.098
304.061
304.025
303.989
303.952
303.915
303.877
303.839
303.801
303.765
303.73
303.695
303.661
303.626
303.591
303.554
303.515
303.475
303.436
303.399
303.363
303.325
303.289
303.252
303.217
303.187
303.159
303.132
303.103
303.072
303.039
303.003
302.964
302.921
302.876
302.828
302.782
302.742
302.716
310.976
310.925
310.872
310.816
310.76
310.705
310.654
310.608
310.563
310.52
310.477
310.437
310.398
310.36
310.322
310.285
310.246
310.207
310.167
310.127
310.085
310.04
309.992
309.939
309.861
309.647
309.305
308.98
308.681
308.376
308.05
307.693
307.302
306.886
306.457
306.031
305.623
305.245
304.919
304.666
304.485
304.358
304.267
304.2
304.147
304.103
304.064
304.026
303.988
303.951
303.914
303.876
303.838
303.801
303.765
303.73
303.696
303.661
303.627
303.591
303.554
303.516
303.477
303.438
303.402
303.367
303.331
303.293
303.253
303.217
303.186
303.158
303.129
303.1
303.069
303.036
303
302.96
302.918
302.875
302.832
302.791
302.756
302.736
)
;

boundaryField
{
    hot
    {
        type            fixedValue;
        value           uniform 311;
    }
    hotTop
    {
        type            fixedValue;
        value           uniform 311;
    }
    cold
    {
        type            inletOutlet;
        inletValue      uniform 301.3;
        value           nonuniform List<scalar> 
64
(
302.932
302.931
302.923
301.3
302.907
302.799
302.915
302.925
302.919
302.914
302.918
302.92
302.914
302.906
302.914
302.922
302.923
302.922
302.921
302.908
302.871
302.91
302.927
302.928
302.927
302.926
302.926
302.927
302.927
302.927
302.924
302.912
302.894
302.896
302.89
302.895
302.837
302.91
302.917
302.903
302.901
302.902
302.906
302.911
302.912
302.91
302.919
302.928
302.927
302.915
302.9
302.909
302.915
302.913
302.914
302.913
302.905
302.888
302.863
302.829
302.785
302.729
302.656
302.574
)
;
    }
    coldTop
    {
        type            zeroGradient;
    }
    top
    {
        type            zeroGradient;
    }
    btm
    {
        type            zeroGradient;
    }
    frontAndBack
    {
        type            empty;
    }
}


// ************************************************************************* //
