/*--------------------------------*- C++ -*----------------------------------*\
  =========                 |
  \\      /  F ield         | OpenFOAM: The Open Source CFD Toolbox
   \\    /   O peration     | Website:  https://openfoam.org
    \\  /    A nd           | Version:  6
     \\/     M anipulation  |
\*---------------------------------------------------------------------------*/
FoamFile
{
    version     2.0;
    format      ascii;
    class       volVectorField;
    location    "4500";
    object      S_Marg;
}
// * * * * * * * * * * * * * * * * * * * * * * * * * * * * * * * * * * * * * //

dimensions      [1 -2 -2 0 0 0 0];

internalField   nonuniform List<vector> 
4800
(
(0 -0 0)
(1.65325e-15 -0 4.86208e-18)
(0 -0 0)
(0 -0 0)
(0 -0 0)
(0 -0 0)
(0 -0 0)
(0 -0 0)
(0 -0 0)
(0 -0 0)
(0 -0 0)
(0 -0 0)
(0 -0 0)
(0 -0 0)
(1.09825e-15 -0 1.08701e-18)
(0 -0 -0)
(0 -0 -0)
(7.36643e-16 -0 -1.93792e-17)
(0 -0 -0)
(0 -0 -0)
(4.89827e-16 -0 -2.89585e-17)
(0 -0 -0)
(0 -0 -0)
(0 -0 -0)
(0 -0 -0)
(0 -0 -0)
(0 -0 -0)
(0 -0 -0)
(3.31108e-16 -0 -3.60734e-17)
(0 -0 -0)
(0 -0 -0)
(0 -0 -0)
(0 -0 -0)
(0 -0 -0)
(4.39319e-16 -0 -2.97572e-17)
(0 -0 -0)
(0 -0 -0)
(0 -0 -0)
(0 -0 -0)
(0 -0 -0)
(6.35327e-16 -0 -2.80028e-17)
(0 -0 -0)
(0 -0 -0)
(0 -0 -0)
(0 -0 -0)
(0 -0 -0)
(0 -0 -0)
(0 -0 -0)
(0 -0 -0)
(0 -0 -0)
(0 -0 -0)
(0 -0 -0)
(0 -0 -0)
(0 -0 -0)
(0 -0 -0)
(0 -0 -0)
(0 -0 -0)
(0 -0 -0)
(0 -0 -0)
(0 -0 -0)
(0 -0 -0)
(0 -0 -0)
(0 -0 -0)
(0 -0 -0)
(0 -0 -0)
(0 -0 -0)
(0 -0 -0)
(0 -0 -0)
(0 -0 0)
(0 -0 0)
(0 -0 0)
(0 -0 0)
(0 -0 0)
(0 -0 0)
(0 -0 0)
(0 -0 0)
(0 -0 0)
(0 -0 0)
(0 -0 0)
(2.3257e-05 -0 4.38681e-07)
(2.76675 -0 0.036076)
(2.73636 -0 0.0207885)
(0 -0 0)
(0 -0 0)
(0 -0 0)
(0 -0 0)
(0 -0 0)
(0 -0 0)
(0 -0 0)
(0 -0 0)
(0 -0 -0)
(0 -0 -0)
(0 -0 0)
(0 -0 0)
(0 -0 0)
(0 -0 0)
(0 -0 0)
(0 -0 0)
(0 -0 0)
(0 -0 0)
(0 -0 0)
(0 -0 0)
(0 -0 0)
(0 -0 0)
(0 -0 0)
(0 -0 0)
(0 -0 0)
(0 -0 0)
(0 -0 0)
(0 -0 0)
(0 -0 0)
(0 -0 0)
(0 -0 0)
(0 -0 0)
(0 -0 0)
(0 -0 0)
(0 -0 0)
(0 -0 0)
(0 -0 0)
(0 -0 0)
(1.65107e-15 -0 4.60848e-18)
(0 -0 0)
(0 -0 0)
(0 -0 0)
(0 -0 0)
(0 -0 0)
(0 -0 0)
(0 -0 0)
(0 -0 0)
(0 -0 0)
(0 -0 0)
(0 -0 0)
(0 -0 0)
(0 -0 -0)
(0 -0 -0)
(0 -0 -0)
(0 -0 -0)
(0 -0 -0)
(0 -0 -0)
(0 -0 -0)
(0 -0 -0)
(0 -0 -0)
(0 -0 -0)
(0 -0 -0)
(0 -0 -0)
(0 -0 -0)
(0 -0 -0)
(0 -0 -0)
(0 -0 -0)
(0 -0 -0)
(0 -0 -0)
(0 -0 -0)
(0 -0 -0)
(0 -0 -0)
(0 -0 -0)
(0 -0 -0)
(0 -0 -0)
(0 -0 -0)
(0 -0 -0)
(0 -0 -0)
(0 -0 -0)
(0 -0 -0)
(0 -0 -0)
(0 -0 -0)
(0 -0 -0)
(0 -0 -0)
(0 -0 -0)
(0 -0 -0)
(0 -0 -0)
(0 -0 -0)
(0 -0 -0)
(0 -0 -0)
(0 -0 -0)
(0 -0 -0)
(0 -0 -0)
(0 -0 -0)
(0 -0 -0)
(0 -0 -0)
(0 -0 -0)
(0 -0 -0)
(0 -0 -0)
(0 -0 -0)
(0 -0 -0)
(0 -0 -0)
(0 -0 -0)
(0 -0 -0)
(0 -0 -0)
(0 -0 -0)
(0 -0 0)
(0 -0 0)
(0 -0 0)
(0 -0 0)
(0 -0 0)
(0 -0 0)
(0 -0 0)
(0 -0 0)
(0 -0 0)
(0 -0 0)
(0 -0 0)
(2.50462e-05 -0 1.17164e-06)
(2.7359 -0 0.0888204)
(2.71302 -0 0.0552951)
(0 -0 0)
(0 -0 0)
(0 -0 0)
(0 -0 0)
(0 -0 0)
(0 -0 0)
(0 -0 0)
(0 -0 -0)
(0 -0 -0)
(0 -0 -0)
(0 -0 0)
(0 -0 0)
(0 -0 0)
(0 -0 0)
(0 -0 0)
(0 -0 0)
(0 -0 0)
(0 -0 0)
(0 -0 0)
(0 -0 0)
(0 -0 0)
(0 -0 0)
(0 -0 0)
(0 -0 0)
(0 -0 0)
(0 -0 0)
(0 -0 0)
(0 -0 0)
(0 -0 0)
(0 -0 0)
(0 -0 0)
(0 -0 0)
(0 -0 0)
(0 -0 0)
(0 -0 0)
(0 -0 0)
(0 -0 0)
(0 -0 0)
(0 -0 0)
(0 -0 0)
(0 -0 0)
(0 -0 0)
(0 -0 0)
(0 -0 0)
(0 -0 0)
(0 -0 0)
(0 -0 0)
(0 -0 0)
(0 -0 0)
(0 -0 -0)
(0 -0 -0)
(0 -0 -0)
(0 -0 -0)
(0 -0 -0)
(0 -0 -0)
(0 -0 -0)
(0 -0 -0)
(0 -0 -0)
(0 -0 -0)
(0 -0 -0)
(0 -0 -0)
(0 -0 -0)
(0 -0 -0)
(0 -0 -0)
(0 -0 -0)
(0 -0 -0)
(0 -0 -0)
(0 -0 -0)
(0 -0 -0)
(0 -0 -0)
(0 -0 -0)
(0 -0 -0)
(0 -0 -0)
(0 -0 -0)
(0 -0 -0)
(0 -0 -0)
(0 -0 -0)
(0 -0 -0)
(0 -0 -0)
(0 -0 -0)
(0 -0 -0)
(0 -0 -0)
(0 -0 -0)
(0 -0 -0)
(0 -0 -0)
(0 -0 -0)
(0 -0 -0)
(0 -0 -0)
(0 -0 -0)
(0 -0 -0)
(0 -0 -0)
(0 -0 -0)
(0 -0 -0)
(0 -0 -0)
(0 -0 -0)
(0 -0 -0)
(0 -0 -0)
(0 -0 -0)
(0 -0 -0)
(0 -0 -0)
(0 -0 -0)
(0 -0 -0)
(0 -0 -0)
(0 -0 -0)
(0 -0 -0)
(0 -0 -0)
(0 -0 -0)
(0 -0 0)
(0 -0 0)
(0 -0 0)
(0 -0 0)
(0 -0 0)
(0 -0 0)
(0 -0 0)
(0 -0 0)
(0 -0 0)
(0 -0 0)
(2.75107e-05 -0 1.66086e-06)
(2.69512 -0 0.115147)
(2.68259 -0 0.0770073)
(0 -0 0)
(0 -0 0)
(0 -0 0)
(0 -0 0)
(0 -0 0)
(0 -0 0)
(0 -0 0)
(0 -0 -0)
(0 -0 -0)
(0 -0 -0)
(0 -0 0)
(0 -0 0)
(0 -0 0)
(0 -0 0)
(0 -0 0)
(0 -0 0)
(0 -0 0)
(0 -0 0)
(0 -0 0)
(0 -0 0)
(0 -0 0)
(0 -0 0)
(0 -0 0)
(0 -0 0)
(0 -0 0)
(0 -0 0)
(0 -0 0)
(0 -0 0)
(0 -0 0)
(0 -0 0)
(0 -0 0)
(0 -0 0)
(0 -0 0)
(0 -0 0)
(0 -0 0)
(0 -0 0)
(0 -0 0)
(0 -0 0)
(0 -0 0)
(0 -0 0)
(0 -0 0)
(0 -0 0)
(0 -0 0)
(0 -0 0)
(0 -0 0)
(0 -0 0)
(0 -0 0)
(0 -0 0)
(0 -0 -0)
(0 -0 -0)
(0 -0 -0)
(0 -0 -0)
(0 -0 -0)
(0 -0 -0)
(0 -0 -0)
(0 -0 -0)
(0 -0 -0)
(0 -0 -0)
(0 -0 -0)
(0 -0 -0)
(0 -0 -0)
(0 -0 -0)
(0 -0 -0)
(0 -0 -0)
(0 -0 -0)
(0 -0 -0)
(0 -0 -0)
(0 -0 -0)
(0 -0 -0)
(0 -0 -0)
(0 -0 -0)
(0 -0 -0)
(0 -0 -0)
(0 -0 -0)
(0 -0 -0)
(0 -0 -0)
(0 -0 -0)
(0 -0 -0)
(0 -0 -0)
(0 -0 -0)
(0 -0 -0)
(0 -0 -0)
(0 -0 -0)
(0 -0 -0)
(0 -0 -0)
(0 -0 -0)
(0 -0 -0)
(0 -0 -0)
(0 -0 -0)
(0 -0 -0)
(0 -0 -0)
(0 -0 -0)
(0 -0 -0)
(0 -0 -0)
(0 -0 -0)
(0 -0 -0)
(0 -0 -0)
(0 -0 -0)
(0 -0 -0)
(0 -0 -0)
(0 -0 -0)
(0 -0 -0)
(0 -0 -0)
(0 -0 -0)
(0 -0 -0)
(0 -0 -0)
(0 -0 -0)
(0 -0 -0)
(0 -0 0)
(0 -0 0)
(0 -0 0)
(0 -0 0)
(0 -0 0)
(0 -0 0)
(0 -0 0)
(0 -0 0)
(0 -0 0)
(3.03571e-05 -0 2.0325e-06)
(2.65176 -0 0.127805)
(2.64822 -0 0.0879654)
(0 -0 0)
(0 -0 0)
(0 -0 0)
(0 -0 0)
(0 -0 0)
(0 -0 0)
(0 -0 -0)
(0 -0 -0)
(0 -0 -0)
(0 -0 -0)
(0 -0 0)
(0 -0 0)
(0 -0 0)
(0 -0 0)
(0 -0 0)
(0 -0 0)
(0 -0 0)
(0 -0 0)
(0 -0 0)
(0 -0 0)
(0 -0 0)
(0 -0 0)
(0 -0 0)
(0 -0 0)
(0 -0 0)
(0 -0 0)
(0 -0 0)
(0 -0 0)
(0 -0 0)
(0 -0 0)
(0 -0 0)
(0 -0 0)
(0 -0 0)
(0 -0 0)
(0 -0 0)
(0 -0 0)
(0 -0 0)
(0 -0 0)
(0 -0 0)
(0 -0 0)
(0 -0 0)
(0 -0 0)
(0 -0 0)
(0 -0 0)
(0 -0 0)
(0 -0 0)
(0 -0 0)
(0 -0 -0)
(0 -0 -0)
(0 -0 -0)
(0 -0 -0)
(0 -0 -0)
(0 -0 -0)
(0 -0 -0)
(0 -0 -0)
(0 -0 -0)
(0 -0 -0)
(0 -0 -0)
(0 -0 -0)
(0 -0 -0)
(0 -0 -0)
(0 -0 -0)
(0 -0 -0)
(0 -0 -0)
(0 -0 -0)
(0 -0 -0)
(0 -0 -0)
(0 -0 -0)
(0 -0 -0)
(0 -0 -0)
(0 -0 -0)
(0 -0 -0)
(0 -0 -0)
(0 -0 -0)
(0 -0 -0)
(0 -0 -0)
(0 -0 -0)
(0 -0 -0)
(0 -0 -0)
(0 -0 -0)
(0 -0 -0)
(0 -0 -0)
(0 -0 -0)
(0 -0 -0)
(0 -0 -0)
(0 -0 -0)
(0 -0 -0)
(0 -0 -0)
(0 -0 -0)
(0 -0 -0)
(0 -0 -0)
(0 -0 -0)
(0 -0 -0)
(0 -0 -0)
(0 -0 -0)
(0 -0 -0)
(0 -0 -0)
(0 -0 -0)
(0 -0 -0)
(0 -0 -0)
(0 -0 -0)
(0 -0 -0)
(0 -0 -0)
(0 -0 -0)
(0 -0 -0)
(0 -0 -0)
(0 -0 -0)
(0 -0 -0)
(0 -0 -0)
(0 -0 0)
(0 -0 0)
(0 -0 0)
(0 -0 0)
(0 -0 0)
(0 -0 0)
(0 -0 0)
(0 -0 0)
(3.32017e-05 -0 2.37196e-06)
(2.60755 -0 0.13352)
(2.61263 -0 0.0900691)
(0 -0 0)
(0 -0 0)
(0 -0 0)
(0 -0 0)
(0 -0 0)
(0 -0 -0)
(0 -0 -0)
(0 -0 -0)
(0 -0 -0)
(0 -0 -0)
(0 -0 0)
(0 -0 0)
(0 -0 0)
(0 -0 0)
(0 -0 0)
(0 -0 0)
(0 -0 0)
(0 -0 0)
(0 -0 0)
(0 -0 0)
(0 -0 0)
(0 -0 0)
(0 -0 0)
(0 -0 0)
(0 -0 0)
(0 -0 0)
(0 -0 0)
(0 -0 0)
(0 -0 0)
(0 -0 0)
(0 -0 0)
(0 -0 0)
(0 -0 0)
(0 -0 0)
(0 -0 0)
(0 -0 0)
(0 -0 0)
(0 -0 0)
(0 -0 0)
(0 -0 0)
(0 -0 0)
(0 -0 0)
(0 -0 0)
(0 -0 0)
(0 -0 0)
(0 -0 -0)
(0 -0 -0)
(0 -0 -0)
(0 -0 -0)
(0 -0 -0)
(0 -0 -0)
(0 -0 -0)
(0 -0 -0)
(0 -0 -0)
(0 -0 -0)
(0 -0 -0)
(0 -0 -0)
(0 -0 -0)
(0 -0 -0)
(0 -0 -0)
(0 -0 -0)
(0 -0 -0)
(0 -0 -0)
(0 -0 -0)
(0 -0 -0)
(0 -0 -0)
(0 -0 -0)
(0 -0 -0)
(0 -0 -0)
(0 -0 -0)
(0 -0 -0)
(0 -0 -0)
(0 -0 -0)
(0 -0 -0)
(0 -0 -0)
(0 -0 -0)
(0 -0 -0)
(0 -0 -0)
(0 -0 -0)
(0 -0 -0)
(0 -0 -0)
(0 -0 -0)
(0 -0 -0)
(0 -0 -0)
(0 -0 -0)
(0 -0 -0)
(0 -0 -0)
(0 -0 -0)
(0 -0 -0)
(0 -0 -0)
(0 -0 -0)
(0 -0 -0)
(0 -0 -0)
(0 -0 -0)
(0 -0 -0)
(0 -0 -0)
(0 -0 -0)
(0 -0 -0)
(0 -0 -0)
(0 -0 -0)
(0 -0 -0)
(0 -0 -0)
(0 -0 -0)
(0 -0 -0)
(0 -0 -0)
(0 -0 -0)
(0 -0 -0)
(0 -0 -0)
(0 -0 -0)
(0 -0 0)
(0 -0 0)
(0 -0 0)
(0 -0 0)
(0 -0 0)
(0 -0 0)
(0 -0 0)
(0 -0 0)
(3.60728e-05 -0 2.6122e-06)
(2.55814 -0 0.130969)
(2.57212 -0 0.0823046)
(0 -0 0)
(0 -0 0)
(0 -0 0)
(0 -0 -0)
(0 -0 -0)
(0 -0 -0)
(0 -0 -0)
(0 -0 -0)
(0 -0 -0)
(0 -0 -0)
(0 -0 0)
(0 -0 0)
(0 -0 0)
(0 -0 0)
(0 -0 0)
(0 -0 0)
(0 -0 0)
(0 -0 0)
(0 -0 0)
(0 -0 0)
(0 -0 0)
(0 -0 0)
(0 -0 0)
(0 -0 0)
(0 -0 0)
(0 -0 0)
(0 -0 0)
(0 -0 0)
(0 -0 0)
(0 -0 0)
(0 -0 0)
(0 -0 0)
(0 -0 0)
(0 -0 0)
(0 -0 0)
(0 -0 0)
(0 -0 0)
(0 -0 0)
(0 -0 0)
(0 -0 0)
(0 -0 0)
(0 -0 0)
(0 -0 0)
(0 -0 -0)
(0 -0 -0)
(0 -0 -0)
(0 -0 -0)
(0 -0 -0)
(0 -0 -0)
(0 -0 -0)
(0 -0 -0)
(0 -0 -0)
(0 -0 -0)
(0 -0 -0)
(0 -0 -0)
(0 -0 -0)
(0 -0 -0)
(0 -0 -0)
(0 -0 -0)
(0 -0 -0)
(0 -0 -0)
(0 -0 -0)
(0 -0 -0)
(0 -0 -0)
(0 -0 -0)
(0 -0 -0)
(0 -0 -0)
(0 -0 -0)
(0 -0 -0)
(0 -0 -0)
(0 -0 -0)
(0 -0 -0)
(0 -0 -0)
(0 -0 -0)
(0 -0 -0)
(0 -0 -0)
(0 -0 -0)
(0 -0 -0)
(0 -0 -0)
(0 -0 -0)
(0 -0 -0)
(0 -0 -0)
(0 -0 -0)
(0 -0 -0)
(0 -0 -0)
(0 -0 -0)
(0 -0 -0)
(0 -0 -0)
(0 -0 -0)
(0 -0 -0)
(0 -0 -0)
(0 -0 -0)
(0 -0 -0)
(0 -0 -0)
(0 -0 -0)
(0 -0 -0)
(0 -0 -0)
(0 -0 -0)
(0 -0 -0)
(0 -0 -0)
(0 -0 -0)
(0 -0 -0)
(0 -0 -0)
(0 -0 -0)
(0 -0 -0)
(0 -0 -0)
(0 -0 -0)
(0 -0 -0)
(0 -0 -0)
(0 -0 -0)
(0 -0 0)
(0 -0 0)
(0 -0 0)
(0 -0 0)
(0 -0 0)
(0 -0 0)
(0 -0 0)
(3.85972e-05 -0 2.48507e-06)
(2.5072 -0 0.109467)
(2.52991 -0 0.0608539)
(0 -0 0)
(0 -0 0)
(0 -0 -0)
(0 -0 -0)
(0 -0 -0)
(0 -0 -0)
(0 -0 -0)
(0 -0 -0)
(0 -0 -0)
(0 -0 -0)
(0 -0 0)
(0 -0 0)
(0 -0 0)
(0 -0 0)
(0 -0 0)
(0 -0 0)
(0 -0 0)
(0 -0 0)
(0 -0 0)
(0 -0 0)
(0 -0 0)
(0 -0 0)
(0 -0 0)
(0 -0 0)
(0 -0 0)
(0 -0 0)
(0 -0 0)
(0 -0 0)
(0 -0 0)
(0 -0 0)
(0 -0 0)
(0 -0 0)
(0 -0 0)
(0 -0 0)
(0 -0 0)
(0 -0 0)
(0 -0 0)
(0 -0 0)
(0 -0 -0)
(0 -0 -0)
(0 -0 -0)
(0 -0 -0)
(0 -0 -0)
(0 -0 -0)
(0 -0 -0)
(0 -0 -0)
(0 -0 -0)
(0 -0 -0)
(0 -0 -0)
(0 -0 -0)
(0 -0 -0)
(0 -0 -0)
(0 -0 -0)
(0 -0 -0)
(0 -0 -0)
(0 -0 -0)
(0 -0 -0)
(0 -0 -0)
(0 -0 -0)
(0 -0 -0)
(0 -0 -0)
(0 -0 -0)
(0 -0 -0)
(0 -0 -0)
(0 -0 -0)
(0 -0 -0)
(0 -0 -0)
(0 -0 -0)
(0 -0 -0)
(0 -0 -0)
(0 -0 -0)
(0 -0 -0)
(0 -0 -0)
(0 -0 -0)
(0 -0 -0)
(0 -0 -0)
(0 -0 -0)
(0 -0 -0)
(0 -0 -0)
(0 -0 -0)
(0 -0 -0)
(0 -0 -0)
(0 -0 -0)
(0 -0 -0)
(0 -0 -0)
(0 -0 -0)
(0 -0 -0)
(0 -0 -0)
(0 -0 -0)
(0 -0 -0)
(0 -0 -0)
(0 -0 -0)
(0 -0 -0)
(0 -0 -0)
(0 -0 -0)
(0 -0 -0)
(0 -0 -0)
(0 -0 -0)
(0 -0 -0)
(0 -0 -0)
(0 -0 -0)
(0 -0 -0)
(0 -0 -0)
(0 -0 -0)
(0 -0 -0)
(0 -0 -0)
(0 -0 -0)
(0 -0 -0)
(0 -0 -0)
(0 -0 -0)
(0 -0 -0)
(0 -0 -0)
(0 -0 0)
(0 -0 0)
(0 -0 0)
(0 -0 0)
(0 -0 0)
(4.02693e-05 -0 1.69583e-06)
(2.45952 -0 0.0621715)
(2.49156 -0 0.0235097)
(0 -0 -0)
(0 -0 -0)
(0 -0 -0)
(0 -0 -0)
(0 -0 -0)
(0 -0 -0)
(0 -0 -0)
(0 -0 -0)
(0 -0 -0)
(0 -0 -0)
(0 -0 0)
(0 -0 0)
(0 -0 0)
(0 -0 0)
(0 -0 0)
(0 -0 0)
(0 -0 0)
(0 -0 0)
(0 -0 0)
(0 -0 0)
(0 -0 0)
(0 -0 0)
(0 -0 0)
(0 -0 0)
(0 -0 0)
(0 -0 0)
(0 -0 0)
(0 -0 0)
(0 -0 0)
(0 -0 0)
(0 -0 0)
(0 -0 0)
(0 -0 0)
(0 -0 0)
(0 -0 0)
(0 -0 0)
(0 -0 0)
(0 -0 0)
(0 -0 -0)
(0 -0 -0)
(0 -0 -0)
(0 -0 -0)
(0 -0 -0)
(0 -0 -0)
(0 -0 -0)
(0 -0 -0)
(0 -0 -0)
(0 -0 -0)
(0 -0 -0)
(0 -0 -0)
(0 -0 -0)
(0 -0 -0)
(0 -0 -0)
(0 -0 -0)
(0 -0 -0)
(0 -0 -0)
(0 -0 -0)
(0 -0 -0)
(0 -0 -0)
(0 -0 -0)
(0 -0 -0)
(0 -0 -0)
(0 -0 -0)
(0 -0 -0)
(0 -0 -0)
(0 -0 -0)
(0 -0 -0)
(0 -0 -0)
(0 -0 -0)
(0 -0 -0)
(0 -0 -0)
(0 -0 -0)
(0 -0 -0)
(0 -0 -0)
(0 -0 -0)
(0 -0 -0)
(0 -0 -0)
(0 -0 -0)
(0 -0 -0)
(0 -0 -0)
(0 -0 -0)
(0 -0 -0)
(0 -0 -0)
(0 -0 -0)
(0 -0 -0)
(0 -0 -0)
(0 -0 -0)
(0 -0 -0)
(0 -0 -0)
(0 -0 -0)
(0 -0 -0)
(0 -0 -0)
(0 -0 -0)
(0 -0 -0)
(0 -0 -0)
(0 -0 -0)
(0 -0 -0)
(0 -0 -0)
(0 -0 -0)
(0 -0 -0)
(0 -0 -0)
(0 -0 -0)
(0 -0 -0)
(0 -0 -0)
(0 -0 -0)
(0 -0 -0)
(0 -0 -0)
(0 -0 -0)
(0 -0 -0)
(0 -0 -0)
(0 -0 -0)
(0 -0 -0)
(0 -0 -0)
(0 -0 -0)
(0 -0 0)
(0 -0 0)
(0 -0 0)
(4.04834e-05 -0 3.64811e-07)
(2.42814 -0 -0.00427505)
(2.4665 -0 -0.027394)
(0 -0 -0)
(0 -0 -0)
(0 -0 -0)
(0 -0 -0)
(0 -0 -0)
(0 -0 -0)
(0 -0 -0)
(0 -0 -0)
(0 -0 -0)
(0 -0 -0)
(0 -0 0)
(0 -0 0)
(0 -0 0)
(0 -0 0)
(0 -0 0)
(0 -0 0)
(0 -0 0)
(0 -0 0)
(0 -0 0)
(0 -0 0)
(0 -0 0)
(0 -0 0)
(0 -0 0)
(0 -0 0)
(0 -0 0)
(0 -0 0)
(0 -0 0)
(0 -0 0)
(0 -0 0)
(0 -0 0)
(0 -0 0)
(0 -0 0)
(0 -0 0)
(0 -0 0)
(0 -0 0)
(0 -0 0)
(0 -0 0)
(0 -0 0)
(0 -0 -0)
(0 -0 -0)
(0 -0 -0)
(0 -0 -0)
(0 -0 -0)
(0 -0 -0)
(0 -0 -0)
(0 -0 -0)
(0 -0 -0)
(0 -0 -0)
(0 -0 -0)
(0 -0 -0)
(0 -0 -0)
(0 -0 -0)
(0 -0 -0)
(0 -0 -0)
(0 -0 -0)
(0 -0 -0)
(0 -0 -0)
(0 -0 -0)
(0 -0 -0)
(0 -0 -0)
(0 -0 -0)
(0 -0 -0)
(0 -0 -0)
(0 -0 -0)
(0 -0 -0)
(0 -0 -0)
(0 -0 -0)
(0 -0 -0)
(0 -0 -0)
(0 -0 -0)
(0 -0 -0)
(0 -0 -0)
(0 -0 -0)
(0 -0 -0)
(0 -0 -0)
(0 -0 -0)
(0 -0 -0)
(0 -0 -0)
(0 -0 -0)
(0 -0 -0)
(0 -0 -0)
(0 -0 -0)
(0 -0 -0)
(0 -0 -0)
(0 -0 -0)
(0 -0 -0)
(0 -0 -0)
(0 -0 -0)
(0 -0 -0)
(0 -0 -0)
(0 -0 -0)
(0 -0 -0)
(0 -0 -0)
(0 -0 -0)
(0 -0 -0)
(0 -0 -0)
(0 -0 -0)
(0 -0 -0)
(0 -0 -0)
(0 -0 -0)
(0 -0 -0)
(0 -0 -0)
(0 -0 -0)
(0 -0 -0)
(0 -0 -0)
(0 -0 -0)
(0 -0 -0)
(0 -0 -0)
(0 -0 -0)
(0 -0 -0)
(0 -0 -0)
(0 -0 -0)
(0 -0 -0)
(0 -0 -0)
(0 -0 -0)
(0 -0 -0)
(0 -0 -0)
(3.92299e-05 -0 -1.21454e-06)
(2.41048 -0 -0.0821538)
(2.45487 -0 -0.0882868)
(0 -0 -0)
(0 -0 -0)
(0 -0 -0)
(0 -0 -0)
(0 -0 -0)
(0 -0 -0)
(0 -0 -0)
(0 -0 -0)
(0 -0 -0)
(0 -0 -0)
(0 -0 0)
(0 -0 0)
(0 -0 0)
(0 -0 0)
(0 -0 0)
(0 -0 0)
(0 -0 0)
(0 -0 0)
(0 -0 0)
(0 -0 0)
(0 -0 0)
(0 -0 0)
(0 -0 0)
(0 -0 0)
(0 -0 0)
(0 -0 0)
(0 -0 0)
(0 -0 0)
(0 -0 0)
(0 -0 0)
(0 -0 0)
(0 -0 0)
(0 -0 0)
(0 -0 0)
(0 -0 0)
(0 -0 0)
(0 -0 0)
(0 -0 0)
(0 -0 -0)
(0 -0 -0)
(0 -0 -0)
(0 -0 -0)
(0 -0 -0)
(0 -0 -0)
(0 -0 -0)
(0 -0 -0)
(0 -0 -0)
(0 -0 -0)
(0 -0 -0)
(0 -0 -0)
(0 -0 -0)
(0 -0 -0)
(0 -0 -0)
(0 -0 -0)
(0 -0 -0)
(0 -0 -0)
(0 -0 -0)
(0 -0 -0)
(0 -0 -0)
(0 -0 -0)
(0 -0 -0)
(0 -0 -0)
(0 -0 -0)
(0 -0 -0)
(0 -0 -0)
(0 -0 -0)
(0 -0 -0)
(0 -0 -0)
(0 -0 -0)
(0 -0 -0)
(0 -0 -0)
(0 -0 -0)
(0 -0 -0)
(0 -0 -0)
(0 -0 -0)
(0 -0 -0)
(0 -0 -0)
(0 -0 -0)
(0 -0 -0)
(0 -0 -0)
(0 -0 -0)
(0 -0 -0)
(0 -0 -0)
(0 -0 -0)
(0 -0 -0)
(0 -0 -0)
(0 -0 -0)
(0 -0 -0)
(0 -0 -0)
(0 -0 -0)
(0 -0 -0)
(0 -0 -0)
(0 -0 -0)
(0 -0 -0)
(0 -0 -0)
(0 -0 -0)
(0 -0 -0)
(0 -0 -0)
(0 -0 -0)
(0 -0 -0)
(0 -0 -0)
(0 -0 -0)
(0 -0 -0)
(0 -0 -0)
(0 -0 -0)
(0 -0 -0)
(0 -0 -0)
(0 -0 -0)
(0 -0 -0)
(0 -0 -0)
(0 -0 -0)
(0 -0 -0)
(0 -0 -0)
(0 -0 -0)
(0 -0 -0)
(0 -0 -0)
(0 -0 -0)
(3.63288e-05 -0 -2.8007e-06)
(2.41371 -0 -0.175071)
(2.46056 -0 -0.156787)
(0 -0 -0)
(0 -0 -0)
(0 -0 -0)
(0 -0 -0)
(0 -0 -0)
(0 -0 -0)
(0 -0 -0)
(0 -0 -0)
(0 -0 -0)
(0 -0 -0)
(0 -0 0)
(0 -0 0)
(0 -0 0)
(0 -0 0)
(0 -0 0)
(0 -0 0)
(0 -0 0)
(0 -0 0)
(0 -0 0)
(0 -0 0)
(0 -0 0)
(0 -0 0)
(0 -0 0)
(0 -0 0)
(0 -0 0)
(0 -0 0)
(0 -0 0)
(0 -0 0)
(0 -0 0)
(0 -0 0)
(0 -0 0)
(0 -0 0)
(0 -0 0)
(0 -0 0)
(0 -0 0)
(0 -0 0)
(0 -0 0)
(0 -0 0)
(0 -0 -0)
(0 -0 -0)
(0 -0 -0)
(0 -0 -0)
(0 -0 -0)
(0 -0 -0)
(0 -0 -0)
(0 -0 -0)
(0 -0 -0)
(0 -0 -0)
(0 -0 -0)
(0 -0 -0)
(0 -0 -0)
(0 -0 -0)
(0 -0 -0)
(0 -0 -0)
(0 -0 -0)
(0 -0 -0)
(0 -0 -0)
(0 -0 -0)
(0 -0 -0)
(0 -0 -0)
(0 -0 -0)
(0 -0 -0)
(0 -0 -0)
(0 -0 -0)
(0 -0 -0)
(0 -0 -0)
(0 -0 -0)
(0 -0 -0)
(0 -0 -0)
(0 -0 -0)
(0 -0 -0)
(0 -0 -0)
(0 -0 -0)
(0 -0 -0)
(0 -0 -0)
(0 -0 -0)
(0 -0 -0)
(0 -0 -0)
(0 -0 -0)
(0 -0 -0)
(0 -0 -0)
(0 -0 -0)
(0 -0 -0)
(0 -0 -0)
(0 -0 -0)
(0 -0 -0)
(0 -0 -0)
(0 -0 -0)
(0 -0 -0)
(0 -0 -0)
(0 -0 -0)
(0 -0 -0)
(0 -0 -0)
(0 -0 -0)
(0 -0 -0)
(0 -0 -0)
(0 -0 -0)
(0 -0 -0)
(0 -0 -0)
(0 -0 -0)
(0 -0 -0)
(0 -0 -0)
(0 -0 -0)
(0 -0 -0)
(0 -0 -0)
(0 -0 -0)
(0 -0 -0)
(0 -0 -0)
(0 -0 -0)
(0 -0 -0)
(0 -0 -0)
(0 -0 -0)
(0 -0 -0)
(0 -0 -0)
(0 -0 -0)
(0 -0 -0)
(0 -0 -0)
(8.87834e-05 -0 -1.05372e-05)
(2.439 -0 -0.266729)
(2.48974 -0 -0.222953)
(0 -0 -0)
(0 -0 -0)
(0 -0 -0)
(0 -0 -0)
(0 -0 -0)
(0 -0 -0)
(0 -0 -0)
(0 -0 -0)
(0 -0 -0)
(0 -0 0)
(0 -0 0)
(0 -0 0)
(0 -0 0)
(0 -0 0)
(0 -0 0)
(0 -0 0)
(0 -0 0)
(0 -0 0)
(0 -0 0)
(0 -0 0)
(0 -0 0)
(0 -0 0)
(0 -0 0)
(0 -0 0)
(0 -0 0)
(0 -0 0)
(0 -0 0)
(0 -0 0)
(0 -0 0)
(0 -0 0)
(0 -0 0)
(0 -0 0)
(0 -0 0)
(0 -0 0)
(0 -0 0)
(0 -0 0)
(0 -0 0)
(0 -0 0)
(0 -0 -0)
(0 -0 -0)
(0 -0 -0)
(0 -0 -0)
(0 -0 -0)
(0 -0 -0)
(0 -0 -0)
(0 -0 -0)
(0 -0 -0)
(0 -0 -0)
(0 -0 -0)
(0 -0 -0)
(0 -0 -0)
(0 -0 -0)
(0 -0 -0)
(0 -0 -0)
(0 -0 -0)
(0 -0 -0)
(0 -0 -0)
(0 -0 -0)
(0 -0 -0)
(0 -0 -0)
(0 -0 -0)
(0 -0 -0)
(0 -0 -0)
(0 -0 -0)
(0 -0 -0)
(0 -0 -0)
(0 -0 -0)
(0 -0 -0)
(0 -0 -0)
(0 -0 -0)
(0 -0 -0)
(0 -0 -0)
(0 -0 -0)
(0 -0 -0)
(0 -0 -0)
(0 -0 -0)
(0 -0 -0)
(0 -0 -0)
(0 -0 -0)
(0 -0 -0)
(0 -0 -0)
(0 -0 -0)
(0 -0 -0)
(0 -0 -0)
(0 -0 -0)
(0 -0 -0)
(0 -0 -0)
(0 -0 -0)
(0 -0 -0)
(0 -0 -0)
(0 -0 -0)
(0 -0 -0)
(0 -0 -0)
(0 -0 -0)
(0 -0 -0)
(0 -0 -0)
(0 -0 -0)
(0 -0 -0)
(0 -0 -0)
(0 -0 -0)
(0 -0 -0)
(0 -0 -0)
(0 -0 -0)
(0 -0 -0)
(0 -0 -0)
(0 -0 -0)
(0 -0 -0)
(0 -0 -0)
(0 -0 -0)
(0 -0 -0)
(0 -0 -0)
(0 -0 -0)
(0 -0 -0)
(0 -0 -0)
(0 -0 -0)
(0 -0 -0)
(8.70263e-05 -0 -1.71612e-05)
(0.0609292 -0 -0.00977013)
(2.47802 -0 -0.313482)
(3.52414 -0 -0.368172)
(0 -0 -0)
(0 -0 -0)
(0 -0 -0)
(0 -0 -0)
(0 -0 -0)
(0 -0 -0)
(0 -0 -0)
(0 -0 -0)
(0 -0 -0)
(0 -0 0)
(0 -0 0)
(0 -0 0)
(0 -0 0)
(0 -0 0)
(0 -0 0)
(0 -0 0)
(0 -0 0)
(0 -0 0)
(0 -0 0)
(0 -0 0)
(0 -0 0)
(0 -0 0)
(0 -0 0)
(0 -0 0)
(0 -0 0)
(0 -0 0)
(0 -0 0)
(0 -0 0)
(0 -0 0)
(0 -0 0)
(0 -0 0)
(0 -0 0)
(0 -0 0)
(0 -0 0)
(0 -0 0)
(0 -0 0)
(0 -0 0)
(0 -0 0)
(0 -0 -0)
(0 -0 -0)
(0 -0 -0)
(0 -0 -0)
(0 -0 -0)
(0 -0 -0)
(0 -0 -0)
(0 -0 -0)
(0 -0 -0)
(0 -0 -0)
(0 -0 -0)
(0 -0 -0)
(0 -0 -0)
(0 -0 -0)
(0 -0 -0)
(0 -0 -0)
(0 -0 -0)
(0 -0 -0)
(0 -0 -0)
(0 -0 -0)
(0 -0 -0)
(0 -0 -0)
(0 -0 -0)
(0 -0 -0)
(0 -0 -0)
(0 -0 -0)
(0 -0 -0)
(0 -0 -0)
(0 -0 -0)
(0 -0 -0)
(0 -0 -0)
(0 -0 -0)
(0 -0 -0)
(0 -0 -0)
(0 -0 -0)
(0 -0 -0)
(0 -0 -0)
(0 -0 -0)
(0 -0 -0)
(0 -0 -0)
(0 -0 -0)
(0 -0 -0)
(0 -0 -0)
(0 -0 -0)
(0 -0 -0)
(0 -0 -0)
(0 -0 -0)
(0 -0 -0)
(0 -0 -0)
(0 -0 -0)
(0 -0 -0)
(0 -0 -0)
(0 -0 -0)
(0 -0 -0)
(0 -0 -0)
(0 -0 -0)
(0 -0 -0)
(0 -0 -0)
(0 -0 -0)
(0 -0 -0)
(0 -0 -0)
(0 -0 -0)
(0 -0 -0)
(0 -0 -0)
(0 -0 -0)
(0 -0 -0)
(0 -0 -0)
(0 -0 -0)
(0 -0 -0)
(0 -0 -0)
(0 -0 -0)
(0 -0 -0)
(0 -0 -0)
(0 -0 -0)
(0 -0 -0)
(0 -0 -0)
(0 -0 -0)
(0 -0 -0)
(0 -0 -0)
(0.000134726 -0 -2.93373e-05)
(0.0670533 -0 -0.0114268)
(3.61974 -0 -0.514281)
(2.58182 -0 -0.304819)
(0 -0 -0)
(0 -0 -0)
(0 -0 -0)
(0 -0 -0)
(0 -0 -0)
(0 -0 -0)
(0 -0 -0)
(0 -0 0)
(0 -0 0)
(0 -0 0)
(0 -0 0)
(0 -0 0)
(0 -0 0)
(0 -0 0)
(0 -0 0)
(0 -0 0)
(0 -0 0)
(0 -0 0)
(0 -0 0)
(0 -0 0)
(0 -0 0)
(0 -0 0)
(0 -0 0)
(0 -0 0)
(0 -0 0)
(0 -0 0)
(0 -0 0)
(0 -0 0)
(0 -0 0)
(0 -0 0)
(0 -0 0)
(0 -0 0)
(0 -0 0)
(0 -0 0)
(0 -0 0)
(0 -0 0)
(0 -0 0)
(1.5646e-15 -0 -1.44298e-17)
(0 -0 -0)
(0 -0 -0)
(0 -0 -0)
(0 -0 -0)
(0 -0 -0)
(0 -0 -0)
(0 -0 -0)
(0 -0 -0)
(0 -0 -0)
(0 -0 -0)
(0 -0 -0)
(0 -0 -0)
(0 -0 -0)
(0 -0 -0)
(0 -0 -0)
(0 -0 -0)
(0 -0 -0)
(0 -0 -0)
(0 -0 -0)
(0 -0 -0)
(0 -0 -0)
(0 -0 -0)
(0 -0 -0)
(0 -0 -0)
(0 -0 -0)
(0 -0 -0)
(0 -0 -0)
(0 -0 -0)
(0 -0 -0)
(0 -0 -0)
(0 -0 -0)
(0 -0 -0)
(0 -0 -0)
(0 -0 -0)
(0 -0 -0)
(0 -0 -0)
(0 -0 -0)
(0 -0 -0)
(0 -0 -0)
(0 -0 -0)
(0 -0 -0)
(0 -0 -0)
(0 -0 -0)
(0 -0 -0)
(0 -0 -0)
(0 -0 -0)
(0 -0 -0)
(0 -0 -0)
(0 -0 -0)
(0 -0 -0)
(0 -0 -0)
(0 -0 -0)
(0 -0 -0)
(0 -0 -0)
(0 -0 -0)
(0 -0 -0)
(0 -0 -0)
(0 -0 -0)
(0 -0 -0)
(0 -0 -0)
(0 -0 -0)
(0 -0 -0)
(0 -0 -0)
(0 -0 -0)
(0 -0 -0)
(0 -0 -0)
(0 -0 -0)
(0 -0 -0)
(0 -0 -0)
(0 -0 -0)
(0 -0 -0)
(0 -0 -0)
(0 -0 -0)
(0 -0 -0)
(0 -0 -0)
(0 -0 -0)
(0 -0 -0)
(0 -0 -0)
(2.19376e-06 -0 -5.90978e-07)
(0.000127839 -0 -2.9345e-05)
(2.66463 -0 -0.49355)
(2.69512 -0 -0.372511)
(0 -0 -0)
(0 -0 -0)
(0 -0 -0)
(0 -0 -0)
(0 -0 -0)
(0 -0 -0)
(0 -0 -0)
(0 -0 0)
(0 -0 0)
(0 -0 0)
(0 -0 0)
(0 -0 0)
(0 -0 0)
(0 -0 0)
(0 -0 0)
(0 -0 0)
(0 -0 0)
(0 -0 0)
(0 -0 0)
(0 -0 0)
(0 -0 0)
(0 -0 0)
(0 -0 0)
(0 -0 0)
(0 -0 0)
(0 -0 0)
(0 -0 0)
(0 -0 0)
(0 -0 0)
(0 -0 0)
(0 -0 0)
(0 -0 0)
(0 -0 0)
(0 -0 0)
(0 -0 0)
(0 -0 0)
(0 -0 0)
(0 -0 -0)
(0 -0 -0)
(0 -0 -0)
(0 -0 -0)
(0 -0 -0)
(0 -0 -0)
(0 -0 -0)
(0 -0 -0)
(0 -0 -0)
(0 -0 -0)
(0 -0 -0)
(0 -0 -0)
(0 -0 -0)
(0 -0 -0)
(0 -0 -0)
(0 -0 -0)
(0 -0 -0)
(0 -0 -0)
(0 -0 -0)
(0 -0 -0)
(0 -0 -0)
(0 -0 -0)
(0 -0 -0)
(0 -0 -0)
(0 -0 -0)
(0 -0 -0)
(0 -0 -0)
(0 -0 -0)
(0 -0 -0)
(0 -0 -0)
(0 -0 -0)
(0 -0 -0)
(0 -0 -0)
(0 -0 -0)
(0 -0 -0)
(0 -0 -0)
(0 -0 -0)
(0 -0 -0)
(0 -0 -0)
(0 -0 -0)
(0 -0 -0)
(0 -0 -0)
(0 -0 -0)
(0 -0 -0)
(0 -0 -0)
(0 -0 -0)
(0 -0 -0)
(0 -0 -0)
(0 -0 -0)
(0 -0 -0)
(0 -0 -0)
(0 -0 -0)
(0 -0 -0)
(0 -0 -0)
(0 -0 -0)
(0 -0 -0)
(0 -0 -0)
(0 -0 -0)
(0 -0 -0)
(0 -0 -0)
(0 -0 -0)
(0 -0 -0)
(0 -0 -0)
(0 -0 -0)
(0 -0 -0)
(0 -0 -0)
(0 -0 -0)
(0 -0 -0)
(0 -0 -0)
(0 -0 -0)
(0 -0 -0)
(0 -0 -0)
(0 -0 -0)
(0 -0 -0)
(0 -0 -0)
(0 -0 -0)
(0 -0 -0)
(0 -0 -0)
(0 -0 -0)
(0 -0 -0)
(6.32338e-05 -0 -1.51928e-05)
(2.80272 -0 -0.541167)
(2.81433 -0 -0.40402)
(0 -0 -0)
(0 -0 -0)
(0 -0 -0)
(0 -0 -0)
(0 -0 -0)
(0 -0 -0)
(0 -0 0)
(0 -0 0)
(0 -0 0)
(0 -0 0)
(0 -0 0)
(0 -0 0)
(0 -0 0)
(0 -0 0)
(0 -0 0)
(0 -0 0)
(0 -0 0)
(0 -0 0)
(0 -0 0)
(0 -0 0)
(0 -0 0)
(0 -0 0)
(0 -0 0)
(0 -0 0)
(0 -0 0)
(0 -0 0)
(0 -0 0)
(0 -0 0)
(0 -0 0)
(0 -0 0)
(0 -0 0)
(0 -0 0)
(0 -0 0)
(0 -0 0)
(0 -0 0)
(0 -0 0)
(0 -0 0)
(0 -0 -0)
(0 -0 -0)
(0 -0 -0)
(0 -0 -0)
(0 -0 -0)
(0 -0 -0)
(0 -0 -0)
(0 -0 -0)
(0 -0 -0)
(0 -0 -0)
(0 -0 -0)
(0 -0 -0)
(0 -0 -0)
(0 -0 -0)
(0 -0 -0)
(0 -0 -0)
(0 -0 -0)
(0 -0 -0)
(0 -0 -0)
(0 -0 -0)
(0 -0 -0)
(0 -0 -0)
(0 -0 -0)
(0 -0 -0)
(0 -0 -0)
(0 -0 -0)
(0 -0 -0)
(0 -0 -0)
(0 -0 -0)
(0 -0 -0)
(0 -0 -0)
(0 -0 -0)
(0 -0 -0)
(0 -0 -0)
(0 -0 -0)
(0 -0 -0)
(0 -0 -0)
(0 -0 -0)
(0 -0 -0)
(0 -0 -0)
(0 -0 -0)
(0 -0 -0)
(0 -0 -0)
(0 -0 -0)
(0 -0 -0)
(0 -0 -0)
(0 -0 -0)
(0 -0 -0)
(0 -0 -0)
(0 -0 -0)
(0 -0 -0)
(0 -0 -0)
(0 -0 -0)
(0 -0 -0)
(0 -0 -0)
(0 -0 -0)
(0 -0 -0)
(0 -0 -0)
(0 -0 -0)
(0 -0 -0)
(0 -0 -0)
(0 -0 -0)
(0 -0 -0)
(0 -0 -0)
(0 -0 -0)
(0 -0 -0)
(0 -0 -0)
(0 -0 -0)
(0 -0 -0)
(0 -0 -0)
(0 -0 -0)
(0 -0 -0)
(0 -0 -0)
(0 -0 -0)
(0 -0 -0)
(0 -0 -0)
(0 -0 -0)
(0 -0 -0)
(0 -0 -0)
(0 -0 -0)
(4.96469e-05 -0 -1.11433e-05)
(2.93609 -0 -0.534414)
(2.93619 -0 -0.402367)
(0 -0 -0)
(0 -0 -0)
(0 -0 -0)
(0 -0 -0)
(0 -0 -0)
(0 -0 0)
(0 -0 0)
(0 -0 0)
(0 -0 0)
(0 -0 0)
(0 -0 0)
(0 -0 0)
(0 -0 0)
(0 -0 0)
(0 -0 0)
(0 -0 0)
(0 -0 0)
(0 -0 0)
(0 -0 0)
(0 -0 0)
(0 -0 0)
(0 -0 0)
(0 -0 0)
(0 -0 0)
(0 -0 0)
(0 -0 0)
(0 -0 0)
(0 -0 0)
(0 -0 0)
(0 -0 0)
(0 -0 0)
(0 -0 0)
(0 -0 0)
(0 -0 0)
(0 -0 0)
(0 -0 0)
(0 -0 0)
(1.48263e-15 -0 -1.4454e-17)
(0 -0 -0)
(0 -0 -0)
(0 -0 -0)
(0 -0 -0)
(0 -0 -0)
(0 -0 -0)
(0 -0 -0)
(0 -0 -0)
(0 -0 -0)
(0 -0 -0)
(0 -0 -0)
(0 -0 -0)
(0 -0 -0)
(0 -0 -0)
(0 -0 -0)
(0 -0 -0)
(0 -0 -0)
(0 -0 -0)
(0 -0 -0)
(0 -0 -0)
(0 -0 -0)
(0 -0 -0)
(0 -0 -0)
(0 -0 -0)
(0 -0 -0)
(0 -0 -0)
(0 -0 -0)
(0 -0 -0)
(0 -0 -0)
(0 -0 -0)
(0 -0 -0)
(0 -0 -0)
(0 -0 -0)
(0 -0 -0)
(0 -0 -0)
(0 -0 -0)
(0 -0 -0)
(0 -0 -0)
(0 -0 -0)
(0 -0 -0)
(0 -0 -0)
(0 -0 -0)
(0 -0 -0)
(0 -0 -0)
(0 -0 -0)
(0 -0 -0)
(0 -0 -0)
(0 -0 -0)
(0 -0 -0)
(0 -0 -0)
(0 -0 -0)
(0 -0 -0)
(0 -0 -0)
(0 -0 -0)
(0 -0 -0)
(0 -0 -0)
(0 -0 -0)
(0 -0 -0)
(0 -0 -0)
(0 -0 -0)
(0 -0 -0)
(0 -0 -0)
(0 -0 -0)
(0 -0 -0)
(0 -0 -0)
(0 -0 -0)
(0 -0 -0)
(0 -0 -0)
(0 -0 -0)
(0 -0 -0)
(0 -0 -0)
(0 -0 -0)
(0 -0 -0)
(0 -0 -0)
(0 -0 -0)
(0 -0 -0)
(0 -0 -0)
(0 -0 -0)
(0 -0 -0)
(3.53354e-05 -0 -7.2316e-06)
(3.05966 -0 -0.503748)
(3.05339 -0 -0.378818)
(0 -0 -0)
(0 -0 -0)
(0 -0 -0)
(0 -0 -0)
(0 -0 -0)
(0 -0 0)
(0 -0 0)
(0 -0 0)
(0 -0 0)
(0 -0 0)
(0 -0 0)
(0 -0 0)
(0 -0 0)
(0 -0 0)
(0 -0 0)
(0 -0 0)
(0 -0 0)
(0 -0 0)
(0 -0 0)
(0 -0 0)
(0 -0 0)
(0 -0 0)
(0 -0 0)
(0 -0 0)
(0 -0 0)
(0 -0 0)
(0 -0 0)
(0 -0 0)
(0 -0 0)
(0 -0 0)
(0 -0 0)
(0 -0 0)
(0 -0 0)
(0 -0 0)
(0 -0 0)
(0 -0 0)
(0 -0 0)
(0 -0 -0)
(0 -0 -0)
(0 -0 -0)
(0 -0 -0)
(0 -0 -0)
(0 -0 -0)
(0 -0 -0)
(0 -0 -0)
(0 -0 -0)
(0 -0 -0)
(0 -0 -0)
(0 -0 -0)
(0 -0 -0)
(0 -0 -0)
(0 -0 -0)
(0 -0 -0)
(0 -0 -0)
(0 -0 -0)
(0 -0 -0)
(0 -0 -0)
(0 -0 -0)
(0 -0 -0)
(0 -0 -0)
(0 -0 -0)
(0 -0 -0)
(0 -0 -0)
(0 -0 -0)
(0 -0 -0)
(0 -0 -0)
(0 -0 -0)
(0 -0 -0)
(0 -0 -0)
(0 -0 -0)
(0 -0 -0)
(0 -0 -0)
(0 -0 -0)
(0 -0 -0)
(0 -0 -0)
(0 -0 -0)
(0 -0 -0)
(0 -0 -0)
(0 -0 -0)
(0 -0 -0)
(0 -0 -0)
(0 -0 -0)
(0 -0 -0)
(0 -0 -0)
(0 -0 -0)
(0 -0 -0)
(0 -0 -0)
(0 -0 -0)
(0 -0 -0)
(0 -0 -0)
(0 -0 -0)
(0 -0 -0)
(0 -0 -0)
(0 -0 -0)
(0 -0 -0)
(0 -0 -0)
(0 -0 -0)
(0 -0 -0)
(0 -0 -0)
(0 -0 -0)
(0 -0 -0)
(0 -0 -0)
(0 -0 -0)
(0 -0 -0)
(0 -0 -0)
(0 -0 -0)
(0 -0 -0)
(0 -0 -0)
(0 -0 -0)
(0 -0 -0)
(0 -0 -0)
(0 -0 -0)
(0 -0 -0)
(0 -0 -0)
(0 -0 -0)
(0 -0 -0)
(0 -0 -0)
(2.10252e-05 -0 -3.86255e-06)
(3.18199 -0 -0.4614)
(3.16744 -0 -0.341639)
(0 -0 -0)
(0 -0 -0)
(0 -0 -0)
(0 -0 -0)
(0 -0 0)
(0 -0 0)
(0 -0 0)
(0 -0 0)
(0 -0 0)
(0 -0 0)
(0 -0 0)
(0 -0 0)
(0 -0 0)
(0 -0 0)
(0 -0 0)
(0 -0 0)
(0 -0 0)
(0 -0 0)
(0 -0 0)
(0 -0 0)
(0 -0 0)
(0 -0 0)
(0 -0 0)
(0 -0 0)
(0 -0 0)
(0 -0 0)
(0 -0 0)
(0 -0 0)
(0 -0 0)
(0 -0 0)
(0 -0 0)
(0 -0 0)
(0 -0 0)
(0 -0 0)
(0 -0 0)
(0 -0 0)
(0 -0 0)
(0 -0 -0)
(0 -0 -0)
(0 -0 -0)
(0 -0 -0)
(0 -0 -0)
(0 -0 -0)
(0 -0 -0)
(0 -0 -0)
(0 -0 -0)
(0 -0 -0)
(0 -0 -0)
(0 -0 -0)
(0 -0 -0)
(0 -0 -0)
(0 -0 -0)
(0 -0 -0)
(0 -0 -0)
(0 -0 -0)
(0 -0 -0)
(0 -0 -0)
(0 -0 -0)
(0 -0 -0)
(0 -0 -0)
(0 -0 -0)
(0 -0 -0)
(0 -0 -0)
(0 -0 -0)
(0 -0 -0)
(0 -0 -0)
(0 -0 -0)
(0 -0 -0)
(0 -0 -0)
(0 -0 -0)
(0 -0 -0)
(0 -0 -0)
(0 -0 -0)
(0 -0 -0)
(0 -0 -0)
(0 -0 -0)
(0 -0 -0)
(0 -0 -0)
(0 -0 -0)
(0 -0 -0)
(0 -0 -0)
(0 -0 -0)
(0 -0 -0)
(0 -0 -0)
(0 -0 -0)
(0 -0 -0)
(0 -0 -0)
(0 -0 -0)
(0 -0 -0)
(0 -0 -0)
(0 -0 -0)
(0 -0 -0)
(0 -0 -0)
(0 -0 -0)
(0 -0 -0)
(0 -0 -0)
(0 -0 -0)
(0 -0 -0)
(0 -0 -0)
(0 -0 -0)
(0 -0 -0)
(0 -0 -0)
(0 -0 -0)
(0 -0 -0)
(0 -0 -0)
(0 -0 -0)
(0 -0 -0)
(0 -0 -0)
(0 -0 -0)
(0 -0 -0)
(0 -0 -0)
(0 -0 -0)
(0 -0 -0)
(0 -0 -0)
(0 -0 -0)
(0 -0 -0)
(0 -0 -0)
(7.1256e-06 -0 -1.16222e-06)
(3.30075 -0 -0.414415)
(3.27924 -0 -0.296641)
(0 -0 -0)
(0 -0 -0)
(0 -0 -0)
(0 -0 0)
(0 -0 0)
(0 -0 0)
(0 -0 0)
(0 -0 0)
(0 -0 0)
(0 -0 0)
(0 -0 0)
(0 -0 0)
(0 -0 0)
(0 -0 0)
(0 -0 0)
(0 -0 0)
(0 -0 0)
(0 -0 0)
(0 -0 0)
(0 -0 0)
(0 -0 0)
(0 -0 0)
(0 -0 0)
(0 -0 0)
(0 -0 0)
(0 -0 0)
(0 -0 0)
(0 -0 0)
(0 -0 0)
(0 -0 0)
(0 -0 0)
(0 -0 0)
(0 -0 0)
(0 -0 0)
(0 -0 0)
(0 -0 0)
(0 -0 0)
(1.38974e-15 -0 -1.43299e-17)
(0 -0 -0)
(0 -0 -0)
(0 -0 -0)
(0 -0 -0)
(0 -0 -0)
(0 -0 -0)
(0 -0 -0)
(0 -0 -0)
(0 -0 -0)
(0 -0 -0)
(0 -0 -0)
(0 -0 -0)
(0 -0 -0)
(0 -0 -0)
(0 -0 -0)
(0 -0 -0)
(0 -0 -0)
(0 -0 -0)
(0 -0 -0)
(0 -0 -0)
(0 -0 -0)
(0 -0 -0)
(0 -0 -0)
(0 -0 -0)
(0 -0 -0)
(0 -0 -0)
(0 -0 -0)
(0 -0 -0)
(0 -0 -0)
(0 -0 -0)
(0 -0 -0)
(0 -0 -0)
(0 -0 -0)
(0 -0 -0)
(0 -0 -0)
(0 -0 -0)
(0 -0 -0)
(0 -0 -0)
(0 -0 -0)
(0 -0 -0)
(0 -0 -0)
(0 -0 -0)
(0 -0 -0)
(0 -0 -0)
(0 -0 -0)
(0 -0 -0)
(0 -0 -0)
(0 -0 -0)
(0 -0 -0)
(0 -0 -0)
(0 -0 -0)
(0 -0 -0)
(0 -0 -0)
(0 -0 -0)
(0 -0 -0)
(0 -0 -0)
(0 -0 -0)
(0 -0 -0)
(0 -0 -0)
(0 -0 -0)
(0 -0 -0)
(0 -0 -0)
(0 -0 -0)
(0 -0 -0)
(0 -0 -0)
(0 -0 -0)
(0 -0 -0)
(0 -0 -0)
(0 -0 -0)
(0 -0 -0)
(0 -0 -0)
(0 -0 -0)
(0 -0 -0)
(0 -0 -0)
(0 -0 -0)
(0 -0 -0)
(0 -0 -0)
(0 -0 -0)
(0 -0 -0)
(0 -0 -0)
(3.42168 -0 -0.367089)
(3.39397 -0 -0.24696)
(0 -0 -0)
(0 -0 -0)
(0 -0 0)
(0 -0 0)
(0 -0 0)
(0 -0 0)
(0 -0 0)
(0 -0 0)
(0 -0 0)
(0 -0 0)
(0 -0 0)
(0 -0 0)
(0 -0 0)
(0 -0 0)
(0 -0 0)
(0 -0 0)
(0 -0 0)
(0 -0 0)
(0 -0 0)
(0 -0 0)
(0 -0 0)
(0 -0 0)
(0 -0 0)
(0 -0 0)
(0 -0 0)
(0 -0 0)
(0 -0 0)
(0 -0 0)
(0 -0 0)
(0 -0 0)
(0 -0 0)
(0 -0 0)
(0 -0 0)
(0 -0 0)
(0 -0 0)
(0 -0 0)
(0 -0 0)
(0 -0 -0)
(0 -0 -0)
(0 -0 -0)
(0 -0 -0)
(0 -0 -0)
(0 -0 -0)
(0 -0 -0)
(0 -0 -0)
(0 -0 -0)
(0 -0 -0)
(0 -0 -0)
(0 -0 -0)
(0 -0 -0)
(0 -0 -0)
(0 -0 -0)
(0 -0 -0)
(0 -0 -0)
(0 -0 -0)
(0 -0 -0)
(0 -0 -0)
(0 -0 -0)
(0 -0 -0)
(0 -0 -0)
(0 -0 -0)
(0 -0 -0)
(0 -0 -0)
(0 -0 -0)
(0 -0 -0)
(0 -0 -0)
(0 -0 -0)
(0 -0 -0)
(0 -0 -0)
(0 -0 -0)
(0 -0 -0)
(0 -0 -0)
(0 -0 -0)
(0 -0 -0)
(0 -0 -0)
(0 -0 -0)
(0 -0 -0)
(0 -0 -0)
(0 -0 -0)
(0 -0 -0)
(0 -0 -0)
(0 -0 -0)
(0 -0 -0)
(0 -0 -0)
(0 -0 -0)
(0 -0 -0)
(0 -0 -0)
(0 -0 -0)
(0 -0 -0)
(0 -0 -0)
(0 -0 -0)
(0 -0 -0)
(0 -0 -0)
(0 -0 -0)
(0 -0 -0)
(0 -0 -0)
(0 -0 -0)
(0 -0 -0)
(0 -0 -0)
(0 -0 -0)
(0 -0 -0)
(0 -0 -0)
(0 -0 -0)
(0 -0 -0)
(0 -0 -0)
(0 -0 -0)
(0 -0 -0)
(0 -0 -0)
(0 -0 -0)
(0 -0 -0)
(0 -0 -0)
(0 -0 -0)
(0 -0 -0)
(0 -0 -0)
(0 -0 -0)
(0 -0 -0)
(0 -0 -0)
(0 -0 -0)
(3.54402 -0 -0.315245)
(3.51526 -0 -0.190064)
(0 -0 -0)
(0 -0 0)
(0 -0 0)
(0 -0 0)
(0 -0 0)
(0 -0 0)
(0 -0 0)
(0 -0 0)
(0 -0 0)
(0 -0 0)
(0 -0 0)
(0 -0 0)
(0 -0 0)
(0 -0 0)
(0 -0 0)
(0 -0 0)
(0 -0 0)
(0 -0 0)
(0 -0 0)
(0 -0 0)
(0 -0 0)
(0 -0 0)
(0 -0 0)
(0 -0 0)
(0 -0 0)
(0 -0 0)
(0 -0 0)
(0 -0 0)
(0 -0 0)
(0 -0 0)
(0 -0 0)
(0 -0 0)
(0 -0 0)
(0 -0 0)
(0 -0 0)
(0 -0 0)
(0 -0 0)
(0 -0 -0)
(0 -0 -0)
(0 -0 -0)
(0 -0 -0)
(0 -0 -0)
(0 -0 -0)
(0 -0 -0)
(0 -0 -0)
(0 -0 -0)
(0 -0 -0)
(0 -0 -0)
(0 -0 -0)
(0 -0 -0)
(0 -0 -0)
(0 -0 -0)
(0 -0 -0)
(0 -0 -0)
(0 -0 -0)
(0 -0 -0)
(0 -0 -0)
(0 -0 -0)
(0 -0 -0)
(0 -0 -0)
(0 -0 -0)
(0 -0 -0)
(0 -0 -0)
(0 -0 -0)
(0 -0 -0)
(0 -0 -0)
(0 -0 -0)
(0 -0 -0)
(0 -0 -0)
(0 -0 -0)
(0 -0 -0)
(0 -0 -0)
(0 -0 -0)
(0 -0 -0)
(0 -0 -0)
(0 -0 -0)
(0 -0 -0)
(0 -0 -0)
(0 -0 -0)
(0 -0 -0)
(0 -0 -0)
(0 -0 -0)
(0 -0 -0)
(0 -0 -0)
(0 -0 -0)
(0 -0 -0)
(0 -0 -0)
(0 -0 -0)
(0 -0 -0)
(0 -0 -0)
(0 -0 -0)
(0 -0 -0)
(0 -0 -0)
(0 -0 -0)
(0 -0 -0)
(0 -0 -0)
(0 -0 -0)
(0 -0 -0)
(0 -0 -0)
(0 -0 -0)
(0 -0 -0)
(0 -0 -0)
(0 -0 -0)
(0 -0 -0)
(0 -0 -0)
(0 -0 -0)
(0 -0 -0)
(0 -0 -0)
(0 -0 -0)
(0 -0 -0)
(0 -0 -0)
(0 -0 -0)
(0 -0 -0)
(0 -0 -0)
(0 -0 -0)
(0 -0 -0)
(0 -0 -0)
(0 -0 -0)
(3.66486 -0 -0.244021)
(3.64671 -0 -0.114741)
(0 -0 0)
(0 -0 0)
(0 -0 0)
(0 -0 0)
(0 -0 0)
(0 -0 0)
(0 -0 0)
(0 -0 0)
(0 -0 0)
(0 -0 0)
(0 -0 0)
(0 -0 0)
(0 -0 0)
(0 -0 0)
(0 -0 0)
(0 -0 0)
(0 -0 0)
(0 -0 0)
(0 -0 0)
(0 -0 0)
(0 -0 0)
(0 -0 0)
(0 -0 0)
(0 -0 0)
(0 -0 0)
(0 -0 0)
(0 -0 0)
(0 -0 0)
(0 -0 0)
(0 -0 0)
(0 -0 0)
(0 -0 0)
(0 -0 0)
(0 -0 0)
(0 -0 0)
(0 -0 0)
(0 -0 0)
(0 -0 -0)
(0 -0 -0)
(0 -0 -0)
(0 -0 -0)
(0 -0 -0)
(0 -0 -0)
(0 -0 -0)
(0 -0 -0)
(0 -0 -0)
(0 -0 -0)
(0 -0 -0)
(0 -0 -0)
(0 -0 -0)
(0 -0 -0)
(0 -0 -0)
(0 -0 -0)
(0 -0 -0)
(0 -0 -0)
(0 -0 -0)
(0 -0 -0)
(0 -0 -0)
(0 -0 -0)
(0 -0 -0)
(0 -0 -0)
(0 -0 -0)
(0 -0 -0)
(0 -0 -0)
(0 -0 -0)
(0 -0 -0)
(0 -0 -0)
(0 -0 -0)
(0 -0 -0)
(0 -0 -0)
(0 -0 -0)
(0 -0 -0)
(0 -0 -0)
(0 -0 -0)
(0 -0 -0)
(0 -0 -0)
(0 -0 -0)
(0 -0 -0)
(0 -0 -0)
(0 -0 -0)
(0 -0 -0)
(0 -0 -0)
(0 -0 -0)
(0 -0 -0)
(0 -0 -0)
(0 -0 -0)
(0 -0 -0)
(0 -0 -0)
(0 -0 -0)
(0 -0 -0)
(0 -0 -0)
(0 -0 -0)
(0 -0 -0)
(0 -0 -0)
(0 -0 -0)
(0 -0 -0)
(0 -0 -0)
(0 -0 -0)
(0 -0 -0)
(0 -0 -0)
(0 -0 -0)
(0 -0 -0)
(0 -0 -0)
(0 -0 -0)
(0 -0 -0)
(0 -0 -0)
(0 -0 -0)
(0 -0 -0)
(0 -0 -0)
(0 -0 -0)
(0 -0 -0)
(0 -0 -0)
(0 -0 -0)
(0 -0 -0)
(0 -0 -0)
(0 -0 -0)
(0 -0 -0)
(0 -0 -0)
(3.78356 -0 -0.14101)
(3.78693 -0 -0.00518187)
(0 -0 0)
(0 -0 0)
(0 -0 0)
(0 -0 0)
(0 -0 0)
(0 -0 0)
(0 -0 0)
(0 -0 0)
(0 -0 0)
(0 -0 0)
(0 -0 0)
(0 -0 0)
(0 -0 0)
(0 -0 0)
(0 -0 0)
(0 -0 0)
(0 -0 0)
(0 -0 0)
(0 -0 0)
(0 -0 0)
(0 -0 0)
(0 -0 0)
(0 -0 0)
(0 -0 0)
(0 -0 0)
(0 -0 0)
(0 -0 0)
(0 -0 0)
(0 -0 0)
(0 -0 0)
(0 -0 0)
(0 -0 0)
(0 -0 0)
(0 -0 0)
(0 -0 0)
(0 -0 0)
(0 -0 0)
(0 -0 -0)
(0 -0 -0)
(0 -0 -0)
(0 -0 -0)
(0 -0 -0)
(0 -0 -0)
(0 -0 -0)
(0 -0 -0)
(0 -0 -0)
(0 -0 -0)
(0 -0 -0)
(0 -0 -0)
(0 -0 -0)
(0 -0 -0)
(0 -0 -0)
(0 -0 -0)
(0 -0 -0)
(0 -0 -0)
(0 -0 -0)
(0 -0 -0)
(0 -0 -0)
(0 -0 -0)
(0 -0 -0)
(0 -0 -0)
(0 -0 -0)
(0 -0 -0)
(0 -0 -0)
(0 -0 -0)
(0 -0 -0)
(0 -0 -0)
(0 -0 -0)
(0 -0 -0)
(0 -0 -0)
(0 -0 -0)
(0 -0 -0)
(0 -0 -0)
(0 -0 -0)
(0 -0 -0)
(0 -0 -0)
(0 -0 -0)
(0 -0 -0)
(0 -0 -0)
(0 -0 -0)
(0 -0 -0)
(0 -0 -0)
(0 -0 -0)
(0.00714326 -0 -2.19882e-05)
(0.0074072 -0 -2.95918e-05)
(0.0177553 -0 -9.80571e-05)
(0.0214759 -0 -8.57427e-05)
(0.0321871 -0 -3.48018e-05)
(0.0299998 -0 -1.98521e-05)
(0.0342609 -0 -1.37752e-05)
(0.0305542 -0 -2.45708e-05)
(0.0395037 -0 -2.74958e-05)
(0.0398327 -0 -1.13593e-05)
(0.0464165 -0 -7.40475e-06)
(0.0417177 -0 -2.13097e-06)
(0.0421876 -0 -9.85404e-07)
(0.0374716 -0 -1.48091e-06)
(0.0406703 -0 -8.41264e-07)
(0.0402538 -0 -7.98158e-08)
(0.0471393 -0 -6.49846e-07)
(0.0459641 -0 -3.5224e-07)
(0.048312 -0 -3.06597e-06)
(0.0459137 -0 -5.27857e-06)
(0.0484396 -0 -2.82032e-06)
(0.0447357 -0 -1.81502e-06)
(0.0411415 -0 2.02692e-06)
(0.035087 -0 4.53141e-06)
(0.0316971 -0 2.45357e-06)
(0.0279774 -0 1.30025e-06)
(0.0247286 -0 -1.68422e-06)
(0.0222144 -0 -9.32809e-06)
(0.0193377 -0 -5.73992e-06)
(0.0148996 -0 -8.12151e-06)
(0.00993535 -0 -4.4673e-06)
(0.00496576 -0 -6.0559e-06)
(0 -0 -0)
(0 -0 -0)
(0 -0 -0)
(3.91436 -0 -0.0433606)
(5.00114 -0 0.13848)
(0 -0 0)
(0 -0 0)
(0 -0 0)
(0 -0 0)
(0 -0 0)
(0 -0 0)
(0 -0 0)
(0 -0 0)
(0 -0 0)
(0 -0 0)
(0 -0 0)
(0 -0 0)
(0 -0 0)
(0 -0 0)
(0 -0 0)
(0 -0 0)
(0 -0 0)
(0 -0 0)
(0 -0 0)
(0 -0 0)
(0 -0 0)
(0 -0 0)
(0 -0 0)
(0 -0 0)
(0 -0 0)
(0 -0 0)
(0 -0 0)
(0 -0 0)
(0 -0 0)
(0 -0 0)
(0 -0 0)
(0 -0 0)
(0 -0 0)
(0 -0 0)
(0 -0 0)
(0 -0 0)
(0 -0 0)
(0 -0 -0)
(0 -0 -0)
(0 -0 -0)
(0 -0 -0)
(0 -0 -0)
(0 -0 -0)
(0 -0 -0)
(0 -0 -0)
(0 -0 -0)
(0 -0 -0)
(0 -0 -0)
(0 -0 -0)
(0 -0 -0)
(0 -0 -0)
(0 -0 -0)
(0 -0 -0)
(0 -0 -0)
(0 -0 -0)
(0 -0 -0)
(0 -0 -0)
(0 -0 -0)
(0 -0 -0)
(0 -0 -0)
(0 -0 -0)
(0 -0 -0)
(0 -0 -0)
(0 -0 -0)
(0 -0 -0)
(0 -0 -0)
(0 -0 -0)
(0 -0 -0)
(0 -0 -0)
(0 -0 -0)
(0 -0 -0)
(0 -0 -0)
(0 -0 -0)
(0 -0 -0)
(0 -0 -0)
(0.0059736 -0 -5.36697e-05)
(0.00896159 -0 -5.59819e-05)
(0.0190863 -0 -0.00012119)
(0.0239263 -0 -0.000176885)
(0.038204 -0 -0.000195533)
(0.0457167 -0 -0.000129044)
(0.0596164 -0 -0.00264996)
(0.0679811 -0 -0.00840826)
(0.0727597 -0 -0.0114622)
(0.0665069 -0 -0.0111321)
(0.0640911 -0 -0.0109279)
(0.0843412 -0 -0.0124473)
(0.105649 -0 -0.0119545)
(0.0888102 -0 -0.00813232)
(0.0751119 -0 -0.00618405)
(0.0659922 -0 -0.00550591)
(0.0768999 -0 -0.00585391)
(0.087793 -0 -0.00522772)
(0.105794 -0 -0.00493525)
(0.0880716 -0 -0.0031066)
(0.0818685 -0 -0.00220484)
(0.0671319 -0 -0.00158122)
(0.0656895 -0 -0.0010085)
(0.0816694 -0 -0.000710921)
(0.110803 -0 -0.000521605)
(0.0939833 -0 0.000867771)
(0.101537 -0 0.00276633)
(0.106743 -0 0.0037524)
(0.139584 -0 0.00548981)
(0.135884 -0 0.00640165)
(0.135357 -0 0.00731747)
(0.102655 -0 0.00607579)
(0.107529 -0 0.00706617)
(0.0933129 -0 0.00693508)
(0.103351 -0 0.00834803)
(0.0948829 -0 0.00849488)
(0.118287 -0 0.0117067)
(0.0913647 -0 0.0101591)
(0.0929637 -0 0.0116569)
(0.064732 -0 0.00820648)
(0.0683876 -0 0.00582163)
(0.0472253 -0 0.00115693)
(0.0328811 -0 -5.70829e-07)
(0.911341 -0 -0.0319545)
(5.91809 -0 0.197639)
(3.21154 -0 0.48993)
(0 -0 0)
(0 -0 0)
(0 -0 0)
(0 -0 0)
(0 -0 0)
(0 -0 0)
(0 -0 0)
(0 -0 0)
(0 -0 0)
(0 -0 0)
(0 -0 0)
(0 -0 0)
(0 -0 0)
(0 -0 0)
(0 -0 0)
(0 -0 0)
(0 -0 0)
(0 -0 0)
(0 -0 0)
(0 -0 0)
(0 -0 0)
(0 -0 0)
(0 -0 0)
(0 -0 0)
(0 -0 0)
(0 -0 0)
(0 -0 0)
(0 -0 0)
(0 -0 0)
(0 -0 0)
(0 -0 0)
(0 -0 0)
(0 -0 0)
(0 -0 0)
(0 -0 0)
(0 -0 0)
(0 -0 -0)
(0 -0 -0)
(0 -0 -0)
(0 -0 -0)
(0 -0 -0)
(0 -0 -0)
(0 -0 -0)
(0 -0 -0)
(0 -0 -0)
(0 -0 -0)
(0 -0 -0)
(0 -0 -0)
(0 -0 -0)
(0 -0 -0)
(0 -0 -0)
(0 -0 -0)
(0 -0 -0)
(0 -0 -0)
(0 -0 -0)
(0 -0 -0)
(0 -0 -0)
(0 -0 -0)
(0 -0 -0)
(0 -0 -0)
(0 -0 -0)
(0 -0 -0)
(0 -0 -0)
(0 -0 -0)
(0 -0 -0)
(0 -0 -0)
(0 -0 -0)
(0 -0 -0)
(0 -0 -0)
(0.0056572 -0 -0.000129904)
(0.00985547 -0 -0.000156447)
(0.0248621 -0 -0.000261861)
(0.0324244 -0 -0.00200482)
(0.0461152 -0 -0.00772816)
(0.0536417 -0 -0.0108328)
(0.0753091 -0 -0.0144256)
(0.0749609 -0 -0.0144785)
(0.0788096 -0 -0.0152368)
(0.100434 -0 -0.0175606)
(0.120844 -0 -0.0191326)
(0.132093 -0 -0.020197)
(0.140088 -0 -0.0187756)
(0.121303 -0 -0.0127984)
(0.102498 -0 -0.00909792)
(0.0898267 -0 -0.00764594)
(0.108239 -0 -0.00908097)
(0.108356 -0 -0.00858655)
(0.107455 -0 -0.00819322)
(0.0922036 -0 -0.00678844)
(0.0817468 -0 -0.00496892)
(0.0899689 -0 -0.00394772)
(0.102802 -0 -0.00443891)
(0.105645 -0 -0.00555136)
(0.103456 -0 -0.0066219)
(0.0853133 -0 -0.00636447)
(0.0648174 -0 -0.00454309)
(0.0808284 -0 -0.00465943)
(0.101908 -0 -0.00469937)
(0.11552 -0 -0.00374155)
(0.115486 -0 -0.00344306)
(0.14642 -0 -0.00442255)
(0.161809 -0 -0.0032153)
(0.275283 -0 -0.00164191)
(0.313761 -0 0.000697555)
(0.322396 -0 0.00190619)
(0.226214 -0 0.00185949)
(0.302885 -0 0.00343191)
(0.41295 -0 0.00683816)
(0.361062 -0 0.008103)
(0.425877 -0 0.0134727)
(0.883569 -0 0.026928)
(0.705133 -0 0.0223858)
(0.913277 -0 0.0234525)
(1.25244 -0 0.0213631)
(1.8066 -0 0.0271755)
(1.86286 -0 0.0252304)
(3.01943 -0 0.0449916)
(3.33008 -0 0.0256383)
(5.97168 -0 0.0106251)
(4.54717 -0 1.60454)
(0 -0 0)
(0 -0 0)
(0 -0 0)
(0 -0 0)
(0 -0 0)
(0 -0 0)
(0 -0 0)
(0 -0 0)
(0 -0 0)
(0 -0 0)
(0 -0 0)
(0 -0 0)
(0 -0 0)
(0 -0 0)
(0 -0 0)
(0 -0 0)
(0 -0 0)
(0 -0 0)
(0 -0 0)
(0 -0 0)
(0 -0 0)
(0 -0 0)
(0 -0 0)
(0 -0 0)
(0 -0 0)
(0 -0 0)
(0 -0 0)
(0 -0 0)
(0 -0 0)
(0 -0 0)
(0 -0 0)
(0 -0 0)
(0 -0 0)
(0 -0 0)
(0 -0 0)
(0 -0 0)
(0 -0 -0)
(0 -0 -0)
(0 -0 -0)
(0 -0 -0)
(0 -0 -0)
(0 -0 -0)
(0 -0 -0)
(0 -0 -0)
(0 -0 -0)
(0 -0 -0)
(0 -0 -0)
(0 -0 -0)
(0 -0 -0)
(0 -0 -0)
(0 -0 -0)
(0 -0 -0)
(0 -0 -0)
(0 -0 -0)
(0 -0 -0)
(0 -0 -0)
(0 -0 -0)
(0 -0 -0)
(0 -0 -0)
(0 -0 -0)
(0 -0 -0)
(0 -0 -0)
(0 -0 -0)
(0 -0 -0)
(0.00293248 -0 -0.000170838)
(0.00657847 -0 -0.000140062)
(0.0151411 -0 -0.000217626)
(0.0188565 -0 -0.00141855)
(0.0243144 -0 -0.00506099)
(0.0372128 -0 -0.00862875)
(0.0730022 -0 -0.0165225)
(0.097856 -0 -0.0212145)
(0.106563 -0 -0.0213101)
(0.105966 -0 -0.019325)
(0.102077 -0 -0.0168598)
(0.133592 -0 -0.0206829)
(0.135595 -0 -0.0192824)
(0.101271 -0 -0.0137829)
(0.109976 -0 -0.0143437)
(0.143789 -0 -0.0170197)
(0.133505 -0 -0.0143868)
(0.13505 -0 -0.0127039)
(0.112358 -0 -0.00934291)
(0.108129 -0 -0.00952412)
(0.121558 -0 -0.0117084)
(0.154886 -0 -0.014931)
(0.140317 -0 -0.0125648)
(0.152603 -0 -0.0117098)
(0.130775 -0 -0.00878799)
(0.133689 -0 -0.00936309)
(0.150832 -0 -0.0121874)
(0.188799 -0 -0.0165341)
(0.1459 -0 -0.0125895)
(0.152913 -0 -0.0116186)
(0.107052 -0 -0.00660273)
(0.101123 -0 -0.00526273)
(0.15161 -0 -0.00754055)
(0.272631 -0 -0.014717)
(0.184287 -0 -0.0113056)
(0.277424 -0 -0.0177145)
(0.393661 -0 -0.0220855)
(0.353135 -0 -0.021151)
(0.897068 -0 -0.0579536)
(1.44351 -0 -0.0982073)
(1.11629 -0 -0.0866097)
(1.07956 -0 -0.0918174)
(0.865525 -0 -0.0779102)
(0.188902 -0 -0.0161139)
(0.867784 -0 -0.100711)
(1.32907 -0 -0.173851)
(1.52927 -0 -0.217324)
(1.6111 -0 -0.249028)
(0.0415772 -0 -0.0110926)
(0.89656 -0 -0.155315)
(1.30239 -0 -0.237708)
(1.64846 -0 -0.326361)
(1.24599 -0 -0.276632)
(1.41927 -0 -0.342576)
(0.244926 -0 -0.0641122)
(0.0120054 -0 0.00572779)
(0 -0 0)
(0 -0 0)
(0 -0 0)
(0 -0 0)
(0 -0 0)
(0 -0 0)
(0 -0 0)
(0 -0 0)
(0 -0 0)
(0 -0 0)
(0 -0 0)
(0 -0 0)
(0 -0 0)
(0 -0 0)
(0 -0 0)
(0 -0 0)
(0 -0 0)
(0 -0 0)
(0 -0 0)
(0 -0 0)
(0 -0 0)
(0 -0 0)
(0 -0 0)
(0 -0 0)
(0 -0 0)
(0 -0 0)
(0 -0 0)
(0 -0 0)
(0 -0 0)
(0 -0 0)
(0 -0 0)
(0 -0 0)
(0 -0 0)
(0 -0 0)
(0 -0 0)
(0 -0 0)
(1.17342e-15 -0 6.68306e-19)
(0 -0 -0)
(0 -0 -0)
(0 -0 -0)
(0 -0 -0)
(0 -0 -0)
(0 -0 -0)
(0 -0 -0)
(0 -0 -0)
(0 -0 -0)
(0 -0 -0)
(0 -0 -0)
(0 -0 -0)
(0 -0 -0)
(0 -0 -0)
(0 -0 -0)
(0 -0 -0)
(0 -0 -0)
(0 -0 -0)
(0 -0 -0)
(0 -0 -0)
(0 -0 -0)
(0 -0 -0)
(0 -0 -0)
(0 -0 -0)
(0.00580658 -0 -0.000324803)
(0.0107233 -0 -0.000886572)
(0.00832385 -0 -0.00186123)
(0.0200025 -0 -0.00413175)
(0.0649024 -0 -0.013426)
(0.0773887 -0 -0.0158119)
(0.0668074 -0 -0.0130336)
(0.0546798 -0 -0.0104714)
(0.0592347 -0 -0.0107895)
(0.0946461 -0 -0.0161555)
(0.138373 -0 -0.0210197)
(0.15633 -0 -0.0206765)
(0.145829 -0 -0.0177037)
(0.150476 -0 -0.017266)
(0.163469 -0 -0.0183818)
(0.208356 -0 -0.021193)
(0.178948 -0 -0.0171932)
(0.189594 -0 -0.0189924)
(0.212765 -0 -0.0213539)
(0.222013 -0 -0.0219487)
(0.189703 -0 -0.0188293)
(0.13636 -0 -0.0132952)
(0.114428 -0 -0.0106659)
(0.227485 -0 -0.0197907)
(0.299305 -0 -0.0236572)
(0.339083 -0 -0.0273735)
(0.371329 -0 -0.0326579)
(0.349781 -0 -0.0344432)
(0.192465 -0 -0.0184653)
(0.220557 -0 -0.0167027)
(0.407295 -0 -0.0240973)
(0.465583 -0 -0.0243361)
(0.370388 -0 -0.0227573)
(0.316112 -0 -0.0254392)
(0.20467 -0 -0.0184084)
(0.522199 -0 -0.0499274)
(0.92838 -0 -0.0931188)
(-0.152466 -0 0.0155817)
(0.654393 -0 -0.0696066)
(1.68827 -0 -0.196282)
(0.434058 -0 -0.0550013)
(1.72242 -0 -0.228266)
(2.53045 -0 -0.352298)
(1.91514 -0 -0.27826)
(1.95785 -0 -0.299396)
(1.45522 -0 -0.237995)
(0.0990538 -0 -0.0168924)
(0.508567 -0 -0.0897509)
(0.87961 -0 -0.15366)
(0.544471 -0 -0.0958667)
(0.640801 -0 -0.112767)
(0.223401 -0 -0.0401186)
(0.173817 -0 -0.0327964)
(0.152988 -0 -0.0303348)
(0.0867989 -0 -0.0178328)
(0.0487246 -0 -0.00982531)
(0.0144286 -0 -0.00299113)
(2.96577e-05 -0 -1.03895e-05)
(0 -0 0)
(0 -0 0)
(0 -0 0)
(0 -0 0)
(0 -0 0)
(0 -0 0)
(0 -0 0)
(0 -0 0)
(0 -0 0)
(0 -0 0)
(0 -0 0)
(0 -0 0)
(0 -0 0)
(0 -0 0)
(0 -0 0)
(0 -0 0)
(0 -0 0)
(0 -0 0)
(0 -0 0)
(0 -0 0)
(0 -0 0)
(0 -0 0)
(0 -0 0)
(0 -0 0)
(0 -0 0)
(0 -0 0)
(0 -0 0)
(0 -0 0)
(0 -0 0)
(0 -0 0)
(0 -0 0)
(0 -0 0)
(0 -0 0)
(0 -0 0)
(0 -0 0)
(0 -0 0)
(0 -0 0)
(0 -0 0)
(0 -0 0)
(0 -0 -0)
(0 -0 -0)
(0 -0 -0)
(0 -0 -0)
(0 -0 -0)
(0 -0 -0)
(0 -0 -0)
(0 -0 -0)
(0 -0 -0)
(0 -0 -0)
(0 -0 0)
(0 -0 -0)
(0 -0 -0)
(0 -0 -0)
(0 -0 -0)
(0 -0 -0)
(0.000613926 -0 -3.20381e-05)
(0.00211049 -0 -9.77218e-05)
(0.00663973 -0 -0.000282239)
(0.0223709 -0 -0.000321258)
(0.0360604 -0 -0.000266567)
(0.0465485 -0 -0.00308079)
(0.01888 -0 -0.00367944)
(0.0318315 -0 -0.00571609)
(0.0999825 -0 -0.0167827)
(0.0268091 -0 -0.00460289)
(0.0224457 -0 -0.00357515)
(0.154312 -0 -0.0219741)
(0.179575 -0 -0.0233478)
(0.17452 -0 -0.0204501)
(0.0998285 -0 -0.0100344)
(0.0229603 -0 -0.0021287)
(0.0292209 -0 -0.00317759)
(0.178647 -0 -0.0181572)
(0.325119 -0 -0.028254)
(0.397981 -0 -0.0337722)
(0.373057 -0 -0.0332359)
(0.300298 -0 -0.0289696)
(0.366482 -0 -0.035395)
(0.488483 -0 -0.0451541)
(0.431128 -0 -0.0384161)
(0.386746 -0 -0.0320254)
(0.470922 -0 -0.0359528)
(0.377113 -0 -0.0283518)
(-0.0683494 -0 0.00525414)
(0.0363228 -0 -0.00375582)
(0.645398 -0 -0.0466536)
(0.630495 -0 -0.0481927)
(0.928842 -0 -0.071262)
(1.76805 -0 -0.118843)
(1.38098 -0 -0.0796826)
(-0.00106904 -0 0.00299637)
(-0.718416 -0 0.0628806)
(1.07672 -0 -0.115293)
(2.64715 -0 -0.307498)
(1.05914 -0 -0.133053)
(0.162995 -0 -0.0211345)
(0.742541 -0 -0.0964715)
(0.937498 -0 -0.122401)
(1.37334 -0 -0.185452)
(0.0891063 -0 -0.01177)
(0.484809 -0 -0.0768252)
(1.43066 -0 -0.220016)
(0.289695 -0 -0.0448274)
(1.13727 -0 -0.17705)
(1.24343 -0 -0.191724)
(0.723632 -0 -0.112707)
(0.471844 -0 -0.0734249)
(0.340856 -0 -0.0511347)
(0.142581 -0 -0.0206528)
(0.13232 -0 -0.0186347)
(0.145795 -0 -0.0214547)
(0.0914887 -0 -0.0138802)
(0.0699636 -0 -0.0114066)
(0.0348469 -0 -0.0062046)
(0.016374 -0 -0.00316606)
(0.00926787 -0 -0.00199523)
(0.0027503 -0 -0.000682888)
(0.00105352 -0 -0.000365729)
(4.39313e-05 -0 -3.72301e-05)
(5.20754e-07 -0 1.89293e-07)
(0 -0 0)
(0 -0 0)
(0 -0 0)
(0 -0 0)
(0 -0 0)
(0 -0 0)
(0 -0 0)
(0 -0 0)
(0 -0 0)
(0 -0 0)
(0 -0 0)
(0 -0 0)
(0 -0 0)
(0 -0 0)
(0 -0 0)
(0 -0 0)
(0 -0 0)
(0 -0 0)
(0 -0 0)
(0 -0 0)
(0 -0 0)
(0 -0 0)
(0 -0 0)
(0 -0 0)
(0 -0 0)
(0 -0 0)
(0 -0 0)
(0 -0 0)
(0 -0 0)
(0 -0 0)
(0 -0 0)
(0 -0 0)
(0 -0 0)
(0 -0 0)
(0 -0 0)
(0 -0 0)
(0 -0 0)
(0 -0 0)
(0 -0 0)
(0 -0 0)
(0 -0 -0)
(0 -0 -0)
(0 -0 -0)
(0 -0 -0)
(0 -0 -0)
(0 -0 -0)
(0.00251442 -0 -6.146e-07)
(0.0116866 -0 -5.40628e-06)
(0.0248723 -0 5.90167e-07)
(0.0261735 -0 1.12034e-05)
(0.0058283 -0 -5.78114e-05)
(-0.00928846 -0 -0.000136234)
(-0.000516897 -0 -0.000177036)
(0.0190614 -0 -0.00043357)
(-0.0386664 -0 0.00220628)
(-0.0550667 -0 0.00538504)
(-0.0527782 -0 0.00666084)
(0.0419611 -0 -0.00293303)
(0.378574 -0 -0.0397066)
(0.481107 -0 -0.0528101)
(0.348312 -0 -0.0381144)
(0.0619253 -0 -0.00695182)
(-0.112829 -0 0.0120699)
(0.398087 -0 -0.036391)
(0.377704 -0 -0.0320463)
(-0.0663195 -0 0.00569634)
(0.00162564 -0 -0.000451062)
(0.352022 -0 -0.0292442)
(0.646555 -0 -0.0543546)
(0.381503 -0 -0.0332375)
(-0.267229 -0 0.0203049)
(-0.651898 -0 0.0513055)
(-0.314125 -0 0.0223891)
(0.777504 -0 -0.0455445)
(1.606 -0 -0.0765752)
(1.77234 -0 -0.0760687)
(1.08818 -0 -0.0444222)
(0.80715 -0 -0.0326859)
(1.18915 -0 -0.051151)
(0.960907 -0 -0.0472443)
(0.537821 -0 -0.0315731)
(2.07446 -0 -0.138248)
(1.97859 -0 -0.147879)
(-1.53768 -0 0.133928)
(-0.648899 -0 0.0609961)
(2.49492 -0 -0.225314)
(1.29415 -0 -0.109153)
(1.54468 -0 -0.133197)
(4.55894 -0 -0.45959)
(2.91055 -0 -0.362324)
(-0.0778997 -0 0.0148019)
(-1.60006 -0 0.236331)
(-0.544402 -0 0.0743063)
(1.82032 -0 -0.234582)
(1.93466 -0 -0.233552)
(0.903104 -0 -0.111983)
(0.400716 -0 -0.0529205)
(0.180431 -0 -0.0251076)
(0.175044 -0 -0.0242978)
(0.109323 -0 -0.0142329)
(0.19402 -0 -0.0231472)
(0.313913 -0 -0.037133)
(0.188528 -0 -0.0221273)
(0.18632 -0 -0.0211865)
(0.16496 -0 -0.0188129)
(0.0849257 -0 -0.00958278)
(0.0534652 -0 -0.00591878)
(0.0333976 -0 -0.00380366)
(0.023234 -0 -0.00298819)
(0.0165971 -0 -0.00235443)
(0.0145598 -0 -0.00236195)
(0.00927979 -0 -0.00176718)
(0.00631612 -0 -0.00141554)
(0.00368166 -0 -0.000982987)
(0.00145574 -0 -0.000466863)
(0.000560479 -0 -0.000230363)
(0.000165794 -0 -7.99799e-05)
(5.80458e-05 -0 -3.51713e-05)
(1.11019e-06 -0 -5.48502e-07)
(0 -0 0)
(0 -0 0)
(0 -0 0)
(0 -0 0)
(0 -0 0)
(0 -0 0)
(0 -0 0)
(0 -0 0)
(0 -0 0)
(0 -0 0)
(0 -0 0)
(0 -0 0)
(0 -0 0)
(0 -0 0)
(0 -0 0)
(0 -0 0)
(0 -0 0)
(0 -0 0)
(0 -0 0)
(0 -0 0)
(0 -0 0)
(0 -0 0)
(0 -0 0)
(0 -0 0)
(0 -0 0)
(0 -0 0)
(0 -0 0)
(0 -0 0)
(0 -0 0)
(0 -0 0)
(0 -0 0)
(0 -0 0)
(0 -0 0)
(0 -0 0)
(0 -0 0)
(0 -0 0)
(0 -0 0)
(0 -0 0)
(0.663843 -0 1.23201e-08)
(0.578956 -0 5.63384e-08)
(0.5152 -0 8.53078e-09)
(0.474597 -0 -7.67854e-07)
(0.45903 -0 -6.82298e-07)
(0.433365 -0 -1.09727e-06)
(0.433355 -0 -0.000764099)
(0.418597 -0 -0.00317444)
(0.334263 -0 -0.0056373)
(0.0972046 -0 -0.00252838)
(0.662709 -0 -0.0213835)
(1.18491 -0 -0.0436992)
(-0.108103 -0 0.00484061)
(-0.642882 -0 0.0359282)
(0.0137944 -0 -0.000737752)
(0.468327 -0 -0.0311837)
(0.786207 -0 -0.0531006)
(-0.34836 -0 0.022938)
(-0.710769 -0 0.0430904)
(-0.259884 -0 0.0151058)
(-0.136647 -0 0.00779612)
(0.860332 -0 -0.0468048)
(1.32944 -0 -0.0665028)
(1.68357 -0 -0.0755076)
(1.11604 -0 -0.0434008)
(-0.981028 -0 0.0308168)
(0.387861 -0 -0.00928506)
(3.14854 -0 -0.0844094)
(0.694575 -0 -0.0218731)
(-2.39572 -0 0.0706284)
(0.410723 -0 -0.00937163)
(5.11133 -0 -0.125971)
(3.34866 -0 -0.111603)
(-3.26354 -0 0.145622)
(-6.88592 -0 0.350959)
(-4.91169 -0 0.254278)
(1.4641 -0 -0.0752103)
(8.08557 -0 -0.427975)
(10.1811 -0 -0.617031)
(5.64575 -0 -0.411794)
(2.2175 -0 -0.18801)
(0.754394 -0 -0.0719732)
(-0.712397 -0 0.0705466)
(-0.364473 -0 0.0357381)
(0.582645 -0 -0.0655318)
(2.4429 -0 -0.257009)
(0.290103 -0 -0.0303353)
(-0.255475 -0 0.0241596)
(1.83869 -0 -0.199429)
(1.27253 -0 -0.154343)
(0.641261 -0 -0.0891719)
(0.791809 -0 -0.101497)
(0.507566 -0 -0.0539217)
(0.250633 -0 -0.0216918)
(0.0756078 -0 -0.00542974)
(0.0203171 -0 -0.000398052)
(0.167786 -0 -0.0129757)
(0.187149 -0 -0.0156636)
(0.112174 -0 -0.0091294)
(0.0606093 -0 -0.00459214)
(0.0327396 -0 -0.00221989)
(0.0273475 -0 -0.00159464)
(0.0269834 -0 -0.00171518)
(0.029042 -0 -0.00211092)
(0.033278 -0 -0.00260656)
(0.0266103 -0 -0.00220313)
(0.0201395 -0 -0.00188114)
(0.0165591 -0 -0.00182922)
(0.0102534 -0 -0.00142051)
(0.00768605 -0 -0.00134951)
(0.00540412 -0 -0.00110853)
(0.004659 -0 -0.0010565)
(0.00305341 -0 -0.000776952)
(0.00239441 -0 -0.000676084)
(0.00143989 -0 -0.000452487)
(0.000867673 -0 -0.000297059)
(0.000478306 -0 -0.000173124)
(0.000138833 -0 -5.28093e-05)
(3.27862e-05 -0 -1.21592e-05)
(2.06391e-06 -0 -4.66466e-07)
(1.59728e-06 -0 -1.41609e-07)
(0 -0 0)
(0 -0 0)
(0 -0 -0)
(0 -0 -0)
(0 -0 0)
(0 -0 0)
(0 -0 0)
(0 -0 0)
(0 -0 0)
(0 -0 0)
(0 -0 0)
(0 -0 0)
(0 -0 0)
(0 -0 0)
(0 -0 0)
(0 -0 0)
(0 -0 0)
(0 -0 0)
(0 -0 0)
(0 -0 0)
(0 -0 0)
(0 -0 0)
(0 -0 0)
(0 -0 0)
(0 -0 0)
(0 -0 0)
(0 -0 0)
(0 -0 0)
(0 -0 0)
(0 -0 0)
(0 -0 0)
(0 -0 0)
(0 -0 0)
(0 -0 0)
(0 -0 0)
(0 -0 0)
(0 -0 0)
(0 -0 0)
(0 -0 0)
(3.29513 -0 -0.00164755)
(2.45132 -0 -0.00494832)
(2.1818 -0 -0.0104938)
(2.0024 -0 -0.0143216)
(1.85599 -0 -0.0131561)
(1.77605 -0 -0.0150442)
(1.71961 -0 -0.0231356)
(1.674 -0 -0.0281898)
(1.46276 -0 -0.0254897)
(1.1545 -0 -0.0243195)
(1.60659 -0 -0.0403542)
(2.32726 -0 -0.0564577)
(1.5175 -0 -0.0373702)
(-0.000321953 -0 7.65942e-05)
(-0.732983 -0 0.0185937)
(-0.446612 -0 0.0113203)
(0.24951 -0 -0.0066052)
(0.174668 -0 -0.00517478)
(0.222559 -0 -0.00722932)
(0.533289 -0 -0.0177078)
(0.500834 -0 -0.0169593)
(0.71947 -0 -0.0252727)
(0.979275 -0 -0.0351547)
(1.33619 -0 -0.0499983)
(0.945713 -0 -0.0405244)
(0.156484 -0 -0.00765463)
(0.696649 -0 -0.0416303)
(1.0401 -0 -0.0576336)
(0.233913 -0 -0.0100931)
(0.355798 -0 -0.0197486)
(1.51793 -0 -0.104777)
(1.76738 -0 -0.128701)
(0.524451 -0 -0.0361006)
(-0.89324 -0 0.075303)
(-1.14762 -0 0.0904265)
(-0.637864 -0 0.0443319)
(0.292603 -0 -0.0268795)
(1.1944 -0 -0.0886482)
(1.33387 -0 -0.0891799)
(0.931938 -0 -0.0575954)
(0.640717 -0 -0.0384371)
(0.520338 -0 -0.0305292)
(0.30816 -0 -0.0171055)
(0.18848 -0 -0.00907951)
(0.0921829 -0 -0.00343672)
(0.107844 -0 -0.0036574)
(0.0565014 -0 -0.00194785)
(0.0131751 -0 -0.000107048)
(0.0939131 -0 -0.00271814)
(0.109532 -0 -0.00184096)
(0.0702942 -0 1.5922e-05)
(0.0567295 -0 0.000180836)
(0.0402572 -0 -0.000384643)
(0.028841 -0 -0.000519688)
(0.0229651 -0 -0.000473349)
(0.0171325 -0 -0.000391277)
(0.014855 -0 -0.000311587)
(0.0130628 -0 -0.000294901)
(0.0105239 -0 -0.000398145)
(0.00852475 -0 -0.000460624)
(0.00707897 -0 -0.000466594)
(0.00677251 -0 -0.000626435)
(0.00718495 -0 -0.000885786)
(0.00647425 -0 -0.000874721)
(0.00655802 -0 -0.00095192)
(0.00630438 -0 -0.00108929)
(0.00533559 -0 -0.00108227)
(0.00447217 -0 -0.00100986)
(0.00336128 -0 -0.000833204)
(0.00231775 -0 -0.000597853)
(0.00159705 -0 -0.000414095)
(0.0011016 -0 -0.000286118)
(0.000728675 -0 -0.00019813)
(0.000364637 -0 -0.000104949)
(0.000108882 -0 -3.00425e-05)
(4.477e-05 -0 -1.0491e-05)
(4.2336e-06 -0 -6.89595e-07)
(2.55613e-06 -0 -1.28845e-07)
(9.69151e-07 -0 2.06539e-08)
(0 -0 0)
(0 -0 0)
(0 -0 0)
(0 -0 -0)
(0 -0 -0)
(0 -0 -0)
(0 -0 -0)
(0 -0 0)
(0 -0 0)
(0 -0 0)
(0 -0 0)
(0 -0 0)
(0 -0 0)
(0 -0 0)
(0 -0 0)
(0 -0 0)
(0 -0 0)
(0 -0 0)
(0 -0 0)
(0 -0 0)
(0 -0 0)
(0 -0 0)
(0 -0 0)
(0 -0 0)
(0 -0 0)
(0 -0 0)
(0 -0 0)
(0 -0 0)
(0 -0 0)
(0 -0 0)
(0 -0 0)
(0 -0 0)
(0 -0 0)
(0 -0 0)
(0 -0 0)
(0 -0 0)
(0 -0 0)
(0 -0 0)
(0 -0 0)
(0 -0 0)
(0 -0 0)
(0.000549515 -0 -2.73007e-12)
(0.000409826 -0 -3.83666e-11)
(0.000364908 -0 2.62924e-07)
(0.000334252 -0 4.82776e-07)
(0.00468327 -0 1.84415e-06)
(0.000297056 -0 -3.04949e-08)
(0.00250229 -0 4.0639e-06)
(0.00329494 -0 5.47837e-06)
(0.00601829 -0 -3.40826e-06)
(0.000196276 -0 -1.26174e-08)
(0.00541811 -0 4.23368e-06)
(0.00777404 -0 -1.16071e-05)
(0.000259418 -0 -3.62617e-07)
(0.000114002 -0 -1.70974e-08)
(-0.00135183 -0 -8.03466e-07)
(-0.00089907 -0 5.22196e-07)
(0.000508554 -0 -2.56356e-07)
(2.99558e-05 -0 5.72299e-08)
(0.00100445 -0 3.7411e-06)
(0.0022626 -0 4.82552e-06)
(0.00278019 -0 1.23445e-06)
(0.00284351 -0 3.61294e-07)
(0.0049144 -0 -1.28336e-06)
(0.005297 -0 -2.21264e-06)
(0.00351245 -0 8.32984e-06)
(0.00106219 -0 8.58221e-06)
(0.00705498 -0 8.53956e-05)
(0.0125664 -0 0.000131052)
(0.00302142 -0 2.24336e-05)
(0.011831 -0 0.000120635)
(0.0360272 -0 0.000526281)
(0.0349934 -0 0.000578321)
(0.00180749 -0 1.97401e-05)
(-0.0249447 -0 -0.000658003)
(-0.0162259 -0 -0.000474763)
(0.0105538 -0 0.000368231)
(0.0371208 -0 0.00122003)
(0.0546396 -0 0.00155372)
(0.0517734 -0 0.00120113)
(0.047598 -0 0.000928111)
(0.0462479 -0 0.000954953)
(0.0443272 -0 0.00113901)
(0.0348588 -0 0.000818564)
(0.0229308 -0 0.000296643)
(0.013284 -0 6.90659e-05)
(0.0100791 -0 1.83933e-05)
(0.00962753 -0 1.72352e-07)
(0.00902398 -0 -5.62849e-05)
(0.00936873 -0 -0.000234211)
(0.0101611 -0 -0.000439441)
(0.00864287 -0 -0.000475079)
(0.00845796 -0 -0.000610439)
(0.00752155 -0 -0.000626242)
(0.00673672 -0 -0.000537435)
(0.00592102 -0 -0.000477433)
(0.00514363 -0 -0.000489687)
(0.00426223 -0 -0.000484482)
(0.00407722 -0 -0.000493027)
(0.00386096 -0 -0.000444199)
(0.00373767 -0 -0.000432314)
(0.0034382 -0 -0.000429916)
(0.00312751 -0 -0.000395982)
(0.00286925 -0 -0.000366388)
(0.00238654 -0 -0.000335188)
(0.00204447 -0 -0.000312998)
(0.00164394 -0 -0.000254633)
(0.00143862 -0 -0.000231712)
(0.000926613 -0 -0.000162488)
(0.000442721 -0 -7.77485e-05)
(0.000210308 -0 -3.43697e-05)
(9.99892e-05 -0 -1.58622e-05)
(4.42948e-05 -0 -6.78256e-06)
(4.96718e-06 -0 -5.30338e-07)
(3.93427e-06 -0 -1.00946e-07)
(1.72683e-06 -0 2.99256e-08)
(7.99033e-07 -0 1.36914e-08)
(0 -0 0)
(0 -0 0)
(0 -0 0)
(0 -0 0)
(0 -0 0)
(0 -0 -0)
(0 -0 -0)
(0 -0 -0)
(0 -0 -0)
(0 -0 -0)
(0 -0 -0)
(0 -0 -0)
(0 -0 0)
(0 -0 0)
(0 -0 0)
(0 -0 0)
(0 -0 0)
(0 -0 0)
(0 -0 0)
(0 -0 0)
(0 -0 0)
(0 -0 0)
(0 -0 0)
(0 -0 0)
(0 -0 0)
(0 -0 0)
(0 -0 0)
(0 -0 0)
(0 -0 0)
(0 -0 0)
(0 -0 0)
(0 -0 0)
(0 -0 0)
(0 -0 0)
(0 -0 0)
(0 -0 0)
(0 -0 0)
(0 -0 0)
(0 -0 0)
(0 -0 0)
(0 -0 0)
(0 -0 0)
(0 -0 0)
(0 -0 0)
(0 -0 -0)
(0 -0 -0)
(0 -0 -0)
(0 -0 -0)
(9.18461e-07 -0 -3.61327e-12)
(0 -0 -0)
(4.72068e-07 -0 -3.84828e-12)
(6.59805e-07 -0 -4.41213e-12)
(1.3013e-06 -0 -4.24861e-12)
(0 -0 -0)
(1.0535e-06 -0 -2.40393e-12)
(1.19059e-06 -0 -7.91777e-12)
(0 -0 -0)
(2.66916e-07 -0 -7.7441e-12)
(-7.90982e-09 -0 -1.82425e-12)
(-1.63214e-08 -0 3.9064e-12)
(1.38137e-07 -0 7.24067e-12)
(0 -0 0)
(4.42426e-07 -0 2.2539e-11)
(5.61248e-07 -0 1.14088e-11)
(6.66983e-07 -0 1.06489e-11)
(5.67342e-07 -0 1.00109e-11)
(9.68985e-07 -0 7.84214e-12)
(1.02485e-06 -0 5.85759e-12)
(8.21333e-07 -0 2.73929e-13)
(7.9077e-07 -0 1.30664e-11)
(2.14283e-06 -0 1.58315e-10)
(3.19582e-06 -0 6.55884e-11)
(3.19121e-06 -0 8.36424e-08)
(6.93013e-06 -0 6.43009e-07)
(0.000104048 -0 1.40909e-05)
(0.000126415 -0 1.70288e-05)
(-7.676e-06 -0 -6.29102e-08)
(-7.65942e-05 -0 -9.68887e-06)
(0.000285002 -0 2.38213e-05)
(0.000928171 -0 5.25027e-05)
(0.00143747 -0 5.47554e-05)
(0.00199804 -0 6.27265e-05)
(0.00249119 -0 7.94536e-05)
(0.00315969 -0 0.000121324)
(0.00393311 -0 0.0001733)
(0.00441268 -0 0.00019708)
(0.00431486 -0 0.000194602)
(0.00382204 -0 0.000166515)
(0.00332091 -0 0.000114478)
(0.00331908 -0 6.54747e-05)
(0.0035515 -0 2.42859e-05)
(0.00374349 -0 8.7366e-06)
(0.00386446 -0 1.40329e-05)
(0.00379921 -0 7.77186e-06)
(0.00338043 -0 -1.07484e-05)
(0.00284125 -0 -1.80867e-05)
(0.00247453 -0 -3.50586e-05)
(0.00225521 -0 -8.22922e-05)
(0.00213763 -0 -0.000138156)
(0.00178689 -0 -0.000147414)
(0.00139358 -0 -0.000122378)
(0.00107462 -0 -9.58393e-05)
(0.000853321 -0 -7.90236e-05)
(0.000667242 -0 -6.03501e-05)
(0.000487991 -0 -4.21839e-05)
(0.000395664 -0 -3.74372e-05)
(0.0002535 -0 -2.72929e-05)
(0.000194849 -0 -2.23728e-05)
(9.17116e-05 -0 -1.11923e-05)
(6.12122e-05 -0 -7.93965e-06)
(6.35771e-06 -0 -6.3067e-07)
(5.57341e-06 -0 -1.7927e-07)
(3.67594e-06 -0 3.01978e-08)
(2.05239e-06 -0 2.00397e-08)
(1.18553e-06 -0 1.1557e-08)
(6.2145e-07 -0 7.9199e-09)
(0 -0 0)
(0 -0 0)
(0 -0 0)
(0 -0 0)
(0 -0 0)
(0 -0 0)
(0 -0 0)
(0 -0 0)
(0 -0 -0)
(0 -0 -0)
(0 -0 -0)
(0 -0 -0)
(0 -0 -0)
(0 -0 -0)
(0 -0 -0)
(0 -0 -0)
(0 -0 -0)
(0 -0 0)
(0 -0 0)
(0 -0 0)
(0 -0 0)
(0 -0 0)
(0 -0 0)
(0 -0 0)
(0 -0 0)
(0 -0 0)
(0 -0 0)
(0 -0 0)
(0 -0 0)
(0 -0 0)
(0 -0 0)
(0 -0 0)
(0 -0 0)
(0 -0 0)
(0 -0 0)
(0 -0 0)
(0 -0 0)
(0 -0 0)
(0 -0 0)
(0 -0 0)
(0 -0 0)
(0 -0 0)
(0 -0 0)
(0 -0 0)
(0 -0 0)
(0 -0 0)
(0 -0 0)
(0 -0 0)
(0 -0 -0)
(0 -0 -0)
(0 -0 -0)
(0 -0 -0)
(0 -0 -0)
(0 -0 -0)
(0 -0 -0)
(0 -0 -0)
(0 -0 -0)
(0 -0 -0)
(0 -0 -0)
(0 -0 -0)
(0 -0 -0)
(0 -0 -0)
(0 -0 -0)
(0 -0 0)
(0 -0 0)
(0 -0 0)
(0 -0 0)
(0 -0 0)
(0 -0 0)
(0 -0 0)
(0 -0 0)
(0 -0 0)
(0 -0 0)
(0 -0 0)
(0 -0 0)
(0 -0 0)
(0 -0 0)
(0 -0 0)
(5.65481e-07 -0 4.34155e-09)
(7.18435e-07 -0 2.48832e-09)
(3.76245e-07 -0 6.38805e-09)
(4.50004e-07 -0 1.62895e-08)
(1.88301e-06 -0 1.36033e-08)
(4.07053e-06 -0 6.32247e-09)
(5.29753e-06 -0 2.77603e-09)
(6.51182e-06 -0 2.54762e-09)
(8.09173e-06 -0 2.19223e-09)
(9.83785e-06 -0 3.94356e-09)
(1.1839e-05 -0 5.62765e-09)
(1.29227e-05 -0 3.94957e-09)
(1.24126e-05 -0 3.75224e-09)
(1.12129e-05 -0 3.71927e-09)
(1.01749e-05 -0 2.3677e-09)
(1.04203e-05 -0 9.07551e-10)
(1.11188e-05 -0 4.31425e-11)
(1.14006e-05 -0 2.36415e-11)
(1.17071e-05 -0 7.11955e-11)
(1.13841e-05 -0 8.40631e-11)
(1.03934e-05 -0 1.24328e-10)
(8.86328e-06 -0 9.36836e-11)
(8.20317e-06 -0 2.12881e-10)
(7.48786e-06 -0 2.52743e-09)
(7.40815e-06 -0 8.52285e-09)
(7.10032e-06 -0 1.18509e-08)
(6.30194e-06 -0 1.14353e-08)
(5.24341e-06 -0 1.23759e-08)
(4.63371e-06 -0 1.17655e-08)
(3.9302e-06 -0 1.33484e-08)
(3.14338e-06 -0 6.88217e-09)
(2.89597e-06 -0 1.19458e-08)
(2.02155e-06 -0 1.0607e-08)
(1.84862e-06 -0 1.07945e-08)
(9.179e-07 -0 7.05964e-09)
(7.76688e-07 -0 6.40173e-09)
(0 -0 0)
(0 -0 0)
(0 -0 0)
(0 -0 0)
(0 -0 0)
(0 -0 0)
(0 -0 0)
(0 -0 0)
(0 -0 0)
(0 -0 0)
(0 -0 0)
(0 -0 0)
(0 -0 0)
(0 -0 -0)
(0 -0 -0)
(0 -0 -0)
(0 -0 -0)
(0 -0 -0)
(0 -0 -0)
(0 -0 -0)
(0 -0 -0)
(0 -0 -0)
(0 -0 -0)
(0 -0 -0)
(0 -0 0)
(0 -0 0)
(0 -0 0)
(0 -0 0)
(0 -0 0)
(0 -0 0)
(0 -0 0)
(0 -0 0)
(0 -0 0)
(0 -0 0)
(0 -0 0)
(0 -0 0)
(0 -0 0)
(0 -0 0)
(0 -0 0)
(0 -0 0)
(0 -0 0)
(0 -0 0)
(0 -0 0)
(0 -0 0)
(0 -0 0)
(0 -0 0)
(0 -0 0)
(0 -0 0)
(0 -0 0)
(0 -0 0)
(0 -0 0)
(0 -0 0)
(0 -0 0)
(0 -0 0)
(0 -0 -0)
(0 -0 -0)
(0 -0 -0)
(0 -0 -0)
(0 -0 -0)
(0 -0 -0)
(0 -0 -0)
(0 -0 -0)
(0 -0 -0)
(0 -0 -0)
(0 -0 -0)
(0 -0 -0)
(0 -0 -0)
(0 -0 -0)
(0 -0 -0)
(0 -0 0)
(0 -0 0)
(0 -0 0)
(0 -0 0)
(0 -0 0)
(0 -0 0)
(0 -0 0)
(0 -0 0)
(0 -0 0)
(0 -0 0)
(0 -0 0)
(0 -0 0)
(0 -0 0)
(0 -0 0)
(0 -0 0)
(0 -0 0)
(0 -0 0)
(0 -0 0)
(0 -0 0)
(0 -0 0)
(0 -0 0)
(0 -0 0)
(0 -0 0)
(0 -0 0)
(0 -0 0)
(0 -0 0)
(0 -0 0)
(0 -0 0)
(0 -0 0)
(0 -0 0)
(0 -0 0)
(0 -0 0)
(0 -0 0)
(0 -0 0)
(0 -0 0)
(0 -0 0)
(0 -0 0)
(0 -0 0)
(0 -0 0)
(0 -0 0)
(0 -0 0)
(0 -0 0)
(0 -0 0)
(0 -0 0)
(0 -0 0)
(0 -0 0)
(0 -0 0)
(0 -0 0)
(0 -0 0)
(0 -0 0)
(0 -0 0)
(0 -0 0)
(0 -0 0)
(0 -0 0)
(0 -0 0)
(0 -0 0)
(0 -0 0)
(0 -0 0)
(0 -0 0)
(0 -0 0)
(0 -0 0)
(0 -0 0)
(0 -0 0)
(0 -0 0)
(0 -0 0)
(0 -0 -0)
(0 -0 -0)
(0 -0 -0)
(0 -0 -0)
(0 -0 -0)
(0 -0 -0)
(0 -0 -0)
(0 -0 -0)
(0 -0 -0)
(0 -0 -0)
(0 -0 -0)
(0 -0 0)
(0 -0 0)
(0 -0 0)
(0 -0 0)
(0 -0 0)
(0 -0 0)
(0 -0 0)
(0 -0 0)
(0 -0 0)
(0 -0 0)
(0 -0 0)
(0 -0 0)
(0 -0 0)
(0 -0 0)
(0 -0 0)
(0 -0 0)
(0 -0 0)
(0 -0 0)
(0 -0 0)
(0 -0 0)
(0 -0 0)
(0 -0 0)
(0 -0 0)
(0 -0 0)
(0 -0 0)
(0 -0 0)
(0 -0 0)
(0 -0 0)
(0 -0 0)
(0 -0 -0)
(0 -0 -0)
(0 -0 -0)
(0 -0 -0)
(0 -0 -0)
(0 -0 -0)
(0 -0 -0)
(0 -0 -0)
(0 -0 -0)
(0 -0 -0)
(0 -0 -0)
(0 -0 -0)
(0 -0 -0)
(0 -0 -0)
(0 -0 -0)
(0 -0 -0)
(0 -0 0)
(0 -0 0)
(0 -0 0)
(0 -0 0)
(0 -0 0)
(0 -0 0)
(0 -0 0)
(0 -0 0)
(0 -0 0)
(0 -0 0)
(0 -0 0)
(0 -0 0)
(0 -0 0)
(0 -0 0)
(0 -0 0)
(0 -0 0)
(0 -0 0)
(0 -0 0)
(0 -0 0)
(0 -0 0)
(0 -0 0)
(0 -0 0)
(0 -0 0)
(0 -0 0)
(0 -0 0)
(0 -0 0)
(0 -0 0)
(0 -0 0)
(0 -0 0)
(0 -0 0)
(0 -0 0)
(0 -0 0)
(0 -0 0)
(0 -0 0)
(0 -0 0)
(0 -0 0)
(0 -0 0)
(0 -0 0)
(0 -0 0)
(0 -0 0)
(0 -0 0)
(0 -0 0)
(0 -0 0)
(0 -0 0)
(0 -0 0)
(0 -0 0)
(0 -0 0)
(0 -0 0)
(0 -0 0)
(0 -0 0)
(0 -0 0)
(0 -0 0)
(0 -0 0)
(0 -0 0)
(0 -0 0)
(0 -0 0)
(0 -0 0)
(0 -0 0)
(0 -0 0)
(0 -0 0)
(0 -0 0)
(0 -0 0)
(0 -0 0)
(0 -0 0)
(0 -0 0)
(0 -0 0)
(0 -0 -0)
(0 -0 -0)
(0 -0 -0)
(0 -0 -0)
(0 -0 -0)
(0 -0 -0)
(0 -0 -0)
(0 -0 -0)
(0 -0 -0)
(0 -0 -0)
(0 -0 0)
(0 -0 0)
(0 -0 0)
(0 -0 0)
(0 -0 0)
(0 -0 0)
(0 -0 0)
(0 -0 0)
(0 -0 0)
(0 -0 0)
(0 -0 0)
(0 -0 0)
(0 -0 0)
(0 -0 0)
(0 -0 0)
(0 -0 0)
(0 -0 0)
(0 -0 0)
(0 -0 0)
(0 -0 0)
(0 -0 0)
(0 -0 0)
(0 -0 0)
(0 -0 0)
(0 -0 0)
(0 -0 0)
(0 -0 0)
(0 -0 0)
(0 -0 -0)
(0 -0 -0)
(0 -0 -0)
(0 -0 -0)
(0 -0 -0)
(0 -0 -0)
(0 -0 -0)
(0 -0 -0)
(0 -0 -0)
(0 -0 -0)
(0 -0 -0)
(0 -0 -0)
(0 -0 -0)
(0 -0 -0)
(0 -0 -0)
(0 -0 -0)
(0 -0 0)
(0 -0 0)
(0 -0 0)
(0 -0 0)
(0 -0 0)
(0 -0 0)
(0 -0 0)
(0 -0 0)
(0 -0 0)
(0 -0 0)
(0 -0 0)
(0 -0 0)
(0 -0 0)
(0 -0 0)
(0 -0 0)
(0 -0 0)
(0 -0 0)
(0 -0 0)
(0 -0 0)
(0 -0 0)
(0 -0 0)
(0 -0 0)
(0 -0 0)
(0 -0 0)
(0 -0 0)
(0 -0 0)
(0 -0 0)
(0 -0 0)
(0 -0 0)
(0 -0 0)
(0 -0 0)
(0 -0 0)
(0 -0 0)
(0 -0 0)
(0 -0 0)
(0 -0 0)
(0 -0 0)
(0 -0 0)
(0 -0 0)
(0 -0 0)
(0 -0 0)
(0 -0 0)
(0 -0 0)
(0 -0 0)
(0 -0 0)
(0 -0 0)
(0 -0 0)
(0 -0 0)
(0 -0 0)
(0 -0 0)
(0 -0 0)
(0 -0 0)
(0 -0 0)
(0 -0 0)
(0 -0 0)
(0 -0 0)
(0 -0 0)
(0 -0 0)
(0 -0 0)
(0 -0 0)
(0 -0 0)
(0 -0 0)
(0 -0 0)
(0 -0 0)
(0 -0 0)
(0 -0 0)
(0 -0 -0)
(0 -0 -0)
(0 -0 -0)
(0 -0 -0)
(0 -0 -0)
(0 -0 -0)
(0 -0 -0)
(0 -0 -0)
(0 -0 -0)
(0 -0 -0)
(0 -0 -0)
(0 -0 0)
(0 -0 0)
(0 -0 0)
(0 -0 0)
(0 -0 0)
(0 -0 0)
(0 -0 0)
(0 -0 0)
(0 -0 0)
(0 -0 0)
(0 -0 0)
(0 -0 0)
(0 -0 0)
(0 -0 0)
(0 -0 0)
(0 -0 0)
(0 -0 0)
(0 -0 0)
(0 -0 0)
(0 -0 0)
(0 -0 0)
(0 -0 0)
(0 -0 0)
(0 -0 0)
(0 -0 0)
(0 -0 0)
(0 -0 0)
(0 -0 -0)
(0 -0 -0)
(0 -0 -0)
(0 -0 -0)
(0 -0 -0)
(0 -0 -0)
(0 -0 -0)
(0 -0 -0)
(0 -0 -0)
(0 -0 -0)
(0 -0 -0)
(0 -0 -0)
(0 -0 -0)
(0 -0 -0)
(0 -0 -0)
(0 -0 -0)
(0 -0 0)
(0 -0 0)
(0 -0 0)
(0 -0 0)
(0 -0 0)
(0 -0 0)
(0 -0 0)
(0 -0 0)
(0 -0 0)
(0 -0 0)
(0 -0 0)
(0 -0 0)
(0 -0 0)
(0 -0 0)
(0 -0 0)
(0 -0 0)
(0 -0 0)
(0 -0 0)
(0 -0 0)
(0 -0 0)
(0 -0 0)
(0 -0 0)
(0 -0 0)
(0 -0 0)
(0 -0 0)
(0 -0 0)
(0 -0 0)
(0 -0 0)
(0 -0 0)
(0 -0 0)
(0 -0 0)
(0 -0 0)
(0 -0 0)
(0 -0 0)
(0 -0 0)
(0 -0 0)
(0 -0 0)
(0 -0 0)
(0 -0 0)
(0 -0 0)
(0 -0 0)
(0 -0 0)
(0 -0 0)
(0 -0 0)
(0 -0 0)
(0 -0 0)
(0 -0 0)
(0 -0 0)
(0 -0 0)
(0 -0 0)
(0 -0 0)
(0 -0 0)
(0 -0 0)
(0 -0 0)
(0 -0 0)
(0 -0 0)
(0 -0 0)
(0 -0 0)
(0 -0 0)
(0 -0 0)
(0 -0 0)
(0 -0 0)
(0 -0 0)
(0 -0 0)
(0 -0 0)
(0 -0 0)
(0 -0 0)
(0 -0 -0)
(0 -0 -0)
(0 -0 -0)
(0 -0 -0)
(0 -0 -0)
(0 -0 -0)
(0 -0 -0)
(0 -0 -0)
(0 -0 -0)
(0 -0 -0)
(0 -0 -0)
(0 -0 0)
(0 -0 0)
(0 -0 0)
(0 -0 0)
(0 -0 0)
(0 -0 0)
(0 -0 0)
(0 -0 0)
(0 -0 0)
(0 -0 0)
(0 -0 0)
(0 -0 0)
(0 -0 0)
(0 -0 0)
(0 -0 0)
(0 -0 0)
(0 -0 0)
(0 -0 0)
(0 -0 0)
(0 -0 0)
(0 -0 0)
(0 -0 0)
(0 -0 0)
(0 -0 0)
(0 -0 0)
(0 -0 0)
)
;

boundaryField
{
    hot
    {
        type            calculated;
        value           nonuniform List<vector> 
32
(
(0 -0 0)
(0 -0 0)
(0 -0 0)
(0 -0 0)
(0 -0 0)
(0 -0 0)
(0 -0 0)
(0 -0 -0)
(0 -0 -0)
(0 -0 -0)
(0 -0 -0)
(0 -0 -0)
(0 -0 -0)
(0 -0 -0)
(0 -0 -0)
(0 -0 -0)
(0 -0 -0)
(0 -0 -0)
(0 -0 -0)
(0 -0 -0)
(0 -0 -0)
(0 -0 -0)
(0 -0 -0)
(0 -0 -0)
(0 -0 -0)
(0 -0 -0)
(0 -0 -0)
(0 -0 -0)
(0 -0 0)
(0 -0 0)
(0 -0 0)
(0.708043 -0 1.23201e-08)
)
;
    }
    hotTop
    {
        type            calculated;
        value           nonuniform List<vector> 8((3.97446 -0 -0.0019872) (0.000661451 -0 -2.73007e-12) (0 -0 -0) (0 -0 -0) (0 -0 -0) (0 -0 -0) (0 -0 -0) (0 -0 -0));
    }
    cold
    {
        type            calculated;
        value           uniform (0 -0 0);
    }
    coldTop
    {
        type            calculated;
        value           uniform (0 -0 0);
    }
    top
    {
        type            calculated;
        value           uniform (0 -0 -0);
    }
    btm
    {
        type            calculated;
        value           nonuniform List<vector> 
120
(
(0 -0 -0)
(0 -0 -0)
(0 -0 -0)
(0 -0 -0)
(0 -0 -0)
(0 -0 -0)
(0 -0 -0)
(0 -0 -0)
(0 -0 -0)
(0 -0 -0)
(0 -0 -0)
(0 -0 -0)
(0 -0 -0)
(0 -0 -0)
(0 -0 -0)
(0 -0 -0)
(0 -0 -0)
(0 -0 -0)
(0 -0 -0)
(0 -0 -0)
(0 -0 -0)
(0 -0 -0)
(0 -0 -0)
(0 -0 -0)
(0 -0 -0)
(0 -0 -0)
(0 -0 -0)
(0 -0 -0)
(0 -0 -0)
(0 -0 -0)
(0 -0 -0)
(0 -0 -0)
(0 -0 -0)
(0 -0 -0)
(0 -0 -0)
(0 -0 -0)
(0 -0 -0)
(0 -0 -0)
(0 -0 -0)
(0 -0 -0)
(0 -0 -0)
(0 -0 -0)
(0 -0 -0)
(0 -0 -0)
(0 -0 -0)
(0 -0 -0)
(0 -0 -0)
(0 -0 -0)
(0 -0 -0)
(0 -0 -0)
(0 -0 -0)
(0 -0 -0)
(0 -0 -0)
(0 -0 -0)
(0 -0 -0)
(0 -0 -0)
(0 -0 -0)
(0 -0 -0)
(0 -0 -0)
(0 -0 -0)
(0 -0 -0)
(0 -0 -0)
(0 -0 -0)
(0 -0 -0)
(0 -0 -0)
(0 -0 -0)
(0 -0 -0)
(0 -0 -0)
(0 -0 -0)
(0 -0 -0)
(0 -0 -0)
(0 -0 -0)
(0 -0 -0)
(0 -0 -0)
(0 -0 -0)
(0 -0 -0)
(0 -0 -0)
(0 -0 -0)
(0 -0 -0)
(2.3257e-05 -0 -0)
(2.76677 -0 -0)
(2.73636 -0 -0)
(0 -0 -0)
(0 -0 -0)
(0 -0 -0)
(0 -0 -0)
(0 -0 -0)
(0 -0 -0)
(0 -0 -0)
(0 -0 -0)
(0 -0 -0)
(0 -0 -0)
(0 -0 -0)
(0 -0 -0)
(0 -0 -0)
(0 -0 -0)
(0 -0 -0)
(0 -0 -0)
(0 -0 -0)
(0 -0 -0)
(0 -0 -0)
(0 -0 -0)
(0 -0 -0)
(0 -0 -0)
(0 -0 -0)
(0 -0 -0)
(0 -0 -0)
(0 -0 -0)
(0 -0 -0)
(0 -0 -0)
(0 -0 -0)
(0 -0 -0)
(0 -0 -0)
(0 -0 -0)
(0 -0 -0)
(0 -0 -0)
(0 -0 -0)
(0 -0 -0)
(0 -0 -0)
(0 -0 -0)
)
;
    }
    frontAndBack
    {
        type            empty;
    }
}


// ************************************************************************* //
