/*--------------------------------*- C++ -*----------------------------------*\
  =========                 |
  \\      /  F ield         | OpenFOAM: The Open Source CFD Toolbox
   \\    /   O peration     | Website:  https://openfoam.org
    \\  /    A nd           | Version:  6
     \\/     M anipulation  |
\*---------------------------------------------------------------------------*/
FoamFile
{
    version     2.0;
    format      ascii;
    class       volVectorField;
    location    "2500";
    object      S_Marg;
}
// * * * * * * * * * * * * * * * * * * * * * * * * * * * * * * * * * * * * * //

dimensions      [1 -2 -2 0 0 0 0];

internalField   nonuniform List<vector> 
4800
(
(0 -0 0)
(1.33239e-15 -0 4.25218e-18)
(0 -0 0)
(0 -0 0)
(0 -0 0)
(0 -0 0)
(0 -0 -0)
(0 -0 -0)
(0 -0 -0)
(0 -0 -0)
(0 -0 -0)
(0 -0 -0)
(0 -0 -0)
(0 -0 0)
(6.34935e-16 -0 3.94117e-19)
(0 -0 0)
(0 -0 0)
(5.58226e-16 -0 1.10163e-18)
(0 -0 0)
(0 -0 0)
(5.26219e-16 -0 6.71041e-19)
(0 -0 0)
(0 -0 -0)
(0 -0 -0)
(0 -0 -0)
(0 -0 -0)
(0 -0 -0)
(0 -0 -0)
(4.63319e-16 -0 -1.00106e-17)
(0 -0 -0)
(0 -0 -0)
(0 -0 -0)
(0 -0 -0)
(0 -0 -0)
(3.96063e-16 -0 -3.90747e-17)
(0 -0 -0)
(0 -0 -0)
(0 -0 -0)
(0 -0 -0)
(0 -0 -0)
(4.24876e-16 -0 -4.85958e-17)
(0 -0 -0)
(0 -0 -0)
(0 -0 -0)
(0 -0 -0)
(0 -0 -0)
(0 -0 -0)
(0 -0 -0)
(0 -0 -0)
(0 -0 -0)
(0 -0 -0)
(0 -0 -0)
(0 -0 -0)
(0 -0 -0)
(0 -0 -0)
(0 -0 -0)
(0 -0 -0)
(0 -0 -0)
(0 -0 -0)
(0 -0 -0)
(0 -0 0)
(0 -0 0)
(0 -0 0)
(0 -0 0)
(0 -0 0)
(0 -0 0)
(0 -0 0)
(0 -0 0)
(0 -0 0)
(0 -0 0)
(0 -0 0)
(0 -0 0)
(0 -0 0)
(0 -0 0)
(0 -0 0)
(0 -0 0)
(0 -0 0)
(0 -0 0)
(0 -0 0)
(0 -0 0)
(4.30778 -0 0.0885648)
(4.14898 -0 0.0890677)
(0.00269491 -0 5.73904e-05)
(0.00188616 -0 3.74698e-05)
(0.00117404 -0 2.06822e-05)
(0.000539779 -0 8.13008e-06)
(0 -0 0)
(0 -0 0)
(0 -0 0)
(0 -0 0)
(0 -0 0)
(0 -0 0)
(0 -0 0)
(0 -0 0)
(0 -0 0)
(0 -0 0)
(0 -0 0)
(0 -0 0)
(0 -0 0)
(0 -0 0)
(0 -0 0)
(0 -0 0)
(0 -0 0)
(0 -0 0)
(0 -0 0)
(0 -0 0)
(0 -0 0)
(0 -0 0)
(0 -0 0)
(0 -0 0)
(0 -0 0)
(0 -0 0)
(0 -0 0)
(0 -0 0)
(0 -0 0)
(0 -0 0)
(0 -0 0)
(0 -0 0)
(0 -0 0)
(0 -0 0)
(1.34815e-15 -0 3.15365e-18)
(0 -0 0)
(0 -0 0)
(0 -0 0)
(0 -0 0)
(0 -0 -0)
(0 -0 -0)
(0 -0 -0)
(0 -0 -0)
(0 -0 -0)
(0 -0 -0)
(0 -0 -0)
(0 -0 -0)
(0 -0 -0)
(0 -0 -0)
(0 -0 -0)
(0 -0 -0)
(0 -0 0)
(0 -0 0)
(0 -0 -0)
(0 -0 -0)
(0 -0 -0)
(0 -0 -0)
(0 -0 -0)
(0 -0 -0)
(0 -0 -0)
(0 -0 -0)
(0 -0 -0)
(0 -0 -0)
(0 -0 -0)
(0 -0 -0)
(0 -0 -0)
(0 -0 -0)
(0 -0 -0)
(0 -0 -0)
(0 -0 -0)
(0 -0 -0)
(0 -0 -0)
(0 -0 -0)
(0 -0 -0)
(0 -0 -0)
(0 -0 -0)
(0 -0 -0)
(0 -0 -0)
(0 -0 -0)
(0 -0 -0)
(0 -0 -0)
(0 -0 -0)
(0 -0 -0)
(0 -0 -0)
(0 -0 -0)
(0 -0 -0)
(0 -0 -0)
(0 -0 -0)
(0 -0 -0)
(0 -0 -0)
(0 -0 -0)
(0 -0 -0)
(0 -0 -0)
(0 -0 -0)
(0 -0 0)
(0 -0 0)
(0 -0 0)
(0 -0 0)
(0 -0 0)
(0 -0 0)
(0 -0 0)
(0 -0 0)
(0 -0 0)
(0 -0 0)
(0 -0 0)
(0 -0 0)
(0 -0 0)
(0 -0 0)
(0 -0 0)
(0 -0 0)
(0 -0 0)
(0 -0 0)
(0 -0 0)
(0 -0 0)
(4.31161 -0 0.266313)
(4.14488 -0 0.271002)
(0 -0 0)
(0 -0 0)
(0 -0 0)
(0 -0 0)
(0 -0 0)
(0 -0 0)
(0 -0 0)
(0 -0 0)
(0 -0 0)
(0 -0 0)
(0 -0 0)
(0 -0 0)
(0 -0 0)
(0 -0 0)
(0 -0 0)
(0 -0 0)
(0 -0 0)
(0 -0 0)
(0 -0 0)
(0 -0 0)
(0 -0 0)
(0 -0 0)
(0 -0 0)
(0 -0 0)
(0 -0 0)
(0 -0 0)
(0 -0 0)
(0 -0 0)
(0 -0 0)
(0 -0 0)
(0 -0 0)
(0 -0 0)
(0 -0 0)
(0 -0 0)
(0 -0 0)
(0 -0 0)
(0 -0 0)
(0 -0 0)
(0 -0 0)
(0 -0 -0)
(0 -0 -0)
(0 -0 -0)
(0 -0 -0)
(0 -0 -0)
(0 -0 -0)
(0 -0 -0)
(0 -0 -0)
(0 -0 -0)
(0 -0 -0)
(0 -0 -0)
(0 -0 -0)
(0 -0 -0)
(0 -0 -0)
(0 -0 -0)
(0 -0 -0)
(0 -0 -0)
(0 -0 -0)
(0 -0 -0)
(0 -0 -0)
(0 -0 -0)
(0 -0 -0)
(0 -0 -0)
(0 -0 -0)
(0 -0 -0)
(0 -0 -0)
(0 -0 -0)
(0 -0 -0)
(0 -0 -0)
(0 -0 -0)
(0 -0 -0)
(0 -0 -0)
(0 -0 -0)
(0 -0 -0)
(0 -0 -0)
(0 -0 -0)
(0 -0 -0)
(0 -0 -0)
(0 -0 -0)
(0 -0 -0)
(0 -0 -0)
(0 -0 -0)
(0 -0 -0)
(0 -0 -0)
(0 -0 -0)
(0 -0 -0)
(0 -0 -0)
(0 -0 -0)
(0 -0 -0)
(0 -0 -0)
(0 -0 -0)
(0 -0 -0)
(0 -0 -0)
(0 -0 -0)
(0 -0 -0)
(0 -0 -0)
(0 -0 -0)
(0 -0 -0)
(0 -0 -0)
(0 -0 -0)
(0 -0 0)
(0 -0 0)
(0 -0 0)
(0 -0 0)
(0 -0 0)
(0 -0 0)
(0 -0 0)
(0 -0 0)
(0 -0 0)
(0 -0 0)
(0 -0 0)
(0 -0 0)
(0 -0 0)
(0 -0 0)
(0 -0 0)
(0 -0 0)
(0 -0 0)
(0 -0 0)
(0 -0 0)
(4.32259 -0 0.452729)
(4.13916 -0 0.468452)
(0 -0 0)
(0 -0 0)
(0 -0 0)
(0 -0 0)
(0 -0 0)
(0 -0 0)
(0 -0 0)
(0 -0 0)
(0 -0 0)
(0 -0 0)
(0 -0 0)
(0 -0 0)
(0 -0 0)
(0 -0 0)
(0 -0 0)
(0 -0 0)
(0 -0 0)
(0 -0 0)
(0 -0 0)
(0 -0 0)
(0 -0 0)
(0 -0 0)
(0 -0 0)
(0 -0 0)
(0 -0 0)
(0 -0 0)
(0 -0 0)
(0 -0 0)
(0 -0 0)
(0 -0 0)
(0 -0 0)
(0 -0 0)
(0 -0 0)
(0 -0 0)
(0 -0 0)
(0 -0 0)
(0 -0 0)
(0 -0 0)
(0 -0 -0)
(0 -0 -0)
(0 -0 -0)
(0 -0 -0)
(0 -0 -0)
(0 -0 -0)
(0 -0 -0)
(0 -0 -0)
(0 -0 -0)
(0 -0 -0)
(0 -0 -0)
(0 -0 -0)
(0 -0 -0)
(0 -0 -0)
(0 -0 -0)
(0 -0 -0)
(0 -0 -0)
(0 -0 -0)
(0 -0 -0)
(0 -0 -0)
(0 -0 -0)
(0 -0 -0)
(0 -0 -0)
(0 -0 -0)
(0 -0 -0)
(0 -0 -0)
(0 -0 -0)
(0 -0 -0)
(0 -0 -0)
(0 -0 -0)
(0 -0 -0)
(0 -0 -0)
(0 -0 -0)
(0 -0 -0)
(0 -0 -0)
(0 -0 -0)
(0 -0 -0)
(0 -0 -0)
(0 -0 -0)
(0 -0 -0)
(0 -0 -0)
(0 -0 -0)
(0 -0 -0)
(0 -0 -0)
(0 -0 -0)
(0 -0 -0)
(0 -0 -0)
(0 -0 -0)
(0 -0 -0)
(0 -0 -0)
(0 -0 -0)
(0 -0 -0)
(0 -0 -0)
(0 -0 -0)
(0 -0 -0)
(0 -0 -0)
(0 -0 -0)
(0 -0 -0)
(0 -0 -0)
(0 -0 -0)
(0 -0 -0)
(0 -0 -0)
(0 -0 0)
(0 -0 0)
(0 -0 0)
(0 -0 0)
(0 -0 0)
(0 -0 0)
(0 -0 0)
(0 -0 0)
(0 -0 0)
(0 -0 0)
(0 -0 0)
(0 -0 0)
(0 -0 0)
(0 -0 0)
(0 -0 0)
(0 -0 0)
(0 -0 0)
(0 -0 0)
(4.34899 -0 0.663484)
(4.13157 -0 0.704671)
(0 -0 0)
(0 -0 0)
(0 -0 0)
(0 -0 0)
(0 -0 0)
(0 -0 0)
(0 -0 0)
(0 -0 0)
(0 -0 0)
(0 -0 0)
(0 -0 0)
(0 -0 0)
(0 -0 0)
(0 -0 0)
(0 -0 0)
(0 -0 0)
(0 -0 0)
(0 -0 0)
(0 -0 0)
(0 -0 0)
(0 -0 0)
(0 -0 0)
(0 -0 0)
(0 -0 0)
(0 -0 0)
(0 -0 0)
(0 -0 0)
(0 -0 0)
(0 -0 0)
(0 -0 0)
(0 -0 0)
(0 -0 0)
(0 -0 0)
(0 -0 0)
(0 -0 0)
(0 -0 0)
(0 -0 0)
(0 -0 0)
(0 -0 -0)
(0 -0 -0)
(0 -0 -0)
(0 -0 -0)
(0 -0 -0)
(0 -0 -0)
(0 -0 -0)
(0 -0 -0)
(0 -0 -0)
(0 -0 -0)
(0 -0 -0)
(0 -0 -0)
(0 -0 -0)
(0 -0 -0)
(0 -0 -0)
(0 -0 -0)
(0 -0 -0)
(0 -0 -0)
(0 -0 -0)
(0 -0 -0)
(0 -0 -0)
(0 -0 -0)
(0 -0 -0)
(0 -0 -0)
(0 -0 -0)
(0 -0 -0)
(0 -0 -0)
(0 -0 -0)
(0 -0 -0)
(0 -0 -0)
(0 -0 -0)
(0 -0 -0)
(0 -0 -0)
(0 -0 -0)
(0 -0 -0)
(0 -0 -0)
(0 -0 -0)
(0 -0 -0)
(0 -0 -0)
(0 -0 -0)
(0 -0 -0)
(0 -0 -0)
(0 -0 -0)
(0 -0 -0)
(0 -0 -0)
(0 -0 -0)
(0 -0 -0)
(0 -0 -0)
(0 -0 -0)
(0 -0 -0)
(0 -0 -0)
(0 -0 -0)
(0 -0 -0)
(0 -0 -0)
(0 -0 -0)
(0 -0 -0)
(0 -0 -0)
(0 -0 -0)
(0 -0 -0)
(0 -0 -0)
(0 -0 -0)
(0 -0 -0)
(0 -0 -0)
(0 -0 0)
(0 -0 0)
(0 -0 0)
(0 -0 0)
(0 -0 0)
(0 -0 0)
(0 -0 0)
(0 -0 0)
(0 -0 0)
(0 -0 0)
(0 -0 0)
(0 -0 0)
(0 -0 0)
(0 -0 0)
(0 -0 0)
(0 -0 0)
(0 -0 0)
(4.41539 -0 0.903144)
(4.12041 -0 1.03359)
(0 -0 0)
(0 -0 0)
(0 -0 0)
(0 -0 0)
(0 -0 0)
(0 -0 0)
(0 -0 0)
(0 -0 0)
(0 -0 0)
(0 -0 0)
(0 -0 0)
(0 -0 0)
(0 -0 0)
(0 -0 0)
(0 -0 0)
(0 -0 0)
(0 -0 0)
(0 -0 0)
(0 -0 0)
(0 -0 0)
(0 -0 0)
(0 -0 0)
(0 -0 0)
(0 -0 0)
(0 -0 0)
(0 -0 0)
(0 -0 0)
(0 -0 0)
(0 -0 0)
(0 -0 0)
(0 -0 0)
(0 -0 0)
(0 -0 0)
(0 -0 0)
(0 -0 0)
(0 -0 0)
(0 -0 0)
(0 -0 0)
(0 -0 -0)
(0 -0 -0)
(0 -0 -0)
(0 -0 -0)
(0 -0 -0)
(0 -0 -0)
(0 -0 -0)
(0 -0 -0)
(0 -0 -0)
(0 -0 -0)
(0 -0 -0)
(0 -0 -0)
(0 -0 -0)
(0 -0 -0)
(0 -0 -0)
(0 -0 -0)
(0 -0 -0)
(0 -0 -0)
(0 -0 -0)
(0 -0 -0)
(0 -0 -0)
(0 -0 -0)
(0 -0 -0)
(0 -0 -0)
(0 -0 -0)
(0 -0 -0)
(0 -0 -0)
(0 -0 -0)
(0 -0 -0)
(0 -0 -0)
(0 -0 -0)
(0 -0 -0)
(0 -0 -0)
(0 -0 -0)
(0 -0 -0)
(0 -0 -0)
(0 -0 -0)
(0 -0 -0)
(0 -0 -0)
(0 -0 -0)
(0 -0 -0)
(0 -0 -0)
(0 -0 -0)
(0 -0 -0)
(0 -0 -0)
(0 -0 -0)
(0 -0 -0)
(0 -0 -0)
(0 -0 -0)
(0 -0 -0)
(0 -0 -0)
(0 -0 -0)
(0 -0 -0)
(0 -0 -0)
(0 -0 -0)
(0 -0 -0)
(0 -0 -0)
(0 -0 -0)
(0 -0 -0)
(0 -0 -0)
(0 -0 -0)
(0 -0 -0)
(0 -0 -0)
(0 -0 -0)
(0 -0 -0)
(0 -0 0)
(0 -0 0)
(0 -0 0)
(0 -0 0)
(0 -0 0)
(0 -0 0)
(0 -0 0)
(0 -0 0)
(0 -0 0)
(0 -0 0)
(0 -0 0)
(0 -0 0)
(0 -0 0)
(0 -0 0)
(0 -0 0)
(4.61513 -0 1.1965)
(4.11598 -0 1.62812)
(0 -0 0)
(0 -0 0)
(0 -0 0)
(0 -0 0)
(0 -0 0)
(0 -0 0)
(0 -0 0)
(0 -0 0)
(0 -0 0)
(0 -0 0)
(0 -0 0)
(0 -0 0)
(0 -0 0)
(0 -0 0)
(0 -0 0)
(0 -0 0)
(0 -0 0)
(0 -0 0)
(0 -0 0)
(0 -0 0)
(0 -0 0)
(0 -0 0)
(0 -0 0)
(0 -0 0)
(0 -0 0)
(0 -0 0)
(0 -0 0)
(0 -0 0)
(0 -0 0)
(0 -0 0)
(0 -0 0)
(0 -0 0)
(0 -0 0)
(0 -0 0)
(0 -0 0)
(0 -0 0)
(0 -0 0)
(0 -0 0)
(0 -0 -0)
(0 -0 -0)
(0 -0 -0)
(0 -0 -0)
(0 -0 -0)
(0 -0 -0)
(0 -0 -0)
(0 -0 -0)
(0 -0 -0)
(0 -0 -0)
(0 -0 -0)
(0 -0 -0)
(0 -0 -0)
(0 -0 -0)
(0 -0 -0)
(0 -0 -0)
(0 -0 -0)
(0 -0 -0)
(0 -0 -0)
(0 -0 -0)
(0 -0 -0)
(0 -0 -0)
(0 -0 -0)
(0 -0 -0)
(0 -0 -0)
(0 -0 -0)
(0 -0 -0)
(0 -0 -0)
(0 -0 -0)
(0 -0 -0)
(0 -0 -0)
(0 -0 -0)
(0 -0 -0)
(0 -0 -0)
(0 -0 -0)
(0 -0 -0)
(0 -0 -0)
(0 -0 -0)
(0 -0 -0)
(0 -0 -0)
(0 -0 -0)
(0 -0 -0)
(0 -0 -0)
(0 -0 -0)
(0 -0 -0)
(0 -0 -0)
(0 -0 -0)
(0 -0 -0)
(0 -0 -0)
(0 -0 -0)
(0 -0 -0)
(0 -0 -0)
(0 -0 -0)
(0 -0 -0)
(0 -0 -0)
(0 -0 -0)
(0 -0 -0)
(0 -0 -0)
(0 -0 -0)
(0 -0 -0)
(0 -0 -0)
(0 -0 -0)
(0 -0 -0)
(0 -0 -0)
(0 -0 -0)
(0 -0 -0)
(0 -0 -0)
(0 -0 0)
(0 -0 0)
(0 -0 0)
(0 -0 0)
(0 -0 0)
(0 -0 0)
(0 -0 0)
(0 -0 0)
(0 -0 0)
(0 -0 0)
(0 -0 0)
(0 -0 0)
(0 -0 0)
(5.14157 -0 1.45124)
(5.6421 -0 4.26576)
(0 -0 0)
(0 -0 0)
(0 -0 0)
(0 -0 0)
(0 -0 0)
(0 -0 0)
(0 -0 0)
(0 -0 0)
(0 -0 0)
(0 -0 0)
(0 -0 0)
(0 -0 0)
(0 -0 0)
(0 -0 0)
(0 -0 0)
(0 -0 0)
(0 -0 0)
(0 -0 0)
(0 -0 0)
(0 -0 0)
(0 -0 0)
(0 -0 0)
(0 -0 0)
(0 -0 0)
(0 -0 0)
(0 -0 0)
(0 -0 0)
(0 -0 0)
(0 -0 0)
(0 -0 0)
(0 -0 0)
(0 -0 0)
(0 -0 0)
(0 -0 0)
(0 -0 0)
(0 -0 0)
(0 -0 0)
(0 -0 0)
(0 -0 -0)
(0 -0 -0)
(0 -0 -0)
(0 -0 -0)
(0 -0 -0)
(0 -0 -0)
(0 -0 -0)
(0 -0 -0)
(0 -0 -0)
(0 -0 -0)
(0 -0 -0)
(0 -0 -0)
(0 -0 -0)
(0 -0 -0)
(0 -0 -0)
(0 -0 -0)
(0 -0 -0)
(0 -0 -0)
(0 -0 -0)
(0 -0 -0)
(0 -0 -0)
(0 -0 -0)
(0 -0 -0)
(0 -0 -0)
(0 -0 -0)
(0 -0 -0)
(0 -0 -0)
(0 -0 -0)
(0 -0 -0)
(0 -0 -0)
(0 -0 -0)
(0 -0 -0)
(0 -0 -0)
(0 -0 -0)
(0 -0 -0)
(0 -0 -0)
(0 -0 -0)
(0 -0 -0)
(0 -0 -0)
(0 -0 -0)
(0 -0 -0)
(0 -0 -0)
(0 -0 -0)
(0 -0 -0)
(0 -0 -0)
(0 -0 -0)
(0 -0 -0)
(0 -0 -0)
(0 -0 -0)
(0 -0 -0)
(0 -0 -0)
(0 -0 -0)
(0 -0 -0)
(0 -0 -0)
(0 -0 -0)
(0 -0 -0)
(0 -0 -0)
(0 -0 -0)
(0 -0 -0)
(0 -0 -0)
(0 -0 -0)
(0 -0 -0)
(0 -0 -0)
(0 -0 -0)
(0 -0 -0)
(0 -0 -0)
(0 -0 -0)
(0 -0 -0)
(0 -0 -0)
(0 -0 0)
(0 -0 0)
(0 -0 0)
(0 -0 0)
(0 -0 0)
(0 -0 0)
(0 -0 0)
(0 -0 0)
(0 -0 0)
(0 -0 0)
(0 -0 0)
(0.355606 -0 0.0285489)
(5.69295 -0 0.63431)
(1.11706 -0 0.377264)
(0 -0 0)
(0 -0 0)
(0 -0 0)
(0 -0 0)
(0 -0 0)
(0 -0 0)
(0 -0 0)
(0 -0 0)
(0 -0 0)
(0 -0 0)
(0 -0 0)
(0 -0 0)
(0 -0 0)
(0 -0 0)
(0 -0 0)
(0 -0 0)
(0 -0 0)
(0 -0 0)
(0 -0 0)
(0 -0 0)
(0 -0 0)
(0 -0 0)
(0 -0 0)
(0 -0 0)
(0 -0 0)
(0 -0 0)
(0 -0 0)
(0 -0 0)
(0 -0 0)
(0 -0 0)
(0 -0 0)
(0 -0 0)
(0 -0 0)
(0 -0 0)
(0 -0 0)
(0 -0 0)
(0 -0 0)
(0 -0 -0)
(0 -0 -0)
(0 -0 -0)
(0 -0 -0)
(0 -0 -0)
(0 -0 -0)
(0 -0 -0)
(0 -0 -0)
(0 -0 -0)
(0 -0 -0)
(0 -0 -0)
(0 -0 -0)
(0 -0 -0)
(0 -0 -0)
(0 -0 -0)
(0 -0 -0)
(0 -0 -0)
(0 -0 -0)
(0 -0 -0)
(0 -0 -0)
(0 -0 -0)
(0 -0 -0)
(0 -0 -0)
(0 -0 -0)
(0 -0 -0)
(0 -0 -0)
(0 -0 -0)
(0 -0 -0)
(0 -0 -0)
(0 -0 -0)
(0 -0 -0)
(0 -0 -0)
(0 -0 -0)
(0 -0 -0)
(0 -0 -0)
(0 -0 -0)
(0 -0 -0)
(0 -0 -0)
(0 -0 -0)
(0 -0 -0)
(0 -0 -0)
(0 -0 -0)
(0 -0 -0)
(0 -0 -0)
(0 -0 -0)
(0 -0 -0)
(0 -0 -0)
(0 -0 -0)
(0 -0 -0)
(0 -0 -0)
(0 -0 -0)
(0 -0 -0)
(0 -0 -0)
(0 -0 -0)
(0 -0 -0)
(0 -0 -0)
(0 -0 -0)
(0 -0 -0)
(0 -0 -0)
(0 -0 -0)
(0 -0 -0)
(0 -0 -0)
(0 -0 -0)
(0 -0 -0)
(0 -0 -0)
(0 -0 -0)
(0 -0 -0)
(0 -0 -0)
(0 -0 -0)
(0 -0 -0)
(0 -0 -0)
(0 -0 0)
(0 -0 0)
(0 -0 0)
(0 -0 0)
(0 -0 0)
(0 -0 0)
(0 -0 0)
(0 -0 0)
(0 -0 0)
(0 -0 -0)
(3.95625 -0 -2.23869)
(2.83238 -0 -0.576764)
(0 -0 -0)
(0 -0 0)
(0 -0 0)
(0 -0 0)
(0 -0 0)
(0 -0 0)
(0 -0 0)
(0 -0 0)
(0 -0 0)
(0 -0 0)
(0 -0 0)
(0 -0 0)
(0 -0 0)
(0 -0 0)
(0 -0 0)
(0 -0 0)
(0 -0 0)
(0 -0 0)
(0 -0 0)
(0 -0 0)
(0 -0 0)
(0 -0 0)
(0 -0 0)
(0 -0 0)
(0 -0 0)
(0 -0 0)
(0 -0 0)
(0 -0 0)
(0 -0 0)
(0 -0 0)
(0 -0 0)
(0 -0 0)
(0 -0 0)
(0 -0 0)
(0 -0 0)
(0 -0 0)
(0 -0 0)
(0 -0 -0)
(0 -0 -0)
(0 -0 -0)
(0 -0 -0)
(0 -0 -0)
(0 -0 -0)
(0 -0 -0)
(0 -0 -0)
(0 -0 -0)
(0 -0 -0)
(0 -0 -0)
(0 -0 -0)
(0 -0 -0)
(0 -0 -0)
(0 -0 -0)
(0 -0 -0)
(0 -0 -0)
(0 -0 -0)
(0 -0 -0)
(0 -0 -0)
(0 -0 -0)
(0 -0 -0)
(0 -0 -0)
(0 -0 -0)
(0 -0 -0)
(0 -0 -0)
(0 -0 -0)
(0 -0 -0)
(0 -0 -0)
(0 -0 -0)
(0 -0 -0)
(0 -0 -0)
(0 -0 -0)
(0 -0 -0)
(0 -0 -0)
(0 -0 -0)
(0 -0 -0)
(0 -0 -0)
(0 -0 -0)
(0 -0 -0)
(0 -0 -0)
(0 -0 -0)
(0 -0 -0)
(0 -0 -0)
(0 -0 -0)
(0 -0 -0)
(0 -0 -0)
(0 -0 -0)
(0 -0 -0)
(0 -0 -0)
(0 -0 -0)
(0 -0 -0)
(0 -0 -0)
(0 -0 -0)
(0 -0 -0)
(0 -0 -0)
(0 -0 -0)
(0 -0 -0)
(0 -0 -0)
(0 -0 -0)
(0 -0 -0)
(0 -0 -0)
(0 -0 -0)
(0 -0 -0)
(0 -0 -0)
(0 -0 -0)
(0 -0 -0)
(0 -0 -0)
(0 -0 -0)
(0 -0 -0)
(0 -0 -0)
(0 -0 -0)
(0 -0 0)
(0 -0 0)
(0 -0 0)
(0 -0 0)
(0 -0 0)
(0 -0 0)
(0 -0 0)
(0 -0 -0)
(0 -0 -0)
(3.92567 -0 -0.835779)
(3.36606 -0 -0.41522)
(0 -0 -0)
(0 -0 0)
(0 -0 0)
(0 -0 0)
(0 -0 0)
(0 -0 0)
(0 -0 0)
(0 -0 0)
(0 -0 0)
(0 -0 0)
(0 -0 0)
(0 -0 0)
(0 -0 0)
(0 -0 0)
(0 -0 0)
(0 -0 0)
(0 -0 0)
(0 -0 0)
(0 -0 0)
(0 -0 0)
(0 -0 0)
(0 -0 0)
(0 -0 0)
(0 -0 0)
(0 -0 0)
(0 -0 0)
(0 -0 0)
(0 -0 0)
(0 -0 0)
(0 -0 0)
(0 -0 0)
(0 -0 0)
(0 -0 0)
(0 -0 0)
(0 -0 0)
(0 -0 0)
(0 -0 0)
(0 -0 -0)
(0 -0 -0)
(0 -0 -0)
(0 -0 -0)
(0 -0 -0)
(0 -0 -0)
(0 -0 -0)
(0 -0 -0)
(0 -0 -0)
(0 -0 -0)
(0 -0 -0)
(0 -0 -0)
(0 -0 -0)
(0 -0 -0)
(0 -0 -0)
(0 -0 -0)
(0 -0 -0)
(0 -0 -0)
(0 -0 -0)
(0 -0 -0)
(0 -0 -0)
(0 -0 -0)
(0 -0 -0)
(0 -0 -0)
(0 -0 -0)
(0 -0 -0)
(0 -0 -0)
(0 -0 -0)
(0 -0 -0)
(0 -0 -0)
(0 -0 -0)
(0 -0 -0)
(0 -0 -0)
(0 -0 -0)
(0 -0 -0)
(0 -0 -0)
(0 -0 -0)
(0 -0 -0)
(0 -0 -0)
(0 -0 -0)
(0 -0 -0)
(0 -0 -0)
(0 -0 -0)
(0 -0 -0)
(0 -0 -0)
(0 -0 -0)
(0 -0 -0)
(0 -0 -0)
(0 -0 -0)
(0 -0 -0)
(0 -0 -0)
(0 -0 -0)
(0 -0 -0)
(0 -0 -0)
(0 -0 -0)
(0 -0 -0)
(0 -0 -0)
(0 -0 -0)
(0 -0 -0)
(0 -0 -0)
(0 -0 -0)
(0 -0 -0)
(0 -0 -0)
(0 -0 -0)
(0 -0 -0)
(0 -0 -0)
(0 -0 -0)
(0 -0 -0)
(0 -0 -0)
(0 -0 -0)
(0 -0 -0)
(0 -0 -0)
(0 -0 -0)
(0 -0 -0)
(0 -0 0)
(0 -0 0)
(0 -0 0)
(0 -0 0)
(0 -0 0)
(0 -0 -0)
(0 -0 -0)
(3.93461 -0 -0.29264)
(3.56864 -0 -0.13433)
(0 -0 0)
(0 -0 0)
(0 -0 0)
(0 -0 0)
(0 -0 0)
(0 -0 0)
(0 -0 0)
(0 -0 0)
(0 -0 0)
(0 -0 0)
(0 -0 0)
(0 -0 0)
(0 -0 0)
(0 -0 0)
(0 -0 0)
(0 -0 0)
(0 -0 0)
(0 -0 0)
(0 -0 0)
(0 -0 0)
(0 -0 0)
(0 -0 0)
(0 -0 0)
(0 -0 0)
(0 -0 0)
(0 -0 0)
(0 -0 0)
(0 -0 0)
(0 -0 0)
(0 -0 0)
(0 -0 0)
(0 -0 0)
(0 -0 0)
(0 -0 0)
(0 -0 0)
(0 -0 0)
(0 -0 0)
(0 -0 -0)
(0 -0 -0)
(0 -0 -0)
(0 -0 -0)
(0 -0 -0)
(0 -0 -0)
(0 -0 -0)
(0 -0 -0)
(0 -0 -0)
(0 -0 -0)
(0 -0 -0)
(0 -0 -0)
(0 -0 -0)
(0 -0 -0)
(0 -0 -0)
(0 -0 -0)
(0 -0 -0)
(0 -0 -0)
(0 -0 -0)
(0 -0 -0)
(0 -0 -0)
(0 -0 -0)
(0 -0 -0)
(0 -0 -0)
(0 -0 -0)
(0 -0 -0)
(0 -0 -0)
(0 -0 -0)
(0 -0 -0)
(0 -0 -0)
(0 -0 -0)
(0 -0 -0)
(0 -0 -0)
(0 -0 -0)
(0 -0 -0)
(0 -0 -0)
(0 -0 -0)
(0 -0 -0)
(0 -0 -0)
(0 -0 -0)
(0 -0 -0)
(0 -0 -0)
(0 -0 -0)
(0 -0 -0)
(0 -0 -0)
(0 -0 -0)
(0 -0 -0)
(0 -0 -0)
(0 -0 -0)
(0 -0 -0)
(0 -0 -0)
(0 -0 -0)
(0 -0 -0)
(0 -0 -0)
(0 -0 -0)
(0 -0 -0)
(0 -0 -0)
(0 -0 -0)
(0 -0 -0)
(0 -0 -0)
(0 -0 -0)
(0 -0 -0)
(0 -0 -0)
(0 -0 -0)
(0 -0 -0)
(0 -0 -0)
(0 -0 -0)
(0 -0 -0)
(0 -0 -0)
(0 -0 -0)
(0 -0 -0)
(0 -0 -0)
(0 -0 -0)
(0 -0 -0)
(0 -0 -0)
(0 -0 -0)
(0 -0 -0)
(0 -0 -0)
(0 -0 -0)
(0 -0 -0)
(0 -0 -0)
(4.00059 -0 0.0371712)
(3.67361 -0 0.183304)
(0 -0 0)
(0 -0 0)
(0 -0 0)
(0 -0 0)
(0 -0 0)
(0 -0 0)
(0 -0 0)
(0 -0 0)
(0 -0 0)
(0 -0 0)
(0 -0 0)
(0 -0 0)
(0 -0 0)
(0 -0 0)
(0 -0 0)
(0 -0 0)
(0 -0 0)
(0 -0 0)
(0 -0 0)
(0 -0 0)
(0 -0 0)
(0 -0 0)
(0 -0 0)
(0 -0 0)
(0 -0 0)
(0 -0 0)
(0 -0 0)
(0 -0 0)
(0 -0 0)
(0 -0 0)
(0 -0 0)
(0 -0 0)
(0 -0 0)
(0 -0 0)
(0 -0 0)
(0 -0 0)
(0 -0 0)
(0 -0 -0)
(0 -0 -0)
(0 -0 -0)
(0 -0 -0)
(0 -0 -0)
(0 -0 -0)
(0 -0 -0)
(0 -0 -0)
(0 -0 -0)
(0 -0 -0)
(0 -0 -0)
(0 -0 -0)
(0 -0 -0)
(0 -0 -0)
(0 -0 -0)
(0 -0 -0)
(0 -0 -0)
(0 -0 -0)
(0 -0 -0)
(0 -0 -0)
(0 -0 -0)
(0 -0 -0)
(0 -0 -0)
(0 -0 -0)
(0 -0 -0)
(0 -0 -0)
(0 -0 -0)
(0 -0 -0)
(0 -0 -0)
(0 -0 -0)
(0 -0 -0)
(0 -0 -0)
(0 -0 -0)
(0 -0 -0)
(0 -0 -0)
(0 -0 -0)
(0 -0 -0)
(0 -0 -0)
(0 -0 -0)
(0 -0 -0)
(0 -0 -0)
(0 -0 -0)
(0 -0 -0)
(0 -0 -0)
(0 -0 -0)
(0 -0 -0)
(0 -0 -0)
(0 -0 -0)
(0 -0 -0)
(0 -0 -0)
(0 -0 -0)
(0 -0 -0)
(0 -0 -0)
(0 -0 -0)
(0 -0 -0)
(0 -0 -0)
(0 -0 -0)
(0 -0 -0)
(0 -0 -0)
(0 -0 -0)
(0 -0 -0)
(0 -0 -0)
(0 -0 -0)
(0 -0 -0)
(0 -0 -0)
(0 -0 -0)
(0 -0 -0)
(0 -0 -0)
(0 -0 -0)
(0 -0 -0)
(0 -0 -0)
(0 -0 -0)
(0 -0 -0)
(0 -0 -0)
(0 -0 -0)
(0 -0 -0)
(0 -0 -0)
(0 -0 -0)
(0 -0 -0)
(0 -0 -0)
(0 -0 0)
(4.16217 -0 0.387285)
(3.75191 -0 0.65758)
(0 -0 0)
(0 -0 0)
(0 -0 0)
(0 -0 0)
(0 -0 0)
(0 -0 0)
(0 -0 0)
(0 -0 0)
(0 -0 0)
(0 -0 0)
(0 -0 0)
(0 -0 0)
(0 -0 0)
(0 -0 0)
(0 -0 0)
(0 -0 0)
(0 -0 0)
(0 -0 0)
(0 -0 0)
(0 -0 0)
(0 -0 0)
(0 -0 0)
(0 -0 0)
(0 -0 0)
(0 -0 0)
(0 -0 0)
(0 -0 0)
(0 -0 0)
(0 -0 0)
(0 -0 0)
(0 -0 0)
(0 -0 0)
(0 -0 0)
(0 -0 0)
(0 -0 0)
(0 -0 0)
(0 -0 0)
(0 -0 -0)
(0 -0 -0)
(0 -0 -0)
(0 -0 -0)
(0 -0 -0)
(0 -0 -0)
(0 -0 -0)
(0 -0 -0)
(0 -0 -0)
(0 -0 -0)
(0 -0 -0)
(0 -0 -0)
(0 -0 -0)
(0 -0 -0)
(0 -0 -0)
(0 -0 -0)
(0 -0 -0)
(0 -0 -0)
(0 -0 -0)
(0 -0 -0)
(0 -0 -0)
(0 -0 -0)
(0 -0 -0)
(0 -0 -0)
(0 -0 -0)
(0 -0 -0)
(0 -0 -0)
(0 -0 -0)
(0 -0 -0)
(0 -0 -0)
(0 -0 -0)
(0 -0 -0)
(0 -0 -0)
(0 -0 -0)
(0 -0 -0)
(0 -0 -0)
(0 -0 -0)
(0 -0 -0)
(0 -0 -0)
(0 -0 -0)
(0 -0 -0)
(0 -0 -0)
(0 -0 -0)
(0 -0 -0)
(0 -0 -0)
(0 -0 -0)
(0 -0 -0)
(0 -0 -0)
(0 -0 -0)
(0 -0 -0)
(0 -0 -0)
(0 -0 -0)
(0 -0 -0)
(0 -0 -0)
(0 -0 -0)
(0 -0 -0)
(0 -0 -0)
(0 -0 -0)
(0 -0 -0)
(0 -0 -0)
(0 -0 -0)
(0 -0 -0)
(0 -0 -0)
(0 -0 -0)
(0 -0 -0)
(0 -0 -0)
(0 -0 -0)
(0 -0 -0)
(0 -0 -0)
(0 -0 -0)
(0 -0 -0)
(0 -0 -0)
(0 -0 -0)
(0 -0 -0)
(0 -0 -0)
(0 -0 -0)
(0 -0 -0)
(0 -0 -0)
(0 -0 -0)
(0 -0 -0)
(0 -0 0)
(4.52213 -0 0.814685)
(3.81221 -0 1.60917)
(0 -0 0)
(0 -0 0)
(0 -0 0)
(0 -0 0)
(0 -0 0)
(0 -0 0)
(0 -0 0)
(0 -0 0)
(0 -0 0)
(0 -0 0)
(0 -0 0)
(0 -0 0)
(0 -0 0)
(0 -0 0)
(0 -0 0)
(0 -0 0)
(0 -0 0)
(0 -0 0)
(0 -0 0)
(0 -0 0)
(0 -0 0)
(0 -0 0)
(0 -0 0)
(0 -0 0)
(0 -0 0)
(0 -0 0)
(0 -0 0)
(0 -0 0)
(0 -0 0)
(0 -0 0)
(0 -0 0)
(0 -0 0)
(0 -0 0)
(0 -0 0)
(0 -0 0)
(0 -0 0)
(0 -0 0)
(1.03661e-15 -0 -1.21919e-17)
(0 -0 -0)
(0 -0 -0)
(0 -0 -0)
(0 -0 -0)
(0 -0 -0)
(0 -0 -0)
(0 -0 -0)
(0 -0 -0)
(0 -0 -0)
(0 -0 -0)
(0 -0 -0)
(0 -0 -0)
(0 -0 -0)
(0 -0 -0)
(0 -0 -0)
(0 -0 -0)
(0 -0 -0)
(0 -0 -0)
(0 -0 -0)
(0 -0 -0)
(0 -0 -0)
(0 -0 -0)
(0 -0 -0)
(0 -0 -0)
(0 -0 -0)
(0 -0 -0)
(0 -0 -0)
(0 -0 -0)
(0 -0 -0)
(0 -0 -0)
(0 -0 -0)
(0 -0 -0)
(0 -0 -0)
(0 -0 -0)
(0 -0 -0)
(0 -0 -0)
(0 -0 -0)
(0 -0 -0)
(0 -0 -0)
(0 -0 -0)
(0 -0 -0)
(0 -0 -0)
(0 -0 -0)
(0 -0 -0)
(0 -0 -0)
(0 -0 -0)
(0 -0 -0)
(0 -0 -0)
(0 -0 -0)
(0 -0 -0)
(0 -0 -0)
(0 -0 -0)
(0 -0 -0)
(0 -0 -0)
(0 -0 -0)
(0 -0 -0)
(0 -0 -0)
(0 -0 -0)
(0 -0 -0)
(0 -0 -0)
(0 -0 -0)
(0 -0 -0)
(0 -0 -0)
(0 -0 -0)
(0 -0 -0)
(0 -0 -0)
(0 -0 -0)
(0 -0 -0)
(0 -0 -0)
(0 -0 -0)
(0 -0 -0)
(0 -0 -0)
(0 -0 -0)
(0 -0 -0)
(0 -0 -0)
(0 -0 -0)
(0 -0 -0)
(0 -0 -0)
(0 -0 -0)
(0 -0 0)
(5.50129 -0 1.16715)
(4.11189 -0 4.37515)
(0 -0 0)
(0 -0 0)
(0 -0 0)
(0 -0 0)
(0 -0 0)
(0 -0 0)
(0 -0 -0)
(0 -0 -0)
(0 -0 0)
(0 -0 0)
(0 -0 0)
(0 -0 0)
(0 -0 0)
(0 -0 0)
(0 -0 0)
(0 -0 0)
(0 -0 0)
(0 -0 0)
(0 -0 0)
(0 -0 0)
(0 -0 0)
(0 -0 0)
(0 -0 0)
(0 -0 0)
(0 -0 0)
(0 -0 0)
(0 -0 0)
(0 -0 0)
(0 -0 0)
(0 -0 0)
(0 -0 0)
(0 -0 0)
(0 -0 0)
(0 -0 0)
(0 -0 0)
(0 -0 0)
(0 -0 0)
(0 -0 -0)
(0 -0 -0)
(0 -0 -0)
(0 -0 -0)
(0 -0 -0)
(0 -0 -0)
(0 -0 -0)
(0 -0 -0)
(0 -0 -0)
(0 -0 -0)
(0 -0 -0)
(0 -0 -0)
(0 -0 -0)
(0 -0 -0)
(0 -0 -0)
(0 -0 -0)
(0 -0 -0)
(0 -0 -0)
(0 -0 -0)
(0 -0 -0)
(0 -0 -0)
(0 -0 -0)
(0 -0 -0)
(0 -0 -0)
(0 -0 -0)
(0 -0 -0)
(0 -0 -0)
(0 -0 -0)
(0 -0 -0)
(0 -0 -0)
(0 -0 -0)
(0 -0 -0)
(0 -0 -0)
(0 -0 -0)
(0 -0 -0)
(0 -0 -0)
(0 -0 -0)
(0 -0 -0)
(0 -0 -0)
(0 -0 -0)
(0 -0 -0)
(0 -0 -0)
(0 -0 -0)
(0 -0 -0)
(0 -0 -0)
(0 -0 -0)
(0 -0 -0)
(0 -0 -0)
(0 -0 -0)
(0 -0 -0)
(0 -0 -0)
(0 -0 -0)
(0 -0 -0)
(0 -0 -0)
(0 -0 -0)
(0 -0 -0)
(0 -0 -0)
(0 -0 -0)
(0 -0 -0)
(0 -0 -0)
(0 -0 -0)
(0 -0 -0)
(0 -0 -0)
(0 -0 -0)
(0 -0 -0)
(0 -0 -0)
(0 -0 -0)
(0 -0 -0)
(0 -0 -0)
(0 -0 -0)
(0 -0 -0)
(0 -0 -0)
(0 -0 -0)
(0 -0 -0)
(0 -0 -0)
(0 -0 -0)
(0 -0 -0)
(0 -0 -0)
(0 -0 -0)
(0 -0 -0)
(0 -0 -0)
(5.44904 -0 -0.273949)
(5.47922 -0 -2.04773)
(-0.23137 -0 -0.170373)
(0 -0 -0)
(0 -0 -0)
(0 -0 -0)
(0 -0 -0)
(0 -0 -0)
(0 -0 -0)
(0 -0 -0)
(0 -0 -0)
(0 -0 -0)
(0 -0 -0)
(0 -0 0)
(0 -0 0)
(0 -0 0)
(0 -0 0)
(0 -0 0)
(0 -0 0)
(0 -0 0)
(0 -0 0)
(0 -0 0)
(0 -0 0)
(0 -0 0)
(0 -0 0)
(0 -0 0)
(0 -0 0)
(0 -0 0)
(0 -0 0)
(0 -0 0)
(0 -0 0)
(0 -0 0)
(0 -0 0)
(0 -0 0)
(0 -0 0)
(0 -0 0)
(0 -0 0)
(0 -0 0)
(0 -0 0)
(0 -0 -0)
(0 -0 -0)
(0 -0 -0)
(0 -0 -0)
(0 -0 -0)
(0 -0 -0)
(0 -0 -0)
(0 -0 -0)
(0 -0 -0)
(0 -0 -0)
(0 -0 -0)
(0 -0 -0)
(0 -0 -0)
(0 -0 -0)
(0 -0 -0)
(0 -0 -0)
(0 -0 -0)
(0 -0 -0)
(0 -0 -0)
(0 -0 -0)
(0 -0 -0)
(0 -0 -0)
(0 -0 -0)
(0 -0 -0)
(0 -0 -0)
(0 -0 -0)
(0 -0 -0)
(0 -0 -0)
(0 -0 -0)
(0 -0 -0)
(0 -0 -0)
(0 -0 -0)
(0 -0 -0)
(0 -0 -0)
(0 -0 -0)
(0 -0 -0)
(0 -0 -0)
(0 -0 -0)
(0 -0 -0)
(0 -0 -0)
(0 -0 -0)
(0 -0 -0)
(0 -0 -0)
(0 -0 -0)
(0 -0 -0)
(0 -0 -0)
(0 -0 -0)
(0 -0 -0)
(0 -0 -0)
(0 -0 -0)
(0 -0 -0)
(0 -0 -0)
(0 -0 -0)
(0 -0 -0)
(0 -0 -0)
(0 -0 -0)
(0 -0 -0)
(0 -0 -0)
(0 -0 -0)
(0 -0 -0)
(0 -0 -0)
(0 -0 -0)
(0 -0 -0)
(0 -0 -0)
(0 -0 -0)
(0 -0 -0)
(0 -0 -0)
(0 -0 -0)
(0 -0 -0)
(0 -0 -0)
(0 -0 -0)
(0 -0 -0)
(0 -0 -0)
(0 -0 -0)
(0 -0 -0)
(0 -0 -0)
(0 -0 -0)
(0 -0 -0)
(0 -0 -0)
(0 -0 -0)
(0 -0 -0)
(0.0229903 -0 -0.00887129)
(4.5516 -0 -5.73045)
(3.43069 -0 -1.62494)
(0 -0 -0)
(0 -0 -0)
(0 -0 -0)
(0 -0 -0)
(0 -0 -0)
(0 -0 -0)
(0 -0 -0)
(0 -0 -0)
(0 -0 -0)
(0 -0 -0)
(0 -0 -0)
(0 -0 -0)
(0 -0 0)
(0 -0 0)
(0 -0 0)
(0 -0 0)
(0 -0 0)
(0 -0 0)
(0 -0 0)
(0 -0 0)
(0 -0 0)
(0 -0 0)
(0 -0 0)
(0 -0 0)
(0 -0 0)
(0 -0 0)
(0 -0 0)
(0 -0 0)
(0 -0 0)
(0 -0 0)
(0 -0 0)
(0 -0 0)
(0 -0 0)
(0 -0 0)
(0 -0 0)
(0 -0 0)
(1.00474e-15 -0 5.16257e-18)
(0 -0 0)
(0 -0 0)
(0 -0 0)
(0 -0 0)
(0 -0 0)
(0 -0 0)
(0 -0 0)
(0 -0 0)
(0 -0 0)
(0 -0 0)
(0 -0 0)
(0 -0 0)
(0 -0 0)
(0 -0 -0)
(0 -0 -0)
(0 -0 -0)
(0 -0 -0)
(0 -0 -0)
(0 -0 -0)
(0 -0 -0)
(0 -0 -0)
(0 -0 -0)
(0 -0 -0)
(0 -0 -0)
(0 -0 -0)
(0 -0 -0)
(0 -0 -0)
(0 -0 -0)
(0 -0 -0)
(0 -0 -0)
(0 -0 -0)
(0 -0 -0)
(0 -0 -0)
(0 -0 -0)
(0 -0 -0)
(0 -0 -0)
(0 -0 -0)
(0 -0 -0)
(0 -0 -0)
(0 -0 -0)
(0 -0 -0)
(0 -0 -0)
(0 -0 -0)
(0 -0 -0)
(0 -0 -0)
(0 -0 -0)
(0 -0 -0)
(0 -0 -0)
(0 -0 -0)
(0 -0 -0)
(0 -0 -0)
(0 -0 -0)
(0 -0 -0)
(0 -0 -0)
(0 -0 -0)
(0 -0 -0)
(0 -0 -0)
(0 -0 -0)
(0 -0 -0)
(0 -0 -0)
(0 -0 -0)
(0 -0 -0)
(0 -0 -0)
(0 -0 -0)
(0 -0 -0)
(0 -0 -0)
(0 -0 -0)
(0 -0 -0)
(0 -0 -0)
(0 -0 -0)
(0 -0 -0)
(0 -0 -0)
(0 -0 -0)
(0 -0 -0)
(0 -0 -0)
(0 -0 -0)
(0 -0 -0)
(0 -0 -0)
(0 -0 -0)
(0 -0 -0)
(0 -0 -0)
(3.90688 -0 -0.594383)
(3.52395 -0 -0.712099)
(0 -0 -0)
(0 -0 -0)
(0 -0 -0)
(0 -0 -0)
(0 -0 -0)
(0 -0 -0)
(0 -0 -0)
(0 -0 -0)
(0 -0 -0)
(0 -0 -0)
(0 -0 -0)
(0 -0 -0)
(0 -0 -0)
(0 -0 -0)
(0 -0 0)
(0 -0 0)
(0 -0 0)
(0 -0 0)
(0 -0 0)
(0 -0 0)
(0 -0 0)
(0 -0 0)
(0 -0 0)
(0 -0 0)
(0 -0 0)
(0 -0 0)
(0 -0 0)
(0 -0 0)
(0 -0 0)
(0 -0 0)
(0 -0 0)
(0 -0 0)
(0 -0 0)
(0 -0 0)
(0 -0 0)
(0 -0 0)
(0 -0 0)
(0 -0 0)
(0 -0 0)
(0 -0 0)
(0 -0 0)
(0 -0 0)
(0 -0 0)
(0 -0 0)
(0 -0 0)
(0 -0 0)
(0 -0 0)
(0 -0 0)
(0 -0 0)
(0 -0 0)
(0 -0 0)
(0 -0 0)
(0 -0 0)
(0 -0 0)
(0 -0 -0)
(0 -0 -0)
(0 -0 -0)
(0 -0 -0)
(0 -0 -0)
(0 -0 -0)
(0 -0 -0)
(0 -0 -0)
(0 -0 -0)
(0 -0 -0)
(0 -0 -0)
(0 -0 -0)
(0 -0 -0)
(0 -0 -0)
(0 -0 -0)
(0 -0 -0)
(0 -0 -0)
(0 -0 -0)
(0 -0 -0)
(0 -0 -0)
(0 -0 -0)
(0 -0 -0)
(0 -0 -0)
(0 -0 -0)
(0 -0 -0)
(0 -0 -0)
(0 -0 -0)
(0 -0 -0)
(0 -0 -0)
(0 -0 -0)
(0 -0 -0)
(0 -0 -0)
(0 -0 -0)
(0 -0 -0)
(0 -0 -0)
(0 -0 -0)
(0 -0 -0)
(0 -0 -0)
(0 -0 -0)
(0 -0 -0)
(0 -0 -0)
(0 -0 -0)
(0 -0 -0)
(0 -0 -0)
(0 -0 -0)
(0 -0 -0)
(0 -0 -0)
(0 -0 -0)
(0 -0 -0)
(0 -0 -0)
(0 -0 -0)
(0 -0 -0)
(0 -0 -0)
(0 -0 -0)
(0 -0 -0)
(0 -0 -0)
(0 -0 -0)
(0 -0 -0)
(0 -0 -0)
(0 -0 -0)
(0 -0 -0)
(0 -0 -0)
(0 -0 -0)
(0 -0 -0)
(4.01455 -0 -0.233371)
(3.63018 -0 -0.157681)
(0 -0 -0)
(0 -0 -0)
(0 -0 -0)
(0 -0 -0)
(0 -0 -0)
(0 -0 -0)
(0 -0 -0)
(0 -0 -0)
(0 -0 -0)
(0 -0 -0)
(0 -0 -0)
(0 -0 -0)
(0 -0 -0)
(0 -0 -0)
(0 -0 -0)
(0 -0 0)
(0 -0 0)
(0 -0 0)
(0 -0 0)
(0 -0 0)
(0 -0 0)
(0 -0 0)
(0 -0 0)
(0 -0 0)
(0 -0 0)
(0 -0 0)
(0 -0 0)
(0 -0 0)
(0 -0 0)
(0 -0 0)
(0 -0 0)
(0 -0 0)
(0 -0 0)
(0 -0 0)
(0 -0 0)
(0 -0 0)
(0 -0 0)
(0 -0 0)
(0 -0 0)
(0 -0 0)
(0 -0 0)
(0 -0 0)
(0 -0 0)
(0 -0 0)
(0 -0 0)
(0 -0 0)
(0 -0 0)
(0 -0 0)
(0 -0 0)
(0 -0 0)
(0 -0 0)
(0 -0 0)
(0 -0 0)
(0 -0 0)
(0 -0 0)
(0 -0 0)
(0 -0 -0)
(0 -0 -0)
(0 -0 -0)
(0 -0 -0)
(0 -0 -0)
(0 -0 -0)
(0 -0 -0)
(0 -0 -0)
(0 -0 -0)
(0 -0 -0)
(0 -0 -0)
(-0 -0 -0)
(-0 -0 -0)
(-0 -0 -0)
(-0 -0 -0)
(0 -0 -0)
(0 -0 -0)
(0 -0 -0)
(0 -0 -0)
(0 -0 -0)
(0 -0 -0)
(0 -0 -0)
(0 -0 -0)
(0 -0 -0)
(0 -0 -0)
(0 -0 -0)
(0 -0 -0)
(0 -0 -0)
(0 -0 -0)
(0 -0 -0)
(0 -0 -0)
(0 -0 -0)
(0 -0 -0)
(0 -0 -0)
(0 -0 -0)
(0 -0 -0)
(0 -0 -0)
(0 -0 -0)
(0 -0 -0)
(0 -0 -0)
(0 -0 -0)
(0 -0 -0)
(0 -0 -0)
(0 -0 -0)
(0 -0 -0)
(0 -0 -0)
(0 -0 -0)
(0 -0 -0)
(0 -0 -0)
(0 -0 -0)
(0 -0 -0)
(0 -0 -0)
(0 -0 0)
(0 -0 0)
(0 -0 0)
(0 -0 0)
(0 -0 0)
(0 -0 0)
(0 -0 0)
(0 -0 0)
(0 -0 0)
(0 -0 0)
(4.12451 -0 0.34905)
(3.68364 -0 0.472238)
(0 -0 0)
(0 -0 0)
(0 -0 0)
(0 -0 0)
(0 -0 0)
(0 -0 -0)
(0 -0 -0)
(0 -0 -0)
(0 -0 -0)
(0 -0 -0)
(0 -0 -0)
(0 -0 -0)
(0 -0 -0)
(0 -0 -0)
(0 -0 -0)
(0 -0 -0)
(0 -0 0)
(0 -0 0)
(0 -0 0)
(0 -0 0)
(0 -0 0)
(0 -0 0)
(0 -0 0)
(0 -0 0)
(0 -0 0)
(0 -0 0)
(0 -0 0)
(0 -0 0)
(0 -0 0)
(0 -0 0)
(0 -0 0)
(0 -0 0)
(0 -0 0)
(0 -0 0)
(0 -0 0)
(0 -0 0)
(1.12429e-15 -0 3.812e-17)
(0 -0 0)
(0 -0 0)
(0 -0 0)
(0 -0 0)
(0 -0 0)
(0 -0 0)
(0 -0 0)
(0 -0 0)
(0 -0 0)
(0 -0 0)
(0 -0 0)
(0 -0 0)
(0 -0 0)
(0 -0 0)
(0 -0 0)
(0 -0 0)
(0 -0 0)
(0 -0 0)
(0 -0 0)
(0 -0 -0)
(0 -0 -0)
(0 -0 -0)
(0 -0 -0)
(0 -0 -0)
(0 -0 -0)
(-0 -0 -0)
(-0 -0 -0)
(-0 -0 -0)
(-0 -0 -0)
(-0 -0 -0)
(-0 -0 -0)
(-0 -0 -0)
(-0 -0 -0)
(-0 -0 -0)
(-0 -0 -0)
(-0 -0 -0)
(-0 -0 -0)
(0 -0 -0)
(0 -0 -0)
(0 -0 -0)
(0 -0 -0)
(0 -0 -0)
(0 -0 -0)
(0 -0 -0)
(0 -0 -0)
(0 -0 -0)
(0 -0 -0)
(0 -0 -0)
(0 -0 -0)
(0 -0 -0)
(0 -0 -0)
(0 -0 -0)
(0 -0 -0)
(0 -0 -0)
(0 -0 -0)
(0 -0 -0)
(0 -0 -0)
(0 -0 -0)
(0 -0 -0)
(0 -0 -0)
(0 -0 -0)
(0 -0 -0)
(0 -0 -0)
(0 -0 -0)
(0 -0 -0)
(0 -0 -0)
(0 -0 -0)
(0 -0 -0)
(0 -0 0)
(0 -0 0)
(0 -0 0)
(0 -0 0)
(0 -0 0)
(0 -0 0)
(0 -0 0)
(0 -0 0)
(0 -0 0)
(0 -0 0)
(0 -0 0)
(0 -0 0)
(0 -0 0)
(4.27801 -0 1.06316)
(3.65087 -0 1.38282)
(0 -0 0)
(0 -0 0)
(0 -0 0)
(0 -0 0)
(0 -0 0)
(0 -0 0)
(0 -0 -0)
(0 -0 -0)
(0 -0 -0)
(0 -0 -0)
(0 -0 -0)
(0 -0 -0)
(0 -0 -0)
(0 -0 -0)
(0 -0 -0)
(0 -0 -0)
(0 -0 -0)
(0 -0 0)
(0 -0 0)
(0 -0 0)
(0 -0 0)
(0 -0 0)
(0 -0 0)
(0 -0 0)
(0 -0 0)
(0 -0 0)
(0 -0 0)
(0 -0 0)
(0 -0 0)
(0 -0 0)
(0 -0 0)
(0 -0 0)
(0 -0 0)
(0 -0 0)
(0 -0 0)
(0 -0 0)
(0 -0 0)
(0 -0 0)
(0 -0 0)
(0 -0 0)
(0 -0 0)
(0 -0 0)
(0 -0 0)
(0 -0 0)
(0 -0 0)
(0 -0 0)
(0 -0 0)
(0 -0 0)
(0 -0 0)
(0 -0 0)
(0 -0 0)
(0 -0 0)
(0 -0 0)
(0 -0 0)
(0 -0 0)
(0 -0 -0)
(0 -0 -0)
(0 -0 -0)
(0 -0 -0)
(0 -0 -0)
(-0 -0 -0)
(-0 -0 -0)
(-0 -0 -0)
(-0 -0 -0)
(-0 -0 -0)
(-0 -0 -0)
(-0 -0 -0)
(-0 -0 -0)
(-0 -0 -0)
(-0 -0 -0)
(-0 -0 -0)
(-0 -0 -0)
(-0 -0 -0)
(-0 -0 -0)
(-0 -0 -0)
(-0 -0 -0)
(0 -0 -0)
(0 -0 -0)
(0 -0 -0)
(0 -0 -0)
(0 -0 -0)
(0 -0 -0)
(0 -0 -0)
(0 -0 -0)
(0 -0 -0)
(0 -0 -0)
(0 -0 -0)
(0 -0 -0)
(0 -0 -0)
(0 -0 -0)
(0 -0 -0)
(0 -0 -0)
(0 -0 -0)
(0 -0 -0)
(0 -0 -0)
(0 -0 -0)
(0 -0 -0)
(0 -0 -0)
(0 -0 -0)
(0 -0 -0)
(0 -0 -0)
(0 -0 -0)
(0 -0 -0)
(0 -0 0)
(0 -0 0)
(0 -0 0)
(0 -0 0)
(0 -0 0)
(0 -0 0)
(0 -0 0)
(0 -0 0)
(0 -0 0)
(0 -0 0)
(0 -0 0)
(0 -0 0)
(0 -0 0)
(0 -0 0)
(0 -0 0)
(4.64037 -0 1.68581)
(3.51731 -0 3.05368)
(0 -0 0)
(0 -0 0)
(0 -0 0)
(0 -0 0)
(0 -0 0)
(0 -0 0)
(0 -0 0)
(0 -0 -0)
(0 -0 -0)
(0 -0 -0)
(0 -0 -0)
(0 -0 -0)
(0 -0 -0)
(0 -0 -0)
(0 -0 -0)
(0 -0 -0)
(0 -0 -0)
(0 -0 0)
(0 -0 0)
(0 -0 0)
(0 -0 0)
(0 -0 0)
(0 -0 0)
(0 -0 0)
(0 -0 0)
(0 -0 0)
(0 -0 0)
(0 -0 0)
(0 -0 0)
(0 -0 0)
(0 -0 0)
(0 -0 0)
(0 -0 0)
(0 -0 0)
(0 -0 0)
(0 -0 0)
(0 -0 0)
(0 -0 0)
(0 -0 0)
(0 -0 0)
(0 -0 0)
(0 -0 0)
(0 -0 0)
(0 -0 0)
(0 -0 0)
(0 -0 0)
(0 -0 0)
(0 -0 0)
(0 -0 0)
(0 -0 0)
(0 -0 0)
(0 -0 0)
(0 -0 0)
(0 -0 0)
(0 -0 -0)
(0 -0 -0)
(0 -0 -0)
(0 -0 -0)
(-0 -0 -0)
(-0 -0 -0)
(-0 -0 -0)
(-0 -0 -0)
(-0 -0 -0)
(-0 -0 -0)
(-0 -0 -0)
(-0 -0 -0)
(-0 -0 -0)
(-0 -0 -0)
(-0 -0 -0)
(-0 -0 -0)
(-0 -0 -0)
(-0 -0 -0)
(-0 -0 -0)
(-0 -0 -0)
(-0 -0 -0)
(-0 -0 -0)
(-0 -0 -0)
(-0 -0 -0)
(0 -0 -0)
(0 -0 -0)
(0 -0 -0)
(0 -0 -0)
(0 -0 -0)
(0 -0 -0)
(0 -0 -0)
(0 -0 -0)
(0 -0 -0)
(0 -0 -0)
(0 -0 -0)
(0 -0 -0)
(0 -0 -0)
(0 -0 -0)
(0 -0 -0)
(0 -0 -0)
(0 -0 -0)
(0 -0 -0)
(0 -0 -0)
(0 -0 -0)
(0 -0 -0)
(0 -0 -0)
(0 -0 -0)
(0 -0 -0)
(0 -0 -0)
(0 -0 0)
(0 -0 0)
(0 -0 0)
(0 -0 0)
(0 -0 0)
(0 -0 0)
(0 -0 0)
(0 -0 0)
(0 -0 0)
(0 -0 0)
(0 -0 0)
(0 -0 0)
(0 -0 0)
(0 -0 0)
(0 -0 0)
(5.6886 -0 1.12408)
(4.5884 -0 0.340177)
(0.0216335 -0 0.0172279)
(0 -0 0)
(0 -0 0)
(0 -0 0)
(0 -0 0)
(0 -0 0)
(0 -0 0)
(0 -0 0)
(0 -0 -0)
(0 -0 -0)
(0 -0 -0)
(0 -0 -0)
(0 -0 -0)
(0 -0 -0)
(0 -0 -0)
(0 -0 -0)
(0 -0 -0)
(0 -0 -0)
(0 -0 0)
(0 -0 0)
(0 -0 0)
(0 -0 0)
(0 -0 0)
(0 -0 0)
(0 -0 0)
(0 -0 0)
(0 -0 0)
(0 -0 0)
(0 -0 0)
(0 -0 0)
(0 -0 0)
(0 -0 0)
(0 -0 0)
(0 -0 0)
(0 -0 0)
(0 -0 0)
(0 -0 0)
(0 -0 0)
(0 -0 0)
(0 -0 0)
(0 -0 0)
(0 -0 0)
(0 -0 0)
(0 -0 0)
(0 -0 0)
(0 -0 0)
(0 -0 0)
(0 -0 0)
(0 -0 0)
(0 -0 0)
(0 -0 -0)
(0 -0 -0)
(0 -0 -0)
(0 -0 -0)
(0 -0 -0)
(0 -0 -0)
(0 -0 -0)
(-0 -0 -0)
(-0 -0 -0)
(-0 -0 -0)
(-0 -0 -0)
(-0 -0 -0)
(-0 -0 -0)
(-0 -0 -0)
(-0 -0 -0)
(-0 -0 -0)
(-0 -0 -0)
(-0 -0 -0)
(-0 -0 -0)
(-0 -0 -0)
(-0 -0 -0)
(-0 -0 -0)
(-0 -0 -0)
(-0 -0 -0)
(-0 -0 -0)
(-0 -0 -0)
(-0 -0 -0)
(-0 -0 -0)
(-0 -0 -0)
(-0 -0 -0)
(0 -0 -0)
(0 -0 -0)
(0 -0 -0)
(0 -0 -0)
(0 -0 -0)
(0 -0 -0)
(0 -0 -0)
(0 -0 -0)
(0 -0 -0)
(0 -0 -0)
(0 -0 -0)
(0 -0 -0)
(0 -0 -0)
(0 -0 -0)
(0 -0 -0)
(0 -0 -0)
(0 -0 -0)
(0 -0 -0)
(0 -0 -0)
(0 -0 -0)
(0 -0 -0)
(0 -0 -0)
(0 -0 -0)
(0 -0 -0)
(0 -0 0)
(0 -0 0)
(0 -0 0)
(0 -0 0)
(0 -0 0)
(0 -0 0)
(0 -0 0)
(0 -0 0)
(0 -0 0)
(0 -0 0)
(0 -0 0)
(0 -0 0)
(0 -0 0)
(0 -0 0)
(0.0456712 -0 0.0142579)
(4.01651 -0 -1.6487)
(2.63227 -0 0.161159)
(0 -0 0)
(0 -0 0)
(0 -0 0)
(0 -0 0)
(0 -0 0)
(0 -0 0)
(0 -0 0)
(0 -0 0)
(0 -0 -0)
(0 -0 -0)
(0 -0 -0)
(0 -0 -0)
(0 -0 -0)
(0 -0 -0)
(0 -0 -0)
(0 -0 -0)
(0 -0 -0)
(0 -0 -0)
(0 -0 0)
(0 -0 0)
(0 -0 0)
(0 -0 0)
(0 -0 0)
(0 -0 0)
(0 -0 0)
(0 -0 0)
(0 -0 0)
(0 -0 0)
(0 -0 0)
(0 -0 0)
(0 -0 0)
(0 -0 0)
(0 -0 0)
(0 -0 0)
(0 -0 0)
(0 -0 -0)
(0 -0 -0)
(0 -0 -0)
(0 -0 0)
(0 -0 0)
(0 -0 0)
(0 -0 -0)
(0 -0 -0)
(0 -0 -0)
(0 -0 -0)
(0 -0 -0)
(0 -0 -0)
(0 -0 -0)
(0 -0 -0)
(0 -0 -0)
(0 -0 -0)
(0 -0 -0)
(0 -0 -0)
(0 -0 -0)
(0 -0 -0)
(0 -0 -0)
(-0 -0 -0)
(-0 -0 -0)
(-0 -0 -0)
(-0 -0 -0)
(-0 -0 -0)
(-0 -0 -0)
(-0 -0 -0)
(-0 -0 -0)
(-0 -0 -0)
(-0 -0 -0)
(-0 -0 -0)
(-0 -0 -0)
(-0 -0 -0)
(-0 -0 -0)
(-0 -0 -0)
(-0 -0 -0)
(-0 -0 -0)
(-0 -0 -0)
(-0 -0 -0)
(-0 -0 -0)
(-0 -0 -0)
(-0 -0 -0)
(-0 -0 -0)
(-0 -0 -0)
(-0 -0 -0)
(0 -0 -0)
(0 -0 -0)
(0 -0 -0)
(0 -0 -0)
(0 -0 -0)
(0 -0 -0)
(0 -0 -0)
(0 -0 -0)
(0 -0 -0)
(0 -0 -0)
(0 -0 -0)
(0 -0 -0)
(0 -0 -0)
(0 -0 -0)
(0 -0 -0)
(0 -0 -0)
(0 -0 -0)
(0 -0 -0)
(0 -0 -0)
(0 -0 -0)
(0 -0 -0)
(0 -0 -0)
(0 -0 -0)
(0 -0 -0)
(0 -0 0)
(0 -0 0)
(0 -0 0)
(0 -0 0)
(0 -0 0)
(0 -0 0)
(0 -0 0)
(0 -0 0)
(0 -0 0)
(0 -0 0)
(0 -0 0)
(0 -0 0)
(0 -0 0)
(2.44802 -0 1.50177)
(2.31638 -0 0.926445)
(0 -0 0)
(0 -0 0)
(0 -0 0)
(0 -0 0)
(0 -0 0)
(0 -0 0)
(0 -0 0)
(0 -0 0)
(0 -0 0)
(0 -0 -0)
(0 -0 -0)
(0 -0 -0)
(0 -0 -0)
(0 -0 -0)
(0 -0 -0)
(0 -0 -0)
(0 -0 -0)
(0 -0 -0)
(0 -0 0)
(0 -0 0)
(0 -0 0)
(0 -0 0)
(0 -0 0)
(0 -0 0)
(0 -0 0)
(0 -0 0)
(0 -0 0)
(0 -0 0)
(0 -0 0)
(0 -0 0)
(0 -0 0)
(0 -0 0)
(0 -0 0)
(0 -0 0)
(0 -0 0)
(0 -0 -0)
(0 -0 -0)
(0 -0 -0)
(0 -0 -0)
(0 -0 -0)
(0 -0 -0)
(0 -0 -0)
(0 -0 -0)
(0 -0 -0)
(0 -0 -0)
(0 -0 -0)
(0 -0 -0)
(0 -0 -0)
(0 -0 -0)
(0 -0 -0)
(0 -0 -0)
(0 -0 -0)
(0 -0 -0)
(0 -0 -0)
(0 -0 -0)
(0 -0 -0)
(-0 -0 -0)
(-0 -0 -0)
(-0 -0 -0)
(-0 -0 -0)
(-0 -0 -0)
(-0 -0 -0)
(-0 -0 -0)
(-0 -0 -0)
(-0 -0 -0)
(-0 -0 -0)
(-0 -0 -0)
(-0 -0 -0)
(-0 -0 -0)
(-0 -0 -0)
(-0 -0 -0)
(-0 -0 -0)
(-0 -0 -0)
(-0 -0 -0)
(-0 -0 -0)
(-0 -0 -0)
(-0 -0 -0)
(-0 -0 -0)
(-0 -0 -0)
(-0 -0 -0)
(-0 -0 -0)
(0 -0 -0)
(0 -0 -0)
(0 -0 -0)
(0 -0 -0)
(0 -0 -0)
(0 -0 -0)
(0 -0 -0)
(0 -0 -0)
(0 -0 -0)
(0 -0 -0)
(0 -0 -0)
(0 -0 -0)
(0 -0 -0)
(0 -0 -0)
(0 -0 -0)
(0 -0 -0)
(0 -0 -0)
(0 -0 -0)
(0 -0 -0)
(0 -0 -0)
(0 -0 -0)
(0 -0 -0)
(0 -0 -0)
(0 -0 -0)
(0 -0 -0)
(0 -0 0)
(0 -0 0)
(0 -0 0)
(0 -0 0)
(0 -0 0)
(0 -0 0)
(0 -0 0)
(0 -0 0)
(0 -0 0)
(0 -0 0)
(0 -0 0)
(0 -0 0)
(1.91129 -0 1.73712)
(1.89999 -0 1.18692)
(0 -0 0)
(0 -0 0)
(0 -0 0)
(0 -0 0)
(0 -0 0)
(0 -0 0)
(0 -0 0)
(0 -0 0)
(0 -0 0)
(0 -0 -0)
(0 -0 -0)
(0 -0 -0)
(0 -0 -0)
(0 -0 -0)
(0 -0 -0)
(0 -0 -0)
(0 -0 -0)
(0 -0 -0)
(0 -0 -0)
(0 -0 0)
(0 -0 0)
(0 -0 0)
(0 -0 0)
(0 -0 0)
(0 -0 0)
(0 -0 0)
(0 -0 0)
(0 -0 0)
(0 -0 0)
(0 -0 0)
(0 -0 0)
(0 -0 0)
(0 -0 0)
(0 -0 0)
(0 -0 0)
(0 -0 -0)
(0 -0 -0)
(0 -0 -0)
(0 -0 -0)
(0 -0 -0)
(0 -0 -0)
(0 -0 -0)
(0 -0 -0)
(0 -0 -0)
(0 -0 -0)
(0 -0 -0)
(0 -0 -0)
(0 -0 -0)
(0 -0 -0)
(0 -0 -0)
(0 -0 -0)
(0 -0 -0)
(0 -0 -0)
(0 -0 -0)
(0 -0 -0)
(0 -0 -0)
(0 -0 -0)
(0 -0 -0)
(0 -0 -0)
(-0 -0 -0)
(-0 -0 -0)
(-0 -0 -0)
(-0 -0 -0)
(-0 -0 -0)
(-0 -0 0)
(-0 -0 0)
(-0 -0 0)
(-0 -0 0)
(-0 -0 0)
(-0 -0 0)
(-0 -0 0)
(-0 -0 0)
(-0 -0 0)
(-0 -0 0)
(-0 -0 0)
(-0 -0 0)
(-0 -0 0)
(-0 -0 0)
(-0 -0 0)
(-0 -0 0)
(-0 -0 0)
(-0 -0 0)
(0 -0 0)
(0 -0 0)
(0 -0 0)
(0 -0 0)
(0 -0 0)
(0 -0 0)
(0 -0 -0)
(0 -0 -0)
(0 -0 -0)
(0 -0 -0)
(0 -0 -0)
(0 -0 -0)
(0.0139165 -0 -4.63891e-05)
(0.0118942 -0 -5.25675e-05)
(0.0243391 -0 -0.000118061)
(0.0242572 -0 -0.000115148)
(0.0379751 -0 -0.000233804)
(0.0408402 -0 -0.000194667)
(0.0546797 -0 -0.000370919)
(0.0724055 -0 -0.000197746)
(0.0952606 -0 -0.000148535)
(0.115022 -0 -1.47742e-05)
(0.119794 -0 -1.16468e-06)
(0.130046 -0 -3.07408e-06)
(0.127661 -0 -7.7972e-05)
(0.104847 -0 1.06383e-05)
(0.0850947 -0 9.05445e-05)
(0.0655726 -0 0.000161012)
(0.0446497 -0 0.000286599)
(0.0260035 -0 0.000175795)
(0.0156724 -0 0.000358618)
(0 -0 0)
(0.000217242 -0 0.000260574)
(3.02087e-05 -0 4.503e-05)
(5.7005e-05 -0 8.65652e-05)
(7.64542e-05 -0 0.000133569)
(1.2817 -0 1.62191)
(1.45778 -0 1.02378)
(0 -0 0)
(0 -0 0)
(0 -0 0)
(0 -0 0)
(0 -0 0)
(0 -0 0)
(0 -0 0)
(0 -0 0)
(0 -0 0)
(0 -0 0)
(0 -0 -0)
(0 -0 -0)
(0 -0 -0)
(0 -0 -0)
(0 -0 -0)
(0 -0 -0)
(0 -0 -0)
(0 -0 -0)
(0 -0 -0)
(0 -0 -0)
(0 -0 0)
(0 -0 0)
(0 -0 0)
(0 -0 0)
(0 -0 0)
(0 -0 0)
(0 -0 0)
(0 -0 0)
(0 -0 0)
(0 -0 0)
(0 -0 0)
(0 -0 0)
(0 -0 0)
(0 -0 0)
(0 -0 0)
(0 -0 -0)
(0 -0 -0)
(0 -0 -0)
(0 -0 -0)
(0 -0 -0)
(0 -0 -0)
(0 -0 -0)
(0 -0 -0)
(0 -0 -0)
(0 -0 -0)
(0 -0 -0)
(0 -0 -0)
(0 -0 -0)
(0 -0 -0)
(0 -0 -0)
(0 -0 -0)
(0 -0 -0)
(0 -0 -0)
(0 -0 -0)
(0 -0 -0)
(0 -0 -0)
(0 -0 -0)
(0 -0 -0)
(0 -0 -0)
(0 -0 -0)
(0 -0 -0)
(0 -0 -0)
(0 -0 -0)
(0 -0 0)
(0 -0 0)
(-0 -0 0)
(-0 -0 0)
(-0 -0 0)
(-0 -0 0)
(-0 -0 0)
(-0 -0 0)
(-0 -0 0)
(-0 -0 0)
(-0 -0 0)
(-0 -0 0)
(-0 -0 0)
(-0 -0 0)
(-0 -0 0)
(-0 -0 0)
(-0 -0 0)
(-0 -0 0)
(-0 -0 0)
(0 -0 0)
(0 -0 0)
(0.00548973 -0 0.000131468)
(0.00921674 -0 0.000100431)
(0.0187259 -0 9.39735e-05)
(0.0221239 -0 0.000230568)
(0.040102 -0 -0.000796776)
(0.055853 -0 -0.00567754)
(0.0533911 -0 -0.006983)
(0.0616836 -0 -0.00662528)
(0.0573563 -0 -0.00617721)
(0.0654601 -0 -0.00872583)
(0.0649352 -0 -0.00937837)
(0.0582246 -0 -0.0079691)
(0.0595906 -0 -0.00763138)
(0.0787627 -0 -0.00963736)
(0.0994313 -0 -0.0130379)
(0.0983245 -0 -0.0120403)
(0.112303 -0 -0.0137376)
(0.170313 -0 -0.0161487)
(0.229092 -0 -0.0157106)
(0.273761 -0 -0.00946538)
(0.286497 -0 -0.00204699)
(0.311952 -0 0.011043)
(0.315097 -0 0.0314197)
(0.32624 -0 0.044415)
(0.259567 -0 0.0368939)
(0.236544 -0 0.0373775)
(0.189091 -0 0.0332573)
(0.145536 -0 0.0276274)
(0.0935513 -0 0.0206622)
(0.072914 -0 0.0140085)
(0.0211018 -0 0.00246155)
(0.00578853 -0 0.000234983)
(0.00174367 -0 7.4572e-05)
(4.49702e-05 -0 0.000108776)
(0.600994 -0 1.09379)
(1.17015 -0 0.326027)
(0 -0 0)
(0 -0 0)
(0 -0 0)
(0 -0 0)
(0 -0 0)
(0 -0 0)
(0 -0 0)
(0 -0 0)
(0 -0 0)
(0 -0 0)
(0 -0 -0)
(0 -0 -0)
(0 -0 -0)
(0 -0 -0)
(0 -0 -0)
(0 -0 -0)
(0 -0 -0)
(0 -0 -0)
(0 -0 -0)
(0 -0 -0)
(0 -0 -0)
(0 -0 0)
(0 -0 0)
(0 -0 0)
(0 -0 0)
(0 -0 0)
(0 -0 0)
(0 -0 0)
(0 -0 0)
(0 -0 0)
(0 -0 0)
(0 -0 0)
(0 -0 -0)
(0 -0 -0)
(0 -0 -0)
(-2.27181e-15 -0 -1.83731e-15)
(-0 -0 -0)
(-0 -0 -0)
(-0 -0 -0)
(0 -0 -0)
(0 -0 -0)
(0 -0 -0)
(0 -0 -0)
(0 -0 -0)
(0 -0 -0)
(0 -0 -0)
(0 -0 -0)
(0 -0 -0)
(0 -0 -0)
(0 -0 -0)
(0 -0 -0)
(0 -0 -0)
(0 -0 -0)
(0 -0 -0)
(0 -0 -0)
(0 -0 -0)
(0 -0 -0)
(0 -0 -0)
(0 -0 -0)
(0 -0 -0)
(0 -0 -0)
(0 -0 -0)
(0 -0 -0)
(0 -0 0)
(0 -0 0)
(0 -0 0)
(0 -0 0)
(0 -0 0)
(0 -0 0)
(0 -0 0)
(0 -0 0)
(-0 -0 0)
(-0 -0 0)
(-0 -0 0)
(-0 -0 0)
(-0 -0 0)
(-0 -0 0)
(-0 -0 0)
(-0.000506482 -0 9.09679e-05)
(-0.00115874 -0 0.000793523)
(-0.00825015 -0 0.00135388)
(-0.0362826 -0 0.0100746)
(-0.0650066 -0 0.0102477)
(-0.0348135 -0 0.00177769)
(-0.00990503 -0 -0.00217834)
(0.0120972 -0 -0.00277354)
(0.0234518 -0 -0.0020786)
(0.0169109 -0 -0.0054989)
(0.0221645 -0 -0.00559921)
(0.0763204 -0 -0.00487335)
(0.119372 -0 0.00113674)
(0.0862577 -0 0.0003548)
(0.0929061 -0 -0.0020808)
(0.117088 -0 -0.00507558)
(0.0708214 -0 -0.00387551)
(0.0543295 -0 -0.00370595)
(0.0457173 -0 -0.00403712)
(0.105764 -0 -0.0100534)
(0.136649 -0 -0.0161082)
(0.100297 -0 -0.0111531)
(0.110323 -0 -0.0132172)
(0.25627 -0 -0.0236695)
(0.348199 -0 -0.0242335)
(0.458698 -0 -0.0275913)
(0.446074 -0 -0.0228791)
(0.477307 -0 -0.0115287)
(0.498666 -0 0.00817714)
(0.515565 -0 0.0360382)
(0.434032 -0 0.0467605)
(0.389126 -0 0.0475757)
(0.313827 -0 0.0452376)
(0.234117 -0 0.0365075)
(0.166562 -0 0.0286065)
(0.111806 -0 0.0280489)
(0.0480198 -0 0.0156093)
(0.0431761 -0 0.0117674)
(0.0184161 -0 0.0043815)
(-0.00405665 -0 -0.000208029)
(-0.0797325 -0 0.264687)
(0.953804 -0 -0.0710405)
(0.804056 -0 0.140092)
(0 -0 0)
(0 -0 0)
(0 -0 0)
(0 -0 0)
(0 -0 0)
(0 -0 0)
(0 -0 0)
(0 -0 0)
(0 -0 0)
(0 -0 0)
(0 -0 -0)
(0 -0 -0)
(0 -0 -0)
(0 -0 -0)
(0 -0 -0)
(0 -0 -0)
(0 -0 -0)
(0 -0 -0)
(0 -0 -0)
(0 -0 -0)
(0 -0 -0)
(0 -0 -0)
(0 -0 -0)
(0 -0 -0)
(0 -0 -0)
(0 -0 -0)
(0 -0 -0)
(0 -0 -0)
(0 -0 -0)
(0 -0 -0)
(0 -0 -0)
(0 -0 -0)
(0 -0 -0)
(0 -0 -0)
(-0 -0 -0)
(-0 -0 -0)
(-0 -0 -0)
(-0 -0 -0)
(0 -0 -0)
(0 -0 -0)
(0 -0 -0)
(0 -0 -0)
(0 -0 -0)
(0 -0 -0)
(0 -0 -0)
(0 -0 -0)
(0 -0 -0)
(0 -0 -0)
(0 -0 -0)
(0 -0 -0)
(0 -0 -0)
(0 -0 -0)
(0 -0 -0)
(0.012724 -0 -0.000672877)
(0.0127625 -0 -9.93622e-06)
(0.0125263 -0 -3.64968e-05)
(0.0231334 -0 -5.46907e-05)
(0.0199874 -0 -6.63363e-07)
(0.0174267 -0 -8.88399e-06)
(0.0233622 -0 -2.25755e-07)
(0.0238718 -0 -1.21975e-06)
(0.0203183 -0 2.96568e-07)
(0.0194634 -0 7.29823e-07)
(0.0240988 -0 1.65378e-05)
(0.0194302 -0 2.82005e-05)
(0.0149465 -0 4.11828e-07)
(0.0114719 -0 1.72305e-05)
(0.0103249 -0 7.22684e-05)
(0.0130408 -0 8.57925e-05)
(0.0165237 -0 7.18635e-05)
(0.0208062 -0 0.000142992)
(0.0223383 -0 0.000400576)
(0.0269153 -0 0.000467419)
(0.0152285 -0 -4.89519e-05)
(-0.0275622 -0 0.000822568)
(-0.0644883 -0 0.00504384)
(-0.0844995 -0 0.00602038)
(-0.113361 -0 0.00923404)
(-0.14689 -0 0.0147408)
(-0.166998 -0 0.0122823)
(-0.216635 -0 0.0352123)
(-0.171082 -0 0.0237778)
(-0.0678462 -0 0.00850274)
(-0.0356099 -0 0.0060284)
(-0.0817287 -0 0.00215333)
(-0.123846 -0 0.00605972)
(-0.0833448 -0 0.00481928)
(-0.0171273 -0 0.00457083)
(-0.040204 -0 0.00169714)
(-0.0651925 -0 0.00354036)
(-0.116533 -0 0.00704932)
(-0.0707952 -0 0.00410345)
(0.031405 -0 0.000415575)
(-0.0621846 -0 0.000178475)
(-0.181513 -0 0.0032904)
(-0.20382 -0 0.00777128)
(0.106612 -0 -0.00620896)
(0.349931 -0 -0.0231184)
(0.0395285 -0 -0.00214309)
(-0.00432576 -0 5.81358e-05)
(0.398974 -0 -0.019594)
(0.822441 -0 -0.0216073)
(1.08928 -0 -0.0165556)
(0.902273 -0 -0.00640558)
(1.1166 -0 0.00451205)
(1.19803 -0 0.0186655)
(0.964942 -0 0.0309475)
(0.715714 -0 0.0485108)
(0.655001 -0 0.085789)
(0.599691 -0 0.103178)
(0.385783 -0 0.0857867)
(0.244466 -0 0.0633735)
(0.178224 -0 0.0450342)
(0.0674208 -0 0.01537)
(0.0902804 -0 0.0464676)
(0.0518626 -0 0.0299588)
(-0.0499364 -0 -0.0109185)
(0.22068 -0 0.15775)
(0.847058 -0 0.255762)
(0.806384 -0 0.145463)
(0 -0 0)
(0 -0 0)
(0 -0 0)
(0 -0 0)
(0 -0 0)
(0 -0 0)
(0 -0 0)
(0 -0 0)
(0 -0 0)
(0 -0 0)
(0 -0 -0)
(0 -0 -0)
(0 -0 -0)
(0 -0 -0)
(0 -0 -0)
(0 -0 -0)
(0 -0 -0)
(0 -0 -0)
(0 -0 -0)
(0 -0 -0)
(0 -0 -0)
(0 -0 -0)
(0 -0 -0)
(0 -0 -0)
(0 -0 -0)
(0 -0 -0)
(0 -0 -0)
(0 -0 -0)
(0 -0 -0)
(0 -0 -0)
(0 -0 -0)
(0 -0 -0)
(0 -0 -0)
(0 -0 -0)
(-0 -0 -0)
(-0 -0 -0)
(-0 -0 -0)
(-0 -0 -0)
(0.00399133 -0 -0.000400312)
(0.0349059 -0 -0.000260187)
(0.0749358 -0 -0.000297193)
(0.100593 -0 -0.000320265)
(0.137127 -0 -0.000656685)
(0.176981 -0 -8.09512e-05)
(0.168232 -0 -7.57512e-06)
(0.16535 -0 -5.5364e-05)
(0.1688 -0 -1.33518e-06)
(0.13092 -0 -0.000252146)
(0.125324 -0 -0.00116992)
(0.189002 -0 -0.000452903)
(0.19522 -0 -0.000379577)
(0.181805 -0 -0.00811199)
(0.191781 -0 -0.0283326)
(0.192883 -0 -0.0231707)
(0.197541 -0 -0.00751883)
(0.243585 -0 -0.00760112)
(0.365111 -0 -0.0136824)
(0.30021 -0 -0.00641066)
(0.192725 -0 -0.00308407)
(0.248452 -0 -0.000830009)
(0.273409 -0 0.00354351)
(0.159158 -0 0.00225026)
(0.116168 -0 0.00256835)
(0.225747 -0 0.0096994)
(0.311835 -0 0.0120724)
(0.227403 -0 0.00094594)
(0.131881 -0 -0.00395261)
(0.103818 -0 -0.00521216)
(0.120105 -0 -0.00643872)
(0.176849 -0 -0.00876552)
(0.240851 -0 -0.0144194)
(0.214133 -0 -0.0173727)
(0.17476 -0 -0.0155871)
(0.167943 -0 -0.00988806)
(0.0902674 -0 -0.00160089)
(-0.0180334 -0 0.00362965)
(-0.0719947 -0 0.00654098)
(-0.0514717 -0 0.00426031)
(-0.0760958 -0 0.00918327)
(-0.23164 -0 0.0218655)
(-0.352773 -0 0.03032)
(-0.367482 -0 0.0241296)
(-0.397447 -0 0.0199864)
(-0.383127 -0 0.0211399)
(-0.203388 -0 0.0127604)
(-0.117933 -0 0.0119759)
(-0.19861 -0 0.0107654)
(-0.345255 -0 0.0172443)
(-0.564821 -0 0.0325208)
(-0.838637 -0 0.0589658)
(-1.20687 -0 0.0910486)
(-1.19203 -0 0.0925342)
(-0.928286 -0 0.0767164)
(-0.831645 -0 0.0738103)
(-1.08538 -0 0.0873177)
(-1.09497 -0 0.0672699)
(-0.297778 -0 0.00871981)
(0.762353 -0 -0.0161537)
(0.289623 -0 -0.00505372)
(-0.859401 -0 0.0102823)
(0.347325 -0 -0.00654678)
(2.75129 -0 0.0245535)
(3.99921 -0 0.054277)
(1.65109 -0 0.0121475)
(3.20503 -0 0.0637307)
(8.77224 -0 0.298974)
(7.28 -0 0.225155)
(3.01354 -0 0.114436)
(3.71419 -0 0.201751)
(4.87549 -0 0.267923)
(3.87826 -0 0.1589)
(2.56134 -0 0.0694762)
(2.63249 -0 0.0463482)
(2.00846 -0 0.0203279)
(1.50705 -0 0.00480862)
(1.29681 -0 0.00111179)
(0.627716 -0 0.0115576)
(0.700798 -0 0.0311367)
(0.802536 -0 0.0375911)
(1.69189 -0 0.476)
(0 -0 0)
(0 -0 0)
(0 -0 0)
(0 -0 0)
(0 -0 0)
(0 -0 0)
(0 -0 0)
(0 -0 0)
(0 -0 0)
(0 -0 0)
(0 -0 -0)
(0 -0 -0)
(0 -0 -0)
(0 -0 -0)
(0 -0 -0)
(0 -0 -0)
(0 -0 -0)
(0 -0 -0)
(0 -0 -0)
(0 -0 -0)
(0 -0 -0)
(0 -0 -0)
(0 -0 -0)
(0 -0 -0)
(0 -0 -0)
(0 -0 -0)
(0 -0 -0)
(0 -0 -0)
(0 -0 -0)
(0 -0 -0)
(0 -0 -0)
(0 -0 -0)
(0 -0 -0)
(0 -0 -0)
(-8.96616 -0 -0.000125843)
(-5.74055 -0 0.0647744)
(-2.63965 -0 0.127057)
(-0.22215 -0 0.0257436)
(1.04824 -0 -0.0509008)
(1.35017 -0 -0.0525735)
(1.29075 -0 -0.0423285)
(1.6937 -0 -0.0505018)
(1.83821 -0 -0.0579806)
(1.92827 -0 -0.0346839)
(1.48725 -0 -0.012353)
(1.99747 -0 -0.0143319)
(3.51875 -0 -0.0380572)
(1.88835 -0 -0.0575153)
(0.805473 -0 -0.0326742)
(2.30174 -0 -0.0983353)
(1.85083 -0 -0.0810242)
(0.947543 -0 -0.0391277)
(1.11929 -0 -0.0353957)
(0.27101 -0 -0.00720149)
(-0.438832 -0 0.0124093)
(0.473962 -0 -0.00553708)
(1.32243 -0 0.008345)
(1.61016 -0 0.0219324)
(1.8061 -0 0.0431954)
(2.13493 -0 0.0661004)
(2.24035 -0 0.0603329)
(1.20157 -0 0.0189245)
(0.374226 -0 0.00415939)
(1.20666 -0 0.00339296)
(2.02079 -0 -0.00162534)
(1.62215 -0 -0.0134203)
(0.515872 -0 -0.00795357)
(0.720994 -0 -0.0137688)
(1.16052 -0 -0.0231568)
(1.71721 -0 -0.031894)
(2.90576 -0 -0.0359841)
(3.36348 -0 0.00159928)
(3.65374 -0 0.0372818)
(3.68045 -0 -0.00397484)
(2.18859 -0 -0.0603809)
(0.793858 -0 -0.0397538)
(0.611145 -0 -0.0266018)
(0.895693 -0 -0.0224512)
(0.938394 -0 -0.0147683)
(-0.106434 -0 0.0111578)
(-0.686322 -0 0.0242768)
(-0.491675 -0 0.0203626)
(-0.636789 -0 0.0257156)
(-1.4909 -0 0.051725)
(-1.90997 -0 0.0649505)
(-2.74664 -0 0.0946545)
(-2.43873 -0 0.0806523)
(0.437463 -0 -0.00935509)
(0.511683 -0 -0.0142268)
(-4.00985 -0 0.154811)
(-8.78613 -0 0.32502)
(-10.012 -0 0.309258)
(-6.82609 -0 0.149646)
(-1.4987 -0 0.0236991)
(-5.1735 -0 0.11498)
(-10.0603 -0 0.377662)
(-6.5493 -0 0.328686)
(4.92409 -0 -0.257755)
(3.56106 -0 -0.188479)
(-7.78169 -0 0.434517)
(0.658905 -0 -0.0318714)
(11.8102 -0 -0.630559)
(9.95472 -0 -0.548139)
(0.527206 -0 -0.0302119)
(5.13069 -0 -0.302232)
(12.7024 -0 -0.713106)
(7.0565 -0 -0.352443)
(3.03278 -0 -0.138128)
(4.76885 -0 -0.221528)
(6.68544 -0 -0.341409)
(4.74224 -0 -0.276504)
(3.43883 -0 -0.228008)
(2.39414 -0 -0.182394)
(1.82829 -0 -0.159321)
(1.08893 -0 -0.106766)
(0.701048 -0 -0.0755366)
(0.18422 -0 -0.02979)
(0.239508 -0 -0.0453165)
(0.0305895 -0 -0.00689607)
(0 -0 0)
(0 -0 0)
(0 -0 0)
(0 -0 0)
(0 -0 0)
(0 -0 0)
(0 -0 0)
(0 -0 0)
(0 -0 0)
(0 -0 0)
(0 -0 -0)
(0 -0 -0)
(0 -0 -0)
(0 -0 -0)
(0 -0 -0)
(0 -0 -0)
(0 -0 -0)
(0 -0 -0)
(0 -0 -0)
(0 -0 -0)
(0 -0 -0)
(0 -0 -0)
(0 -0 -0)
(0 -0 -0)
(0 -0 -0)
(0 -0 -0)
(0 -0 -0)
(0 -0 -0)
(0 -0 -0)
(0 -0 -0)
(0 -0 -0)
(0 -0 -0)
(0 -0 -0)
(0 -0 -0)
(0 -0 -0)
(-114.914 -0 0.891049)
(-42.2184 -0 0.739848)
(-8.33472 -0 0.135982)
(-0.827203 -0 0.00646657)
(-0.81132 -0 0.0141797)
(-5.60446 -0 0.145318)
(-9.71755 -0 0.207338)
(7.46836 -0 -0.0604281)
(16.0915 -0 0.00130061)
(8.61281 -0 -0.0401247)
(7.26564 -0 -0.0169213)
(17.3722 -0 0.137836)
(23.7529 -0 0.218834)
(4.36604 -0 0.0189611)
(1.20121 -0 0.0127832)
(21.2971 -0 0.437472)
(11.2544 -0 0.222647)
(0.334912 -0 0.00500635)
(11.6274 -0 0.116158)
(-0.849558 -0 0.00135237)
(-9.04044 -0 0.120534)
(-3.2401 -0 0.0527671)
(1.97493 -0 -0.0336741)
(13.132 -0 -0.225849)
(21.6065 -0 -0.406764)
(24.062 -0 -0.448741)
(20.3094 -0 -0.434038)
(8.18733 -0 -0.248789)
(-3.06008 -0 0.111008)
(-1.96051 -0 0.0706538)
(0.372845 -0 -0.0154093)
(1.22068 -0 -0.0457685)
(2.62334 -0 -0.0906725)
(3.99638 -0 -0.125744)
(3.33388 -0 -0.0906901)
(4.48302 -0 -0.104825)
(8.1372 -0 -0.194678)
(9.3979 -0 -0.332782)
(7.89491 -0 -0.397186)
(5.67881 -0 -0.269392)
(4.67013 -0 -0.138955)
(3.59591 -0 -0.0715725)
(1.93367 -0 -0.0455284)
(1.83816 -0 -0.0589288)
(1.03703 -0 -0.0421792)
(-1.50792 -0 0.0550397)
(-0.733789 -0 0.0224686)
(-0.170108 -0 0.00441869)
(-1.50851 -0 0.0604968)
(-2.96015 -0 0.143365)
(-4.70748 -0 0.249606)
(-4.51039 -0 0.249077)
(-3.71429 -0 0.204298)
(-1.86989 -0 0.0981598)
(-0.00347507 -0 0.00574073)
(-1.59921 -0 0.0885131)
(-4.22436 -0 0.261735)
(-4.39917 -0 0.295506)
(-2.76062 -0 0.195252)
(-0.861781 -0 0.0695396)
(-1.14298 -0 0.0889507)
(-1.85013 -0 0.114522)
(-1.18681 -0 0.0507283)
(0.299037 -0 -0.00858519)
(0.232809 -0 -0.00681684)
(-0.488889 -0 0.0136934)
(0.643496 -0 -0.00960384)
(1.71538 -0 -0.0109133)
(1.85608 -0 -0.0261629)
(1.10869 -0 -0.0301811)
(1.19933 -0 -0.031914)
(1.54565 -0 -0.0384436)
(1.03254 -0 -0.0334695)
(0.63172 -0 -0.0276207)
(0.553218 -0 -0.0290828)
(0.632813 -0 -0.0366832)
(0.443281 -0 -0.0273479)
(0.259058 -0 -0.017647)
(0.12473 -0 -0.00877301)
(0.0712674 -0 -0.00478154)
(0.0356881 -0 -0.00240053)
(0.0150373 -0 -0.0010632)
(0.0020749 -0 -0.000119663)
(0.000811492 -0 -3.00053e-05)
(1.88407e-08 -0 7.7743e-07)
(0 -0 0)
(0 -0 0)
(0 -0 0)
(0 -0 0)
(0 -0 0)
(0 -0 0)
(0 -0 0)
(0 -0 0)
(0 -0 0)
(0 -0 -0)
(0 -0 -0)
(0 -0 -0)
(0 -0 -0)
(0 -0 -0)
(0 -0 -0)
(0 -0 -0)
(0 -0 -0)
(0 -0 -0)
(0 -0 -0)
(0 -0 -0)
(0 -0 -0)
(0 -0 -0)
(0 -0 -0)
(0 -0 -0)
(0 -0 -0)
(0 -0 -0)
(0 -0 -0)
(0 -0 -0)
(0 -0 -0)
(0 -0 -0)
(0 -0 -0)
(0 -0 -0)
(0 -0 -0)
(0 -0 -0)
(0 -0 -0)
(-25.7983 -0 -0.210193)
(-8.29107 -0 -0.192901)
(-3.5392 -0 -0.116133)
(-1.62184 -0 -0.0553585)
(0.00859176 -0 0.00584727)
(0.686638 -0 0.0341849)
(0.123231 -0 0.0080981)
(4.07163 -0 0.143722)
(7.05685 -0 0.210917)
(5.80015 -0 0.159811)
(6.21076 -0 0.124393)
(7.1109 -0 0.085499)
(6.36312 -0 0.0198586)
(3.63344 -0 -0.0307443)
(4.51744 -0 -0.0610643)
(6.29864 -0 -0.124098)
(3.11971 -0 -0.114478)
(0.685501 -0 -0.0361875)
(1.85038 -0 -0.0891628)
(-0.182651 -0 0.00872438)
(-1.12404 -0 0.0422505)
(0.143488 -0 -0.00626687)
(1.2169 -0 -0.0423861)
(2.20276 -0 -0.058297)
(2.71834 -0 -0.0441296)
(2.67107 -0 -0.0344073)
(2.19174 -0 -0.0309875)
(1.19446 -0 -0.0198149)
(0.212146 -0 -0.00453161)
(0.193729 -0 -0.00474179)
(0.307565 -0 -0.00690308)
(0.340575 -0 -0.00559938)
(0.369908 -0 -0.00425167)
(0.391151 -0 -0.00389504)
(0.357805 -0 -0.00421579)
(0.455862 -0 -0.00635939)
(0.693731 -0 -0.00837984)
(0.754612 -0 0.000855179)
(0.715489 -0 0.0130275)
(0.677804 -0 0.0111525)
(0.554039 -0 -0.000665052)
(0.431852 -0 -0.00545722)
(0.247218 -0 -0.00316028)
(0.102754 -0 -0.000907067)
(-0.0186001 -0 -0.000177613)
(-0.146077 -0 0.000759922)
(-0.104958 -0 0.00124662)
(-0.101543 -0 0.00098668)
(-0.197821 -0 0.000720323)
(-0.259334 -0 0.000931857)
(-0.356713 -0 0.00202348)
(-0.375046 -0 0.00119075)
(-0.370496 -0 -0.000860716)
(-0.26454 -0 -0.00134847)
(-0.148565 -0 -0.000654825)
(-0.175704 -0 -0.000768563)
(-0.27524 -0 -0.00216855)
(-0.298167 -0 -0.00463623)
(-0.236551 -0 -0.00563484)
(-0.130462 -0 -0.00362472)
(-0.0957794 -0 -0.00202641)
(-0.076407 -0 -0.000871673)
(-0.0205812 -0 -0.000187515)
(0.0348308 -0 -0.000403758)
(0.0376083 -0 -0.00193318)
(0.0465551 -0 -0.00320997)
(0.0913513 -0 -0.0055234)
(0.123301 -0 -0.00660827)
(0.149552 -0 -0.00881394)
(0.137115 -0 -0.0100555)
(0.11319 -0 -0.0100714)
(0.0920999 -0 -0.00849669)
(0.0656037 -0 -0.00613043)
(0.0456847 -0 -0.00501159)
(0.031234 -0 -0.00411356)
(0.022457 -0 -0.00310975)
(0.0137736 -0 -0.00180944)
(0.00601344 -0 -0.000721426)
(0.00252673 -0 -0.000312602)
(0.00105946 -0 -0.000154151)
(0.000381887 -0 -6.61573e-05)
(0.000115769 -0 -2.36482e-05)
(1.95645e-06 -0 -3.81744e-07)
(1.02443e-06 -0 -1.01444e-07)
(0 -0 0)
(0 -0 0)
(0 -0 0)
(0 -0 0)
(0 -0 0)
(0 -0 0)
(0 -0 0)
(0 -0 0)
(0 -0 0)
(0 -0 0)
(0 -0 0)
(0 -0 -0)
(0 -0 -0)
(0 -0 -0)
(0 -0 -0)
(0 -0 -0)
(0 -0 -0)
(0 -0 -0)
(0 -0 -0)
(0 -0 -0)
(0 -0 -0)
(0 -0 -0)
(0 -0 -0)
(0 -0 -0)
(0 -0 -0)
(0 -0 -0)
(0 -0 -0)
(0 -0 -0)
(0 -0 -0)
(0 -0 -0)
(0 -0 -0)
(0 -0 -0)
(0 -0 -0)
(0 -0 -0)
(0 -0 -0)
(0 -0 -0)
(-0.197542 -0 -0.000379166)
(-0.0679568 -0 -0.000479966)
(-0.0346755 -0 -0.000426837)
(-0.0136879 -0 -0.000191241)
(0.0101369 -0 0.000142202)
(0.0246209 -0 0.000348336)
(0.0347934 -0 0.000585188)
(0.0927625 -0 0.00183899)
(0.15852 -0 0.00319838)
(0.169039 -0 0.00315667)
(0.190362 -0 0.00437355)
(0.207631 -0 0.00539451)
(0.204647 -0 0.00467433)
(0.195194 -0 0.00476149)
(0.20995 -0 0.00509121)
(0.201604 -0 0.003365)
(0.136921 -0 0.00231182)
(0.0743988 -0 0.001913)
(0.0637608 -0 0.00186234)
(0.0326879 -0 0.00110686)
(0.0297728 -0 0.000935534)
(0.069608 -0 0.0012383)
(0.0979709 -0 0.000909191)
(0.102021 -0 9.42639e-05)
(0.0879131 -0 -0.000642806)
(0.078757 -0 -0.00126409)
(0.0633348 -0 -0.00164899)
(0.0541329 -0 -0.00146077)
(0.0425454 -0 -0.000973558)
(0.040075 -0 -0.000898787)
(0.0356499 -0 -0.00092354)
(0.0329329 -0 -0.000970362)
(0.0270805 -0 -0.000948842)
(0.0249637 -0 -0.000962953)
(0.0225247 -0 -0.000804182)
(0.022757 -0 -0.000732311)
(0.023647 -0 -0.000632709)
(0.0236407 -0 -0.000678678)
(0.0237 -0 -0.000918135)
(0.0246405 -0 -0.000833519)
(0.0180784 -0 -0.000338835)
(0.0113643 -0 -0.000127065)
(0.00415036 -0 -5.37868e-05)
(-0.0018097 -0 2.19889e-05)
(-0.006847 -0 0.000105884)
(-0.0111678 -0 6.67976e-05)
(-0.0134275 -0 -0.000124323)
(-0.0144782 -0 -0.000194451)
(-0.0161326 -0 -0.000121185)
(-0.0156108 -0 3.38025e-05)
(-0.0170176 -0 0.000288322)
(-0.0158373 -0 0.000518517)
(-0.0157085 -0 0.00054076)
(-0.0128862 -0 0.000312798)
(-0.00902448 -0 0.000137111)
(-0.00703263 -0 0.000131182)
(-0.00794367 -0 0.000234055)
(-0.00804967 -0 0.000231684)
(-0.00697332 -0 0.000146457)
(-0.00406005 -0 0.000107554)
(-0.00207363 -0 8.21343e-05)
(0.000340396 -0 -1.51724e-05)
(0.00392659 -0 -0.000134305)
(0.0078543 -0 -0.000218855)
(0.0109721 -0 -0.00038978)
(0.0125379 -0 -0.000669789)
(0.0140595 -0 -0.000873713)
(0.0135211 -0 -0.000681212)
(0.0136018 -0 -0.000570012)
(0.0126078 -0 -0.000633234)
(0.00979172 -0 -0.000610575)
(0.00699752 -0 -0.000514959)
(0.00481969 -0 -0.000436968)
(0.0032425 -0 -0.000343598)
(0.00182348 -0 -0.000201394)
(0.000886614 -0 -0.000104867)
(0.000397581 -0 -6.19572e-05)
(0.000103143 -0 -1.983e-05)
(3.77955e-06 -0 -5.6691e-07)
(2.60548e-06 -0 -9.01098e-08)
(2.36646e-06 -0 2.38124e-08)
(1.22571e-06 -0 1.60048e-08)
(0 -0 0)
(0 -0 0)
(0 -0 0)
(0 -0 0)
(0 -0 0)
(0 -0 0)
(0 -0 0)
(0 -0 0)
(0 -0 0)
(0 -0 0)
(0 -0 0)
(0 -0 0)
(0 -0 0)
(0 -0 0)
(0 -0 -0)
(0 -0 -0)
(0 -0 -0)
(0 -0 -0)
(0 -0 -0)
(0 -0 -0)
(0 -0 -0)
(0 -0 -0)
(0 -0 -0)
(0 -0 -0)
(0 -0 -0)
(0 -0 -0)
(0 -0 -0)
(0 -0 -0)
(0 -0 -0)
(0 -0 -0)
(0 -0 -0)
(0 -0 -0)
(0 -0 -0)
(0 -0 -0)
(0 -0 -0)
(0 -0 -0)
(0 -0 -0)
(0 -0 0)
(-0.00320017 -0 -2.2628e-05)
(-0.00121687 -0 -2.82231e-05)
(-0.000620665 -0 -2.15042e-05)
(-0.000151585 -0 -6.68995e-06)
(0.000285298 -0 1.20183e-05)
(0.000667157 -0 4.19509e-05)
(0.00124036 -0 9.4969e-05)
(0.0019685 -0 0.000125988)
(0.00271535 -0 0.000164202)
(0.00358531 -0 0.000283608)
(0.00417682 -0 0.000353863)
(0.00513468 -0 0.000340465)
(0.00495116 -0 0.000320683)
(0.00549613 -0 0.00036397)
(0.00613279 -0 0.00013052)
(0.00537135 -0 -1.21754e-05)
(0.00396001 -0 0.000176301)
(0.00439607 -0 0.000362781)
(0.00503591 -0 0.000316799)
(0.00455418 -0 0.000187091)
(0.00564223 -0 0.000195281)
(0.00692126 -0 0.000241459)
(0.00847491 -0 0.00028973)
(0.00807927 -0 0.000161732)
(0.00729263 -0 -4.50653e-05)
(0.00621596 -0 -9.82526e-05)
(0.00597595 -0 4.28841e-05)
(0.00659702 -0 0.000185116)
(0.00703687 -0 0.000222521)
(0.007235 -0 0.000287687)
(0.00757948 -0 0.00038133)
(0.0075621 -0 0.000287102)
(0.00715367 -0 8.3214e-05)
(0.00626402 -0 2.10055e-05)
(0.00561678 -0 3.21486e-05)
(0.0047599 -0 2.33865e-05)
(0.00398447 -0 5.22171e-05)
(0.00300828 -0 9.86326e-05)
(0.00164034 -0 7.50415e-05)
(0.000841437 -0 1.76895e-05)
(0.000480713 -0 -8.29495e-06)
(-4.88352e-05 -0 9.00132e-06)
(-0.00134188 -0 5.4219e-05)
(-0.00230558 -0 7.14496e-05)
(-0.00285659 -0 6.14199e-05)
(-0.00338471 -0 5.2459e-05)
(-0.00348488 -0 6.77422e-05)
(-0.00356093 -0 9.45412e-05)
(-0.00316053 -0 0.00012299)
(-0.00301083 -0 0.000153929)
(-0.0029822 -0 0.000183049)
(-0.00255641 -0 0.000198801)
(-0.00197032 -0 0.000170528)
(-0.00115566 -0 0.000108397)
(-0.000326298 -0 5.33004e-05)
(0.000240837 -0 -8.78435e-06)
(0.000460767 -0 -3.60936e-05)
(0.000511932 -0 -3.18286e-05)
(0.000654904 -0 -2.78393e-05)
(0.000729363 -0 -3.77902e-05)
(0.00065582 -0 -2.71362e-05)
(0.000840397 -0 -2.45072e-05)
(0.00112222 -0 -5.33484e-05)
(0.00144923 -0 -0.000110573)
(0.00157917 -0 -0.000150198)
(0.00157878 -0 -0.000172849)
(0.00152228 -0 -0.000204371)
(0.00115411 -0 -0.000187016)
(0.000632089 -0 -0.000108235)
(0.000321492 -0 -5.50662e-05)
(0.000138392 -0 -2.1231e-05)
(1.30992e-05 -0 -1.29783e-06)
(1.51775e-05 -0 -3.93055e-07)
(1.53753e-05 -0 6.52767e-08)
(1.11855e-05 -0 4.71235e-08)
(6.81196e-06 -0 3.24496e-08)
(3.84216e-06 -0 3.22484e-08)
(1.48184e-06 -0 4.59426e-08)
(0 -0 0)
(0 -0 0)
(0 -0 0)
(0 -0 0)
(0 -0 0)
(0 -0 0)
(0 -0 0)
(0 -0 0)
(0 -0 0)
(0 -0 0)
(0 -0 0)
(0 -0 0)
(0 -0 0)
(0 -0 0)
(0 -0 0)
(0 -0 0)
(0 -0 -0)
(0 -0 -0)
(0 -0 -0)
(0 -0 -0)
(0 -0 -0)
(0 -0 -0)
(0 -0 -0)
(0 -0 -0)
(0 -0 -0)
(0 -0 -0)
(0 -0 -0)
(0 -0 -0)
(0 -0 -0)
(0 -0 -0)
(0 -0 0)
(0 -0 0)
(0 -0 0)
(0 -0 0)
(0 -0 0)
(0 -0 0)
(0 -0 0)
(0 -0 0)
(0 -0 0)
(0 -0 0)
(0 -0 0)
(0 -0 0)
(-5.27317e-05 -0 6.22764e-10)
(-2.79246e-05 -0 9.07836e-09)
(-1.45548e-05 -0 6.91488e-09)
(-4.9715e-06 -0 1.36136e-08)
(1.07834e-06 -0 1.81195e-08)
(5.61494e-06 -0 3.26422e-08)
(9.75516e-06 -0 8.71891e-08)
(1.53099e-05 -0 3.20441e-08)
(1.7995e-05 -0 2.20529e-08)
(2.07739e-05 -0 5.01737e-08)
(2.27379e-05 -0 6.3777e-08)
(2.46639e-05 -0 1.56668e-08)
(2.32895e-05 -0 9.65402e-07)
(2.39553e-05 -0 1.95973e-06)
(0.000244092 -0 9.76811e-06)
(1.97841e-05 -0 1.35463e-06)
(0.000185247 -0 2.82989e-05)
(0.000292087 -0 3.7716e-05)
(0.000429072 -0 2.70578e-05)
(0.00040091 -0 1.34209e-05)
(0.000444354 -0 1.39257e-05)
(0.000431 -0 2.02423e-05)
(0.0005823 -0 3.01868e-05)
(0.000584657 -0 2.06925e-05)
(0.000623627 -0 8.76195e-06)
(0.00055819 -0 -2.00575e-07)
(0.000577842 -0 -1.34365e-07)
(0.000633063 -0 1.10427e-05)
(0.00074987 -0 3.24749e-05)
(0.000850534 -0 5.11456e-05)
(0.00103489 -0 5.97568e-05)
(0.00113034 -0 6.53307e-05)
(0.00131152 -0 9.4204e-05)
(0.00136142 -0 0.000103384)
(0.00132685 -0 9.17425e-05)
(0.000963409 -0 5.93859e-05)
(0.000652926 -0 2.71853e-05)
(0.000194055 -0 1.86193e-06)
(-0.00022201 -0 1.36549e-06)
(-0.000557866 -0 8.86906e-06)
(-0.000804328 -0 1.16444e-05)
(-0.0008201 -0 1.08836e-05)
(-0.00107725 -0 1.2972e-05)
(-0.0012587 -0 1.56873e-05)
(-0.00151301 -0 3.94283e-05)
(-0.00137059 -0 5.86295e-05)
(-0.00122075 -0 6.356e-05)
(-0.0010195 -0 4.80861e-05)
(-0.000853014 -0 3.2914e-05)
(-0.000630823 -0 2.4472e-05)
(-0.000555632 -0 2.37095e-05)
(-0.000472902 -0 1.5981e-05)
(-0.000353124 -0 5.9413e-06)
(-0.000119112 -0 2.57971e-06)
(0.000109324 -0 -5.23416e-06)
(0.000225649 -0 -2.23003e-05)
(0.000255151 -0 -2.70888e-05)
(0.000233483 -0 -2.06875e-05)
(0.000230739 -0 -2.21041e-05)
(0.000160479 -0 -2.626e-05)
(8.09332e-05 -0 -1.53899e-05)
(5.09849e-06 -0 -6.89117e-07)
(4.63813e-05 -0 -2.47322e-06)
(1.0468e-05 -0 -4.31652e-07)
(1.29823e-05 -0 -3.66043e-07)
(1.36933e-05 -0 5.42808e-08)
(1.45932e-05 -0 6.71333e-08)
(1.50685e-05 -0 8.51209e-08)
(1.02321e-05 -0 8.05478e-08)
(5.87114e-06 -0 4.46536e-08)
(2.6706e-06 -0 4.81576e-08)
(0 -0 0)
(0 -0 0)
(0 -0 0)
(0 -0 0)
(0 -0 0)
(0 -0 0)
(0 -0 0)
(0 -0 0)
(0 -0 0)
(0 -0 0)
(0 -0 0)
(0 -0 0)
(0 -0 0)
(-0 -0 0)
(-0 -0 0)
(0 -0 0)
(0 -0 0)
(0 -0 0)
(0 -0 0)
(0 -0 0)
(0 -0 0)
(0 -0 0)
(0 -0 -0)
(0 -0 -0)
(0 -0 -0)
(0 -0 -0)
(0 -0 -0)
(0 -0 -0)
(0 -0 -0)
(0 -0 -0)
(0 -0 -0)
(0 -0 -0)
(0 -0 -0)
(0 -0 -0)
(0 -0 -0)
(0 -0 0)
(0 -0 0)
(0 -0 0)
(0 -0 0)
(0 -0 0)
(0 -0 0)
(0 -0 0)
(0 -0 0)
(0 -0 0)
(0 -0 0)
(0 -0 0)
(0 -0 0)
(0 -0 0)
(0 -0 0)
(-0 -0 0)
(-0 -0 0)
(-0 -0 0)
(-0 -0 0)
(-0 -0 0)
(0 -0 0)
(0 -0 0)
(0 -0 0)
(0 -0 0)
(0 -0 0)
(0 -0 0)
(0 -0 0)
(0 -0 0)
(0 -0 0)
(2.67132e-06 -0 1.66133e-11)
(0 -0 0)
(2.8022e-06 -0 7.30593e-09)
(3.68071e-06 -0 2.6396e-09)
(4.64437e-06 -0 9.40366e-10)
(4.50344e-06 -0 2.58565e-10)
(4.57196e-06 -0 3.07374e-10)
(4.1568e-06 -0 1.79902e-09)
(4.63402e-06 -0 3.1637e-09)
(4.80363e-06 -0 1.10579e-09)
(5.00621e-06 -0 2.16843e-10)
(4.97863e-06 -0 6.02173e-11)
(5.06236e-06 -0 5.83167e-11)
(5.1399e-06 -0 2.43145e-10)
(5.50913e-06 -0 1.5744e-09)
(5.95767e-06 -0 2.92842e-09)
(6.78771e-06 -0 7.48927e-10)
(7.15963e-06 -0 -5.95447e-10)
(8.28841e-06 -0 -4.78655e-09)
(9.01693e-06 -0 -1.03008e-08)
(8.12e-06 -0 -7.88153e-09)
(5.20865e-06 -0 -1.68767e-08)
(1.37713e-06 -0 -7.22532e-09)
(-5.48215e-07 -0 -6.47736e-10)
(-2.5857e-06 -0 -1.20674e-09)
(-6.87924e-06 -0 -2.89868e-09)
(-9.16572e-06 -0 -1.08315e-09)
(-7.76686e-06 -0 -3.29098e-09)
(-7.47595e-06 -0 -1.63931e-09)
(-8.24679e-06 -0 -5.7443e-10)
(-1.20553e-05 -0 -6.10415e-09)
(-1.23918e-05 -0 -1.70556e-08)
(-1.1388e-05 -0 -2.03647e-08)
(-9.76399e-06 -0 -2.14327e-08)
(-7.41907e-06 -0 -6.70823e-09)
(-4.40886e-06 -0 -9.33314e-09)
(-3.72607e-06 -0 -1.58503e-08)
(-3.16399e-06 -0 -7.72189e-09)
(-1.58064e-06 -0 -1.54651e-09)
(4.51586e-07 -0 -8.07571e-10)
(2.25173e-06 -0 -6.68522e-09)
(3.17553e-06 -0 -1.81373e-08)
(3.9507e-06 -0 -7.74632e-09)
(4.14834e-06 -0 1.11715e-10)
(4.65634e-06 -0 3.35473e-09)
(4.2244e-06 -0 1.76024e-08)
(3.46843e-06 -0 7.41895e-08)
(0 -0 0)
(1.26741e-06 -0 1.11286e-10)
(0 -0 0)
(0 -0 0)
(0 -0 0)
(0 -0 0)
(0 -0 0)
(0 -0 0)
(0 -0 0)
(0 -0 0)
(0 -0 0)
(0 -0 0)
(0 -0 0)
(0 -0 0)
(0 -0 0)
(0 -0 0)
(0 -0 0)
(0 -0 0)
(0 -0 0)
(0 -0 0)
(0 -0 0)
(-0 -0 0)
(-0 -0 0)
(-0 -0 0)
(-0 -0 0)
(-0 -0 0)
(0 -0 0)
(0 -0 0)
(0 -0 0)
(0 -0 0)
(0 -0 0)
(0 -0 -0)
(0 -0 -0)
(0 -0 -0)
(0 -0 -0)
(0 -0 -0)
(0 -0 -0)
(0 -0 -0)
(0 -0 -0)
(0 -0 -0)
(0 -0 -0)
(0 -0 -0)
(0 -0 -0)
(0 -0 -0)
(0 -0 0)
(0 -0 0)
(0 -0 0)
(0 -0 0)
(0 -0 0)
(0 -0 0)
(0 -0 0)
(0 -0 0)
(0 -0 0)
(0 -0 0)
(0 -0 0)
(0 -0 0)
(0 -0 0)
(0 -0 0)
(0 -0 0)
(-0 -0 0)
(-0 -0 0)
(-0 -0 0)
(-0 -0 0)
(-0 -0 0)
(-0 -0 0)
(0 -0 0)
(0 -0 0)
(0 -0 0)
(0 -0 0)
(0 -0 0)
(0 -0 0)
(0 -0 0)
(0 -0 0)
(0 -0 0)
(0 -0 0)
(0 -0 0)
(0 -0 0)
(0 -0 0)
(0 -0 0)
(0 -0 0)
(0 -0 0)
(0 -0 0)
(0 -0 0)
(0 -0 0)
(0 -0 0)
(0 -0 0)
(0 -0 0)
(0 -0 0)
(0 -0 0)
(0 -0 0)
(0 -0 -0)
(0 -0 -0)
(0 -0 -0)
(0 -0 -0)
(-0 -0 -0)
(-0 -0 -0)
(-0 -0 -0)
(-0 -0 -0)
(-0 -0 -0)
(-0 -0 -0)
(-0 -0 -0)
(-0 -0 -0)
(-0 -0 -0)
(-0 -0 -0)
(-0 -0 -0)
(-0 -0 -0)
(-0 -0 -0)
(-0 -0 -0)
(-0 -0 -0)
(-0 -0 -0)
(0 -0 -0)
(0 -0 -0)
(0 -0 -0)
(0 -0 -0)
(0 -0 -0)
(0 -0 -0)
(0 -0 0)
(0 -0 0)
(0 -0 0)
(0 -0 0)
(0 -0 0)
(0 -0 0)
(0 -0 0)
(0 -0 0)
(0 -0 0)
(0 -0 0)
(0 -0 0)
(0 -0 0)
(0 -0 0)
(0 -0 0)
(0 -0 0)
(0 -0 0)
(0 -0 0)
(0 -0 0)
(0 -0 0)
(0 -0 0)
(0 -0 0)
(0 -0 0)
(-0 -0 0)
(-0 -0 0)
(-0 -0 0)
(-0 -0 0)
(-0 -0 0)
(-0 -0 0)
(-0 -0 0)
(-0 -0 0)
(0 -0 0)
(0 -0 0)
(0 -0 0)
(0 -0 0)
(0 -0 -0)
(0 -0 -0)
(0 -0 -0)
(0 -0 -0)
(0 -0 -0)
(0 -0 -0)
(0 -0 -0)
(0 -0 -0)
(0 -0 -0)
(0 -0 -0)
(0 -0 -0)
(0 -0 -0)
(0 -0 -0)
(0 -0 -0)
(0 -0 0)
(0 -0 0)
(0 -0 0)
(0 -0 0)
(0 -0 0)
(0 -0 0)
(0 -0 0)
(0 -0 0)
(0 -0 0)
(0 -0 0)
(0 -0 0)
(0 -0 0)
(0 -0 0)
(0 -0 0)
(0 -0 0)
(-0 -0 0)
(-0 -0 0)
(-0 -0 0)
(-0 -0 0)
(-0 -0 0)
(-0 -0 0)
(0 -0 0)
(0 -0 0)
(0 -0 0)
(0 -0 0)
(0 -0 0)
(0 -0 0)
(0 -0 0)
(0 -0 0)
(0 -0 0)
(0 -0 0)
(0 -0 -0)
(0 -0 -0)
(0 -0 -0)
(0 -0 0)
(0 -0 0)
(0 -0 0)
(0 -0 0)
(0 -0 0)
(0 -0 0)
(0 -0 0)
(0 -0 0)
(0 -0 0)
(0 -0 0)
(0 -0 0)
(0 -0 -0)
(0 -0 -0)
(0 -0 -0)
(0 -0 -0)
(-0 -0 -0)
(-0 -0 -0)
(-0 -0 -0)
(-0 -0 -0)
(-0 -0 -0)
(-0 -0 -0)
(-0 -0 -0)
(-0 -0 -0)
(-0 -0 -0)
(-0 -0 -0)
(-0 -0 -0)
(-0 -0 -0)
(-0 -0 -0)
(-0 -0 -0)
(-0 -0 -0)
(-0 -0 -0)
(0 -0 -0)
(0 -0 -0)
(0 -0 -0)
(0 -0 -0)
(0 -0 -0)
(0 -0 -0)
(0 -0 -0)
(0 -0 0)
(0 -0 0)
(0 -0 0)
(0 -0 0)
(0 -0 0)
(0 -0 0)
(0 -0 0)
(0 -0 0)
(0 -0 0)
(0 -0 0)
(0 -0 0)
(0 -0 0)
(0 -0 0)
(0 -0 0)
(0 -0 0)
(0 -0 0)
(0 -0 0)
(0 -0 0)
(0 -0 0)
(0 -0 0)
(0 -0 0)
(0 -0 0)
(-0 -0 0)
(-0 -0 0)
(-0 -0 0)
(-0 -0 0)
(-0 -0 0)
(-0 -0 0)
(-0 -0 0)
(-0 -0 0)
(0 -0 0)
(0 -0 0)
(0 -0 0)
(0 -0 0)
(0 -0 -0)
(0 -0 -0)
(0 -0 -0)
(0 -0 -0)
(0 -0 -0)
(0 -0 -0)
(0 -0 -0)
(0 -0 -0)
(0 -0 -0)
(0 -0 -0)
(0 -0 -0)
(0 -0 -0)
(0 -0 -0)
(0 -0 0)
(0 -0 0)
(0 -0 0)
(0 -0 0)
(0 -0 0)
(0 -0 0)
(0 -0 0)
(0 -0 0)
(0 -0 0)
(0 -0 0)
(0 -0 0)
(0 -0 0)
(0 -0 0)
(0 -0 0)
(0 -0 0)
(0 -0 0)
)
;

boundaryField
{
    hot
    {
        type            calculated;
        value           nonuniform List<vector> 
32
(
(0 -0 0)
(0 -0 0)
(0 -0 0)
(0 -0 -0)
(0 -0 -0)
(0 -0 -0)
(0 -0 -0)
(0 -0 -0)
(0 -0 -0)
(0 -0 -0)
(0 -0 -0)
(0 -0 -0)
(0 -0 -0)
(0 -0 -0)
(0 -0 -0)
(0 -0 -0)
(0 -0 -0)
(0 -0 0)
(0 -0 0)
(0 -0 0)
(0 -0 0)
(0 -0 0)
(0 -0 0)
(0 -0 0)
(0 -0 -0)
(0 -0 -0)
(0 -0 -0)
(-0 -0 -0)
(-0 -0 -0)
(-0 -0 -0)
(-0 -0 -0)
(-10.7047 -0 -0.000125843)
)
;
    }
    hotTop
    {
        type            calculated;
        value           nonuniform List<vector> 8((-161.501 -0 1.2518) (-40.2484 -0 -0.328002) (-0.303833 -0 -0.000583297) (-0.00467579 -0 -3.30528e-05) (-6.76942e-05 -0 6.22764e-10) (-0 -0 0) (-0 -0 0) (-0 -0 0));
    }
    cold
    {
        type            calculated;
        value           uniform (0 -0 0);
    }
    coldTop
    {
        type            calculated;
        value           uniform (0 -0 -0);
    }
    top
    {
        type            calculated;
        value           uniform (-0 -0 -0);
    }
    btm
    {
        type            calculated;
        value           nonuniform List<vector> 
120
(
(0 -0 -0)
(0 -0 -0)
(0 -0 -0)
(0 -0 -0)
(0 -0 -0)
(0 -0 -0)
(0 -0 -0)
(0 -0 -0)
(0 -0 -0)
(0 -0 -0)
(0 -0 -0)
(0 -0 -0)
(0 -0 -0)
(0 -0 -0)
(0 -0 -0)
(0 -0 -0)
(0 -0 -0)
(0 -0 -0)
(0 -0 -0)
(0 -0 -0)
(0 -0 -0)
(0 -0 -0)
(0 -0 -0)
(0 -0 -0)
(0 -0 -0)
(0 -0 -0)
(0 -0 -0)
(0 -0 -0)
(0 -0 -0)
(0 -0 -0)
(0 -0 -0)
(0 -0 -0)
(0 -0 -0)
(0 -0 -0)
(0 -0 -0)
(0 -0 -0)
(0 -0 -0)
(0 -0 -0)
(0 -0 -0)
(0 -0 -0)
(0 -0 -0)
(0 -0 -0)
(0 -0 -0)
(0 -0 -0)
(0 -0 -0)
(0 -0 -0)
(0 -0 -0)
(0 -0 -0)
(0 -0 -0)
(0 -0 -0)
(0 -0 -0)
(0 -0 -0)
(0 -0 -0)
(0 -0 -0)
(0 -0 -0)
(0 -0 -0)
(0 -0 -0)
(0 -0 -0)
(0 -0 -0)
(0 -0 -0)
(0 -0 -0)
(0 -0 -0)
(0 -0 -0)
(0 -0 -0)
(0 -0 -0)
(0 -0 -0)
(0 -0 -0)
(0 -0 -0)
(0 -0 -0)
(0 -0 -0)
(0 -0 -0)
(0 -0 -0)
(0 -0 -0)
(0 -0 -0)
(0 -0 -0)
(0 -0 -0)
(0 -0 -0)
(0 -0 -0)
(0 -0 -0)
(0 -0 -0)
(4.30778 -0 -0)
(4.15079 -0 -0)
(0 -0 -0)
(0 -0 -0)
(0 -0 -0)
(0 -0 -0)
(0 -0 -0)
(0 -0 -0)
(0 -0 -0)
(0 -0 -0)
(0 -0 -0)
(0 -0 -0)
(0 -0 -0)
(0 -0 -0)
(0 -0 -0)
(0 -0 -0)
(0 -0 -0)
(0 -0 -0)
(0 -0 -0)
(0 -0 -0)
(0 -0 -0)
(0 -0 -0)
(0 -0 -0)
(0 -0 -0)
(0 -0 -0)
(0 -0 -0)
(0 -0 -0)
(0 -0 -0)
(0 -0 -0)
(0 -0 -0)
(0 -0 -0)
(0 -0 -0)
(0 -0 -0)
(0 -0 -0)
(0 -0 -0)
(0 -0 -0)
(0 -0 -0)
(0 -0 -0)
(0 -0 -0)
(0 -0 -0)
)
;
    }
    frontAndBack
    {
        type            empty;
    }
}


// ************************************************************************* //
