/*--------------------------------*- C++ -*----------------------------------*\
  =========                 |
  \\      /  F ield         | OpenFOAM: The Open Source CFD Toolbox
   \\    /   O peration     | Website:  https://openfoam.org
    \\  /    A nd           | Version:  6
     \\/     M anipulation  |
\*---------------------------------------------------------------------------*/
FoamFile
{
    version     2.0;
    format      ascii;
    class       volScalarField;
    location    "90";
    object      Su;
}
// * * * * * * * * * * * * * * * * * * * * * * * * * * * * * * * * * * * * * //

dimensions      [0 0 -1 0 0 0 0];

internalField   nonuniform List<scalar> 
5964
(
0.334919
0.24966
0.188111
0.147662
0.120031
0.098316
0.0771987
0.0435252
0.0585237
0.0618166
0.0628252
0.0623648
0.0609553
0.0589207
0.0564686
0.0537388
0.0508306
0.0478165
0.0447503
0.0416711
0.0386064
0.0355747
0.0325868
0.0296487
0.0267624
0.0239276
0.0211429
0.0184062
0.0157155
0.0130692
0.0104659
0.00790496
0.00538594
0.00290889
0.00047412
-0.00191786
-0.00426638
-0.00657074
-0.0088302
-0.011044
-0.0132115
-0.0153319
-0.0174047
-0.0194293
-0.0214051
-0.0233317
-0.0252088
-0.0270358
-0.0288125
-0.0305388
-0.0322142
-0.0338388
-0.0354123
-0.0369347
-0.038406
-0.039826
-0.041195
-0.0425128
-0.0437796
-0.0449954
-0.0461605
-0.0472749
-0.0483389
-0.0493525
-0.0503161
-0.0512297
-0.0520936
-0.052908
-0.0536731
-0.0543892
-0.0550563
-0.0556749
-0.056245
-0.0567668
-0.0572405
-0.0576664
-0.0580444
-0.0583749
-0.0586579
-0.0588935
-0.0590818
-0.059223
-0.059317
-0.059364
0.336164
0.253122
0.193225
0.153699
0.126535
0.105081
0.083386
0.0464967
0.0615845
0.0638338
0.0640833
0.0631412
0.0614394
0.0592285
0.0566691
0.0538731
0.0509233
0.0478829
0.0447998
0.0417096
0.0386376
0.0356009
0.0326095
0.0296686
0.0267801
0.0239435
0.0211571
0.0184189
0.0157269
0.0130793
0.0104749
0.00791285
0.00539287
0.00291496
0.000479427
-0.00191323
-0.00426236
-0.00656725
-0.00882718
-0.0110414
-0.0132092
-0.01533
-0.0174031
-0.0194279
-0.021404
-0.0233308
-0.025208
-0.0270351
-0.028812
-0.0305384
-0.0322139
-0.0338386
-0.0354122
-0.0369347
-0.038406
-0.0398261
-0.0411951
-0.0425129
-0.0437798
-0.0449957
-0.0461608
-0.0472752
-0.0483392
-0.0493529
-0.0503164
-0.05123
-0.0520939
-0.0529084
-0.0536735
-0.0543896
-0.0550568
-0.0556753
-0.0562454
-0.0567672
-0.0572409
-0.0576668
-0.0580449
-0.0583753
-0.0586583
-0.0588939
-0.0590823
-0.0592234
-0.0593174
-0.0593643
0.338487
0.258739
0.200383
0.161661
0.135629
0.114885
0.0935648
0.0528807
0.0678065
0.0676229
0.0663602
0.0645317
0.0623096
0.0597875
0.0570378
0.0541231
0.0510982
0.0480097
0.0448955
0.0417849
0.0386993
0.0356531
0.0326548
0.0297087
0.0268159
0.0239756
0.021186
0.0184448
0.01575
0.0130998
0.0104931
0.00792897
0.00540709
0.00292748
0.000490419
-0.00190359
-0.00425392
-0.00655987
-0.00882073
-0.0110358
-0.0132043
-0.0153257
-0.0173994
-0.0194247
-0.0214012
-0.0233284
-0.0252059
-0.0270334
-0.0288106
-0.0305371
-0.0322129
-0.0338378
-0.0354115
-0.0369342
-0.0384056
-0.0398258
-0.0411949
-0.0425128
-0.0437797
-0.0449957
-0.0461609
-0.0472754
-0.0483394
-0.0493531
-0.0503167
-0.0512303
-0.0520943
-0.0529087
-0.0536738
-0.0543899
-0.0550571
-0.0556757
-0.0562458
-0.0567676
-0.0572413
-0.0576672
-0.0580453
-0.0583757
-0.0586587
-0.0588943
-0.0590827
-0.0592238
-0.0593178
-0.0593647
0.340022
0.263402
0.207462
0.170032
0.144926
0.124387
0.104952
0.0851398
0.0768764
0.0723819
0.0691142
0.0662236
0.063391
0.0604995
0.0575188
0.0544567
0.0513365
0.0481858
0.0450307
0.0418928
0.0387887
0.0357295
0.0327217
0.0297681
0.0268691
0.0240234
0.0212289
0.0184833
0.0157844
0.0131305
0.0105204
0.00795311
0.00542841
0.00294627
0.000506953
-0.00188906
-0.00424116
-0.00654868
-0.00881092
-0.0110272
-0.0131968
-0.0153192
-0.0173937
-0.0194197
-0.0213968
-0.0233246
-0.0252027
-0.0270306
-0.0288081
-0.0305351
-0.0322112
-0.0338363
-0.0354103
-0.0369332
-0.0384048
-0.0398252
-0.0411944
-0.0425125
-0.0437795
-0.0449956
-0.0461608
-0.0472754
-0.0483395
-0.0493532
-0.0503168
-0.0512305
-0.0520945
-0.052909
-0.0536741
-0.0543902
-0.0550575
-0.055676
-0.0562461
-0.056768
-0.0572417
-0.0576676
-0.0580457
-0.0583761
-0.0586591
-0.0588947
-0.0590831
-0.0592242
-0.0593182
-0.0593651
0.342778
0.270487
0.216816
0.179982
0.154641
0.132737
0.112298
0.0939412
0.082707
0.0760894
0.0715251
0.0678305
0.0644827
0.0612535
0.0580484
0.0548364
0.0516157
0.0483975
0.0451969
0.0420281
0.0389025
0.0358279
0.0328084
0.0298455
0.0269387
0.024086
0.0212853
0.0185339
0.0158297
0.0131709
0.0105563
0.00798495
0.00545657
0.00297112
0.000528845
-0.0018698
-0.00422423
-0.0065338
-0.00879786
-0.0110157
-0.0131868
-0.0153104
-0.017386
-0.019413
-0.021391
-0.0233195
-0.0251982
-0.0270267
-0.0288048
-0.0305322
-0.0322087
-0.0338342
-0.0354086
-0.0369317
-0.0384036
-0.0398242
-0.0411936
-0.0425118
-0.043779
-0.0449952
-0.0461606
-0.0472752
-0.0483394
-0.0493532
-0.0503169
-0.0512307
-0.0520947
-0.0529092
-0.0536744
-0.0543905
-0.0550578
-0.0556764
-0.0562465
-0.0567684
-0.0572421
-0.057668
-0.0580461
-0.0583766
-0.0586595
-0.0588952
-0.0590835
-0.0592246
-0.0593186
-0.0593655
0.345714
0.278085
0.226813
0.190317
0.163955
0.139527
0.115653
0.0950469
0.0845502
0.0780208
0.0731671
0.0691087
0.0654404
0.0619612
0.0585717
0.0552276
0.0519139
0.048631
0.0453853
0.042185
0.0390369
0.0359455
0.032913
0.0299394
0.0270234
0.0241626
0.0213543
0.0185959
0.0158853
0.0132206
0.0106004
0.00802412
0.00549123
0.00300173
0.00055585
-0.00184601
-0.00420328
-0.00651538
-0.00878166
-0.0110015
-0.0131743
-0.0152994
-0.0173763
-0.0194045
-0.0213836
-0.0233131
-0.0251926
-0.0270219
-0.0288006
-0.0305286
-0.0322056
-0.0338315
-0.0354063
-0.0369298
-0.0384019
-0.0398228
-0.0411925
-0.0425109
-0.0437783
-0.0449947
-0.0461602
-0.047275
-0.0483392
-0.0493532
-0.0503169
-0.0512308
-0.0520948
-0.0529094
-0.0536747
-0.0543908
-0.0550581
-0.0556767
-0.0562469
-0.0567687
-0.0572425
-0.0576684
-0.0580465
-0.058377
-0.05866
-0.0588956
-0.0590839
-0.0592251
-0.059319
-0.0593659
0.348867
0.28626
0.237367
0.200742
0.172542
0.14507
0.116587
0.0455444
0.0829602
0.0785039
0.0741089
0.0700276
0.0662119
0.0625755
0.0590526
0.0556046
0.0522136
0.0488743
0.0455879
0.0423579
0.0391878
0.0360794
0.0330333
0.0300482
0.0271219
0.0242518
0.0214348
0.0186685
0.0159504
0.0132787
0.0106522
0.00807011
0.00553198
0.00303777
0.000587674
-0.00181794
-0.00417854
-0.00649359
-0.00876248
-0.0109846
-0.0131594
-0.0152864
-0.0173649
-0.0193945
-0.0213748
-0.0233054
-0.0251859
-0.027016
-0.0287955
-0.0305242
-0.0322018
-0.0338283
-0.0354035
-0.0369274
-0.0383999
-0.0398212
-0.0411911
-0.0425098
-0.0437774
-0.0449939
-0.0461596
-0.0472746
-0.048339
-0.049353
-0.0503169
-0.0512308
-0.0520949
-0.0529096
-0.0536749
-0.0543911
-0.0550584
-0.055677
-0.0562472
-0.0567691
-0.0572429
-0.0576688
-0.0580469
-0.0583774
-0.0586604
-0.058896
-0.0590844
-0.0592255
-0.0593195
-0.0593664
0.351877
0.293994
0.247136
0.210245
0.180085
0.150211
0.11915
0.0452019
0.0827758
0.0789455
0.0747706
0.0706996
0.0668124
0.0630835
0.0594732
0.0559517
0.0525023
0.0491181
0.0457977
0.0425418
0.0393515
0.0362269
0.033167
0.0301698
0.0272326
0.0243523
0.0215259
0.0187505
0.0160241
0.0133446
0.010711
0.0081224
0.00557836
0.00307883
0.000623976
-0.00178588
-0.00415025
-0.00646864
-0.00874049
-0.0109652
-0.0131424
-0.0152713
-0.0173517
-0.0193829
-0.0213646
-0.0232965
-0.0251781
-0.0270092
-0.0287896
-0.030519
-0.0321973
-0.0338244
-0.0354002
-0.0369246
-0.0383976
-0.0398192
-0.0411894
-0.0425084
-0.0437763
-0.044993
-0.0461589
-0.047274
-0.0483386
-0.0493528
-0.0503167
-0.0512307
-0.052095
-0.0529097
-0.053675
-0.0543913
-0.0550587
-0.0556774
-0.0562476
-0.0567695
-0.0572433
-0.0576692
-0.0580474
-0.0583779
-0.0586609
-0.0588965
-0.0590848
-0.059226
-0.05932
-0.0593668
0.354806
0.300985
0.255432
0.218006
0.185903
0.154142
0.122007
0.0460667
0.0841343
0.0796813
0.0753269
0.0711948
0.0672625
0.0634858
0.0598268
0.0562604
0.0527723
0.0493561
0.0460096
0.0427326
0.0395247
0.0363851
0.0333119
0.0303025
0.0273538
0.0244627
0.021626
0.018841
0.0161054
0.0134176
0.0107761
0.00818035
0.00562984
0.00312447
0.000664377
-0.00175015
-0.00411868
-0.00644076
-0.00871588
-0.0109435
-0.0131232
-0.0152545
-0.0173368
-0.0193698
-0.0213531
-0.0232864
-0.0251693
-0.0270015
-0.0287829
-0.0305132
-0.0321923
-0.0338201
-0.0353964
-0.0369214
-0.0383948
-0.0398169
-0.0411875
-0.0425068
-0.0437749
-0.044992
-0.0461581
-0.0472734
-0.0483381
-0.0493524
-0.0503165
-0.0512307
-0.052095
-0.0529098
-0.0536752
-0.0543915
-0.0550589
-0.0556777
-0.0562479
-0.0567699
-0.0572437
-0.0576697
-0.0580478
-0.0583783
-0.0586614
-0.058897
-0.0590853
-0.0592265
-0.0593205
-0.0593673
0.356548
0.305661
0.261615
0.223913
0.190123
0.15661
0.123875
0.0964641
0.0861781
0.0802949
0.0756589
0.071492
0.0675631
0.0637839
0.0601125
0.056528
0.0530199
0.0495842
0.04622
0.0429269
0.0397044
0.0365514
0.0334655
0.0304441
0.0274838
0.0245815
0.021734
0.0189387
0.0161935
0.0134965
0.0108467
0.00824332
0.00568584
0.0031742
0.000708466
-0.0017111
-0.00408413
-0.0064102
-0.00868887
-0.0109197
-0.0131022
-0.0152359
-0.0173204
-0.0193554
-0.0213405
-0.0232752
-0.0251595
-0.026993
-0.0287754
-0.0305067
-0.0321866
-0.0338152
-0.0353922
-0.0369178
-0.0383918
-0.0398143
-0.0411853
-0.042505
-0.0437734
-0.0449908
-0.0461571
-0.0472726
-0.0483375
-0.049352
-0.0503163
-0.0512305
-0.052095
-0.0529098
-0.0536753
-0.0543917
-0.0550592
-0.055678
-0.0562483
-0.0567703
-0.0572442
-0.0576701
-0.0580483
-0.0583788
-0.0586618
-0.0588975
-0.0590859
-0.059227
-0.059321
-0.0593679
0.358035
0.309399
0.266203
0.228041
0.192792
0.157605
0.122402
0.0450513
0.0842622
0.0797513
0.0755335
0.0715486
0.0677145
0.0639843
0.0603347
0.0567557
0.0532443
0.0498007
0.0464262
0.043122
0.0398881
0.0367233
0.0336258
0.0305926
0.0276207
0.0247069
0.0218483
0.0190424
0.016287
0.0135806
0.0109221
0.0083106
0.00574579
0.00322751
0.000755807
-0.00166911
-0.00404691
-0.00637724
-0.0086597
-0.0108939
-0.0130794
-0.0152157
-0.0173027
-0.0193397
-0.0213266
-0.0232631
-0.0251488
-0.0269836
-0.0287672
-0.0304996
-0.0321805
-0.0338098
-0.0353876
-0.0369138
-0.0383884
-0.0398114
-0.0411829
-0.042503
-0.0437718
-0.0449894
-0.046156
-0.0472718
-0.0483369
-0.0493515
-0.0503159
-0.0512303
-0.0520949
-0.0529099
-0.0536755
-0.0543919
-0.0550595
-0.0556783
-0.0562486
-0.0567707
-0.0572446
-0.0576706
-0.0580488
-0.0583793
-0.0586624
-0.058898
-0.0590864
-0.0592275
-0.0593215
-0.0593684
0.358958
0.311901
0.269478
0.231117
0.194926
0.158563
0.121762
0.0433006
0.0825093
0.078874
0.0751461
0.0714318
0.0677506
0.0641068
0.0605045
0.0569493
0.0534475
0.0500052
0.0466271
0.0433161
0.0400734
0.0368988
0.0337905
0.0307461
0.0277628
0.0248375
0.0219676
0.0191508
0.0163851
0.0136689
0.0110013
0.00838147
0.00580905
0.00328387
0.00080595
-0.00162455
-0.00400736
-0.00634215
-0.00862859
-0.0108663
-0.013055
-0.0151942
-0.0172836
-0.0193229
-0.0213118
-0.02325
-0.0251374
-0.0269735
-0.0287584
-0.0304919
-0.0321738
-0.033804
-0.0353826
-0.0369095
-0.0383847
-0.0398082
-0.0411802
-0.0425008
-0.0437699
-0.0449879
-0.0461548
-0.0472708
-0.0483361
-0.049351
-0.0503156
-0.0512301
-0.0520948
-0.0529099
-0.0536756
-0.0543921
-0.0550597
-0.0556786
-0.056249
-0.0567711
-0.057245
-0.0576711
-0.0580493
-0.0583799
-0.0586629
-0.0588986
-0.059087
-0.0592281
-0.0593221
-0.059369
0.359402
0.313364
0.271632
0.233352
0.196721
0.159547
0.121566
0.0426325
0.0811332
0.0780015
0.0746835
0.0712383
0.0677235
0.0641805
0.060638
0.057117
0.0536334
0.0501988
0.0468218
0.0435075
0.0402586
0.0370757
0.0339577
0.0309027
0.0279082
0.0249716
0.0220905
0.0192627
0.0164865
0.0137604
0.0110836
0.00845522
0.00587501
0.00334275
0.000858434
-0.00157783
-0.0039658
-0.00630522
-0.00859579
-0.0108372
-0.0130292
-0.0151713
-0.0172634
-0.019305
-0.021296
-0.0232361
-0.0251251
-0.0269628
-0.028749
-0.0304837
-0.0321666
-0.0337978
-0.0353772
-0.0369049
-0.0383807
-0.0398049
-0.0411774
-0.0424984
-0.0437679
-0.0449862
-0.0461535
-0.0472698
-0.0483353
-0.0493504
-0.0503152
-0.0512298
-0.0520947
-0.0529099
-0.0536757
-0.0543923
-0.05506
-0.055679
-0.0562494
-0.0567715
-0.0572455
-0.0576716
-0.0580498
-0.0583804
-0.0586635
-0.0588992
-0.0590876
-0.0592288
-0.0593228
-0.0593697
0.359993
0.314949
0.273751
0.235625
0.198706
0.160836
0.121567
0.0422019
0.0798203
0.0772274
0.0742708
0.0710547
0.0676858
0.0642359
0.0607525
0.0572682
0.0538062
0.0503831
0.0470103
0.0436953
0.040442
0.0372522
0.0341254
0.0310605
0.0280553
0.0251076
0.0222154
0.0193768
0.0165901
0.0138541
0.011168
0.00853112
0.00594304
0.00340362
0.000912798
-0.00152933
-0.00392258
-0.00626674
-0.00856156
-0.0108068
-0.0130021
-0.0151473
-0.0172421
-0.0192862
-0.0212794
-0.0232215
-0.0251122
-0.0269515
-0.0287391
-0.030475
-0.032159
-0.0337912
-0.0353715
-0.0368999
-0.0383765
-0.0398013
-0.0411743
-0.0424958
-0.0437658
-0.0449845
-0.046152
-0.0472686
-0.0483345
-0.0493497
-0.0503147
-0.0512295
-0.0520945
-0.0529099
-0.0536758
-0.0543925
-0.0550603
-0.0556793
-0.0562498
-0.056772
-0.057246
-0.0576721
-0.0580504
-0.058381
-0.0586641
-0.0588999
-0.0590883
-0.0592294
-0.0593234
-0.0593703
0.360661
0.316691
0.276005
0.237935
0.200763
0.162422
0.122036
0.0650538
0.0785676
0.0767275
0.0740302
0.0709545
0.0676805
0.0642983
0.0608628
0.0574112
0.0539703
0.0505595
0.0471926
0.0438784
0.0406222
0.0374266
0.034292
0.0312178
0.0282024
0.0252441
0.0223412
0.0194919
0.0166949
0.0139492
0.0112539
0.00860846
0.00601253
0.00346593
0.000968583
-0.00147945
-0.00387804
-0.006227
-0.00852614
-0.0107752
-0.0129741
-0.0151224
-0.01722
-0.0192666
-0.021262
-0.0232061
-0.0250987
-0.0269396
-0.0287286
-0.0304658
-0.0321511
-0.0337843
-0.0353655
-0.0368948
-0.0383721
-0.0397975
-0.0411711
-0.0424931
-0.0437635
-0.0449826
-0.0461505
-0.0472674
-0.0483335
-0.0493491
-0.0503142
-0.0512292
-0.0520944
-0.0529098
-0.0536759
-0.0543927
-0.0550606
-0.0556797
-0.0562503
-0.0567725
-0.0572466
-0.0576727
-0.058051
-0.0583817
-0.0586648
-0.0589006
-0.059089
-0.0592302
-0.0593242
-0.0593711
0.361369
0.318437
0.278156
0.240111
0.202724
0.16413
0.123796
0.0453108
0.079588
0.0769523
0.0740741
0.070979
0.0677303
0.0643824
0.0609782
0.0575515
0.0541286
0.0507295
0.0473687
0.0440561
0.0407979
0.0375974
0.0344558
0.0313731
0.0283482
0.0253798
0.0224664
0.0196069
0.0167999
0.0140447
0.0113404
0.00868655
0.00608288
0.00352917
0.00102534
-0.00142859
-0.0038325
-0.00618629
-0.00848978
-0.0107428
-0.0129452
-0.0150967
-0.0171971
-0.0192463
-0.021244
-0.0231902
-0.0250846
-0.0269272
-0.0287178
-0.0304563
-0.0321427
-0.0337771
-0.0353593
-0.0368893
-0.0383674
-0.0397935
-0.0411677
-0.0424903
-0.0437612
-0.0449807
-0.0461489
-0.0472662
-0.0483326
-0.0493483
-0.0503137
-0.0512289
-0.0520942
-0.0529098
-0.053676
-0.0543929
-0.0550609
-0.0556801
-0.0562507
-0.056773
-0.0572472
-0.0576733
-0.0580517
-0.0583824
-0.0586656
-0.0589013
-0.0590897
-0.0592309
-0.059325
-0.0593719
0.361916
0.319812
0.279902
0.241887
0.204249
0.165366
0.124949
0.045607
0.0804975
0.0773634
0.074265
0.0710918
0.0678276
0.064489
0.0611017
0.0576919
0.0542829
0.0508936
0.0475384
0.0442277
0.040968
0.0377634
0.0346156
0.031525
0.0284912
0.0255132
0.0225901
0.0197207
0.0169042
0.0141397
0.0114267
0.00876475
0.00615352
0.00359285
0.00108265
-0.0013771
-0.0037863
-0.00614488
-0.00845272
-0.0107097
-0.0129156
-0.0150703
-0.0171736
-0.0192254
-0.0212255
-0.0231738
-0.0250701
-0.0269144
-0.0287065
-0.0304464
-0.0321341
-0.0337695
-0.0353527
-0.0368837
-0.0383626
-0.0397894
-0.0411642
-0.0424873
-0.0437587
-0.0449786
-0.0461473
-0.0472649
-0.0483315
-0.0493476
-0.0503132
-0.0512286
-0.0520941
-0.0529098
-0.0536761
-0.0543932
-0.0550613
-0.0556805
-0.0562513
-0.0567736
-0.0572478
-0.057674
-0.0580524
-0.0583832
-0.0586663
-0.0589021
-0.0590906
-0.0592318
-0.0593258
-0.0593727
0.362227
0.320699
0.281179
0.243265
0.205448
0.166294
0.125654
0.0460266
0.0810535
0.0777135
0.074481
0.0712414
0.0679529
0.0646119
0.0612321
0.0578328
0.0544338
0.0510521
0.0477017
0.0443926
0.0411317
0.0379235
0.03477
0.0316723
0.0286303
0.0256434
0.0227111
0.0198325
0.0170068
0.0142336
0.0115122
0.00884245
0.00622392
0.00365649
0.00114008
-0.00132535
-0.00373975
-0.00610306
-0.0084152
-0.010676
-0.0128855
-0.0150434
-0.0171496
-0.0192041
-0.0212065
-0.023157
-0.0250552
-0.0269013
-0.028695
-0.0304363
-0.0321252
-0.0337618
-0.035346
-0.0368779
-0.0383576
-0.0397851
-0.0411606
-0.0424842
-0.0437562
-0.0449765
-0.0461456
-0.0472635
-0.0483305
-0.0493468
-0.0503126
-0.0512283
-0.0520939
-0.0529098
-0.0536763
-0.0543935
-0.0550616
-0.055681
-0.0562518
-0.0567743
-0.0572485
-0.0576748
-0.0580532
-0.058384
-0.0586672
-0.058903
-0.0590915
-0.0592327
-0.0593268
-0.0593737
0.362553
0.321549
0.28232
0.244487
0.206547
0.167153
0.126166
0.0465783
0.0812967
0.0779397
0.0746675
0.0713962
0.0680906
0.0647447
0.0613672
0.0579738
0.0545812
0.0512051
0.0478581
0.0445502
0.0412882
0.0380767
0.0349182
0.0318139
0.0287644
0.0257693
0.0228284
0.0199412
0.017107
0.0143255
0.0115963
0.00891906
0.00629356
0.00371966
0.00119725
-0.00127369
-0.00369314
-0.00606107
-0.00837743
-0.0106421
-0.0128551
-0.0150162
-0.0171253
-0.0191824
-0.0211872
-0.0231398
-0.02504
-0.0268878
-0.0286831
-0.0304259
-0.0321161
-0.0337539
-0.0353391
-0.0368719
-0.0383524
-0.0397807
-0.0411569
-0.0424811
-0.0437535
-0.0449744
-0.0461438
-0.0472621
-0.0483294
-0.049346
-0.0503121
-0.0512279
-0.0520938
-0.0529099
-0.0536765
-0.0543938
-0.0550621
-0.0556815
-0.0562524
-0.0567749
-0.0572493
-0.0576756
-0.0580541
-0.0583849
-0.0586682
-0.058904
-0.0590925
-0.0592337
-0.0593278
-0.0593747
0.36293
0.322509
0.283562
0.24578
0.207726
0.168115
0.126672
0.0475149
0.0813056
0.0780682
0.0748244
0.0715496
0.0682355
0.0648842
0.0615059
0.0581145
0.0547254
0.0513524
0.0480076
0.0447002
0.0414369
0.0382223
0.0350591
0.0319489
0.0288925
0.02589
0.0229413
0.0200461
0.0172041
0.0144149
0.0116783
0.00899407
0.00636198
0.00378192
0.00125381
-0.00122242
-0.00364675
-0.00601916
-0.00833963
-0.0106081
-0.0128245
-0.0149887
-0.0171007
-0.0191604
-0.0211677
-0.0231224
-0.0250246
-0.0268742
-0.0286711
-0.0304153
-0.0321068
-0.0337457
-0.035332
-0.0368658
-0.0383472
-0.0397762
-0.041153
-0.0424779
-0.0437508
-0.0449722
-0.046142
-0.0472607
-0.0483283
-0.0493452
-0.0503116
-0.0512276
-0.0520937
-0.0529099
-0.0536767
-0.0543941
-0.0550626
-0.0556821
-0.0562531
-0.0567757
-0.0572501
-0.0576765
-0.058055
-0.0583859
-0.0586692
-0.058905
-0.0590936
-0.0592348
-0.0593289
-0.0593758
0.363328
0.323537
0.284872
0.247131
0.209024
0.169256
0.127342
0.051919
0.0812384
0.0781901
0.0749879
0.0717135
0.0683904
0.0650311
0.061648
0.058255
0.0548661
0.0514941
0.0481499
0.0448421
0.0415771
0.0383594
0.035192
0.0320765
0.029014
0.0260048
0.023049
0.0201466
0.0172973
0.0145011
0.0117577
0.00906699
0.00642876
0.00384292
0.00130941
-0.00117185
-0.00360084
-0.00597756
-0.008302
-0.0105741
-0.0127939
-0.0149612
-0.017076
-0.0191383
-0.0211479
-0.0231048
-0.025009
-0.0268603
-0.0286588
-0.0304045
-0.0320974
-0.0337375
-0.0353249
-0.0368596
-0.0383418
-0.0397716
-0.0411491
-0.0424746
-0.0437481
-0.0449699
-0.0461402
-0.0472593
-0.0483272
-0.0493444
-0.050311
-0.0512273
-0.0520936
-0.0529101
-0.053677
-0.0543946
-0.0550631
-0.0556828
-0.0562539
-0.0567766
-0.057251
-0.0576775
-0.0580561
-0.058387
-0.0586703
-0.0589062
-0.0590948
-0.059236
-0.0593301
-0.059377
0.363655
0.32442
0.286048
0.248356
0.210167
0.170247
0.128018
0.0503907
0.0816162
0.0784419
0.0752001
0.0719019
0.0685602
0.0651868
0.0617941
0.0583954
0.0550034
0.0516297
0.0482844
0.0449752
0.0417082
0.0384876
0.0353162
0.032196
0.029128
0.0261128
0.0231508
0.0202419
0.0173862
0.0145837
0.0118341
0.0091374
0.0064935
0.00390231
0.00136375
-0.00112223
-0.00355563
-0.00593647
-0.00826472
-0.0105404
-0.0127634
-0.0149337
-0.0170513
-0.0191161
-0.0211281
-0.0230871
-0.0249932
-0.0268463
-0.0286465
-0.0303936
-0.0320878
-0.0337291
-0.0353176
-0.0368533
-0.0383364
-0.0397669
-0.0411452
-0.0424713
-0.0437453
-0.0449676
-0.0461384
-0.0472578
-0.0483261
-0.0493436
-0.0503105
-0.0512271
-0.0520936
-0.0529102
-0.0536773
-0.054395
-0.0550637
-0.0556835
-0.0562547
-0.0567775
-0.057252
-0.0576786
-0.0580572
-0.0583882
-0.0586716
-0.0589075
-0.0590961
-0.0592374
-0.0593315
-0.0593784
0.363913
0.325113
0.286969
0.249271
0.210946
0.170863
0.128493
0.0498982
0.0819979
0.0787393
0.0754472
0.0721141
0.0687455
0.0653514
0.0619439
0.058535
0.0551365
0.0517587
0.0484106
0.045099
0.0418295
0.0386059
0.035431
0.0323065
0.0292338
0.0262135
0.023246
0.0203316
0.0174702
0.014662
0.0119069
0.00920491
0.00655587
0.00395978
0.00141656
-0.00107382
-0.00351136
-0.00589607
-0.00822795
-0.010507
-0.0127332
-0.0149064
-0.0170267
-0.019094
-0.0211082
-0.0230694
-0.0249774
-0.0268323
-0.028634
-0.0303826
-0.0320782
-0.0337207
-0.0353102
-0.0368469
-0.0383309
-0.0397622
-0.0411412
-0.0424679
-0.0437425
-0.0449654
-0.0461366
-0.0472564
-0.0483251
-0.0493429
-0.05031
-0.0512269
-0.0520936
-0.0529104
-0.0536777
-0.0543956
-0.0550644
-0.0556843
-0.0562556
-0.0567785
-0.0572531
-0.0576797
-0.0580585
-0.0583895
-0.0586729
-0.0589089
-0.0590975
-0.0592388
-0.0593329
-0.0593799
0.36411
0.325636
0.287643
0.249817
0.211277
0.171065
0.128697
0.0499808
0.0823175
0.0790382
0.0757124
0.0723441
0.0689436
0.0655232
0.0620956
0.0586723
0.055264
0.0518798
0.0485272
0.0452124
0.04194
0.0387136
0.0355355
0.0324075
0.0293309
0.0263063
0.0233342
0.020415
0.0175489
0.0147358
0.0119759
0.00926919
0.00661558
0.00401506
0.00146761
-0.00102682
-0.0034682
-0.00585654
-0.00819185
-0.0104741
-0.0127033
-0.0148793
-0.0170022
-0.019072
-0.0210884
-0.0230516
-0.0249616
-0.0268182
-0.0286215
-0.0303716
-0.0320685
-0.0337122
-0.0353028
-0.0368405
-0.0383253
-0.0397575
-0.0411372
-0.0424645
-0.0437397
-0.0449631
-0.0461347
-0.0472549
-0.048324
-0.0493421
-0.0503096
-0.0512267
-0.0520936
-0.0529107
-0.0536781
-0.0543962
-0.0550652
-0.0556852
-0.0562567
-0.0567796
-0.0572544
-0.0576811
-0.0580599
-0.0583909
-0.0586744
-0.0589104
-0.0590991
-0.0592404
-0.0593346
-0.0593815
0.364259
0.326018
0.288136
0.250229
0.211554
0.17123
0.12887
0.0503556
0.0825875
0.0793365
0.0759922
0.0725887
0.0691512
0.0656988
0.062246
0.0588044
0.0553833
0.0519906
0.0486325
0.0453138
0.0420386
0.0388095
0.0356289
0.0324982
0.0294185
0.0263906
0.0234149
0.0204919
0.0176218
0.0148047
0.0120408
0.00932998
0.00667237
0.00406794
0.00151669
-0.000981406
-0.00342631
-0.00581802
-0.00815653
-0.0104418
-0.0126738
-0.0148526
-0.016978
-0.0190501
-0.0210687
-0.023034
-0.0249458
-0.0268041
-0.028609
-0.0303606
-0.0320587
-0.0337036
-0.0352953
-0.036834
-0.0383197
-0.0397527
-0.0411331
-0.0424611
-0.0437369
-0.0449608
-0.0461329
-0.0472535
-0.048323
-0.0493414
-0.0503092
-0.0512265
-0.0520937
-0.052911
-0.0536786
-0.0543969
-0.055066
-0.0556862
-0.0562578
-0.0567809
-0.0572557
-0.0576825
-0.0580614
-0.0583925
-0.0586761
-0.0589121
-0.0591008
-0.0592422
-0.0593363
-0.0593833
0.364324
0.326185
0.288402
0.250575
0.212062
0.17192
0.12948
0.0511733
0.0828766
0.0796647
0.0762967
0.0728482
0.0693647
0.0658731
0.06239
0.0589265
0.0554906
0.0520881
0.0487238
0.0454014
0.0421236
0.0388927
0.0357103
0.0325778
0.0294961
0.0264659
0.0234877
0.0205619
0.0176887
0.0148685
0.0121012
0.00938704
0.00672604
0.00411823
0.00156364
-0.000937732
-0.00338583
-0.00578062
-0.0081221
-0.0104102
-0.012645
-0.0148263
-0.0169541
-0.0190284
-0.0210492
-0.0230164
-0.0249301
-0.0267901
-0.0285966
-0.0303495
-0.032049
-0.0336951
-0.0352879
-0.0368275
-0.0383142
-0.0397479
-0.041129
-0.0424577
-0.0437341
-0.0449585
-0.0461311
-0.0472521
-0.048322
-0.0493408
-0.0503088
-0.0512265
-0.0520939
-0.0529114
-0.0536792
-0.0543977
-0.055067
-0.0556873
-0.056259
-0.0567823
-0.0572572
-0.0576841
-0.0580631
-0.0583943
-0.0586779
-0.058914
-0.0591027
-0.0592441
-0.0593383
-0.0593853
0.364324
0.326161
0.288386
0.250716
0.212587
0.172855
0.130443
0.053113
0.0832837
0.0800714
0.0766405
0.0731217
0.069577
0.0660376
0.0625195
0.0590319
0.0555802
0.052168
0.0487981
0.0454726
0.0421932
0.0389616
0.0357787
0.0326456
0.0295631
0.0265318
0.0235521
0.0206245
0.0177494
0.0149268
0.012157
0.00944022
0.00677645
0.0041658
0.00160834
-0.00089591
-0.00334685
-0.00574445
-0.00808866
-0.0103794
-0.0126167
-0.0148004
-0.0169306
-0.0190071
-0.0210299
-0.022999
-0.0249144
-0.0267761
-0.0285841
-0.0303385
-0.0320393
-0.0336865
-0.0352804
-0.036821
-0.0383086
-0.0397431
-0.041125
-0.0424543
-0.0437313
-0.0449562
-0.0461293
-0.0472508
-0.048321
-0.0493401
-0.0503085
-0.0512265
-0.0520941
-0.0529119
-0.05368
-0.0543986
-0.0550681
-0.0556886
-0.0562604
-0.0567838
-0.0572588
-0.0576858
-0.0580649
-0.0583962
-0.0586799
-0.058916
-0.0591048
-0.0592463
-0.0593405
-0.0593874
0.364243
0.325947
0.288204
0.250893
0.213331
0.17401
0.131794
0.0520637
0.0840335
0.0806082
0.0770267
0.073398
0.0697738
0.0661786
0.062623
0.0591114
0.0556451
0.0522249
0.0488512
0.0455246
0.0422456
0.0390148
0.0358331
0.0327009
0.029619
0.0265879
0.023608
0.0206798
0.0178036
0.0149796
0.0122082
0.0094894
0.0068235
0.00421056
0.00165069
-0.000856019
-0.00330946
-0.00570957
-0.00805625
-0.0103495
-0.0125891
-0.0147751
-0.0169075
-0.018986
-0.0210108
-0.0229818
-0.024899
-0.0267623
-0.0285718
-0.0303275
-0.0320296
-0.033678
-0.035273
-0.0368146
-0.038303
-0.0397384
-0.0411209
-0.0424509
-0.0437285
-0.0449539
-0.0461275
-0.0472495
-0.0483201
-0.0493396
-0.0503083
-0.0512265
-0.0520945
-0.0529125
-0.0536808
-0.0543996
-0.0550693
-0.05569
-0.056262
-0.0567854
-0.0572606
-0.0576877
-0.0580669
-0.0583983
-0.0586821
-0.0589183
-0.0591071
-0.0592486
-0.0593428
-0.0593898
0.364187
0.32583
0.288138
0.251305
0.214309
0.175202
0.133079
0.0486008
0.0850432
0.0812207
0.0774159
0.0736455
0.0699295
0.066276
0.0626849
0.059153
0.0556766
0.0522526
0.0488789
0.0455543
0.0422784
0.039051
0.0358725
0.0327432
0.0296635
0.0266341
0.0236553
0.0207275
0.0178513
0.0150269
0.0122545
0.00953456
0.00686714
0.00425247
0.00169067
-0.000818102
-0.0032737
-0.00567602
-0.00802494
-0.0103204
-0.0125622
-0.0147504
-0.0168848
-0.0189654
-0.0209921
-0.0229648
-0.0248837
-0.0267485
-0.0285595
-0.0303166
-0.0320199
-0.0336695
-0.0352655
-0.0368081
-0.0382974
-0.0397336
-0.0411169
-0.0424475
-0.0437257
-0.0449517
-0.0461258
-0.0472482
-0.0483192
-0.0493391
-0.0503081
-0.0512267
-0.0520949
-0.0529132
-0.0536817
-0.0544007
-0.0550706
-0.0556915
-0.0562636
-0.0567873
-0.0572626
-0.0576899
-0.0580691
-0.0584006
-0.0586845
-0.0589208
-0.0591097
-0.0592512
-0.0593454
-0.0593924
0.364148
0.325802
0.288529
0.252541
0.215864
0.176668
0.134401
0.0531737
0.0858045
0.0817525
0.0777305
0.0738133
0.0700076
0.0663032
0.0626859
0.0591432
0.055665
0.0522443
0.0488765
0.0455588
0.0422898
0.0390689
0.0358962
0.0327719
0.0296963
0.0266701
0.0236938
0.0207678
0.0178926
0.0150686
0.0122962
0.00957572
0.00690742
0.00429153
0.00172828
-0.000782165
-0.00323959
-0.00564383
-0.00799474
-0.0102922
-0.0125361
-0.0147262
-0.0168626
-0.018945
-0.0209736
-0.0229481
-0.0248685
-0.0267349
-0.0285474
-0.0303058
-0.0320103
-0.0336611
-0.0352581
-0.0368017
-0.0382918
-0.0397288
-0.0411129
-0.0424442
-0.0437229
-0.0449495
-0.0461241
-0.0472469
-0.0483183
-0.0493386
-0.050308
-0.0512269
-0.0520954
-0.0529139
-0.0536827
-0.054402
-0.0550721
-0.0556932
-0.0562655
-0.0567893
-0.0572648
-0.0576922
-0.0580716
-0.0584032
-0.0586871
-0.0589235
-0.0591124
-0.059254
-0.0593483
-0.0593953
0.36433
0.326386
0.289644
0.254332
0.217945
0.178401
0.13575
0.0469028
0.0867936
0.0821963
0.0779037
0.0738434
0.0699657
0.0662303
0.0626055
0.0590679
0.0556009
0.0521938
0.0488399
0.0455353
0.0422781
0.0390677
0.0359038
0.0327869
0.0297175
0.0266963
0.0237238
0.0208007
0.0179276
0.015105
0.0123333
0.00961299
0.00694439
0.00432782
0.00176354
-0.000748182
-0.00320709
-0.00561298
-0.00796565
-0.0102649
-0.0125106
-0.0147027
-0.0168409
-0.0189251
-0.0209554
-0.0229315
-0.0248536
-0.0267215
-0.0285353
-0.0302951
-0.0320008
-0.0336527
-0.0352508
-0.0367953
-0.0382863
-0.0397241
-0.0411089
-0.0424408
-0.0437202
-0.0449473
-0.0461224
-0.0472457
-0.0483176
-0.0493383
-0.050308
-0.0512272
-0.052096
-0.0529148
-0.0536839
-0.0544034
-0.0550737
-0.055695
-0.0562676
-0.0567916
-0.0572672
-0.0576947
-0.0580743
-0.058406
-0.05869
-0.0589265
-0.0591155
-0.0592571
-0.0593515
-0.0593985
0.364802
0.327869
0.292023
0.257562
0.220974
0.180415
0.136866
0.0471634
0.0872819
0.0823166
0.0778208
0.0736664
0.0697587
0.0660278
0.0624244
0.0589146
0.0554764
0.0520962
0.0487662
0.0454823
0.0422427
0.039047
0.0358954
0.0327886
0.0297274
0.0267128
0.0237456
0.0208267
0.0179566
0.0151363
0.0123661
0.00964656
0.00697822
0.00436143
0.00179656
-0.000716087
-0.00317618
-0.00558344
-0.00793764
-0.0102385
-0.012486
-0.0146797
-0.0168196
-0.0189056
-0.0209375
-0.0229153
-0.0248388
-0.0267082
-0.0285234
-0.0302844
-0.0319914
-0.0336443
-0.0352435
-0.0367889
-0.0382808
-0.0397194
-0.0411049
-0.0424375
-0.0437175
-0.0449452
-0.0461208
-0.0472446
-0.0483169
-0.0493379
-0.0503081
-0.0512276
-0.0520968
-0.0529159
-0.0536852
-0.054405
-0.0550755
-0.0556971
-0.0562698
-0.056794
-0.0572698
-0.0576975
-0.0580772
-0.0584091
-0.0586932
-0.0589298
-0.0591189
-0.0592606
-0.0593549
-0.059402
0.365699
0.330589
0.296129
0.262341
0.224719
0.182584
0.137665
0.047308
0.0871856
0.0819855
0.0773892
0.0732221
0.0693486
0.0656725
0.0621286
0.0586753
0.055287
0.0519493
0.0486546
0.0453998
0.0421839
0.0390075
0.0358716
0.0327775
0.0297267
0.0267204
0.0237599
0.0208462
0.0179802
0.0151628
0.0123948
0.00967667
0.0070091
0.00439255
0.00182746
-0.000685783
-0.00314677
-0.00555517
-0.00791069
-0.010213
-0.012462
-0.0146574
-0.0167989
-0.0188865
-0.0209199
-0.0228992
-0.0248243
-0.0266951
-0.0285116
-0.0302739
-0.031982
-0.0336361
-0.0352362
-0.0367826
-0.0382753
-0.0397147
-0.0411009
-0.0424342
-0.0437149
-0.0449431
-0.0461192
-0.0472435
-0.0483162
-0.0493377
-0.0503082
-0.0512281
-0.0520976
-0.052917
-0.0536866
-0.0544067
-0.0550775
-0.0556993
-0.0562723
-0.0567967
-0.0572727
-0.0577006
-0.0580804
-0.0584124
-0.0586967
-0.0589334
-0.0591226
-0.0592643
-0.0593587
-0.0594058
0.366916
0.334115
0.30111
0.267194
0.228106
0.184286
0.137915
0.0472538
0.0864296
0.0811112
0.076542
0.0724697
0.0687136
0.0651537
0.061714
0.0583492
0.0550337
0.0517547
0.048507
0.0452896
0.0421035
0.0389508
0.0358339
0.0327551
0.0297166
0.0267201
0.0237674
0.0208599
0.0179988
0.0151851
0.0124198
0.00970365
0.0070373
0.00442136
0.00185639
-0.000657143
-0.00311877
-0.00552808
-0.00788473
-0.0101884
-0.0124387
-0.0146356
-0.0167786
-0.0188677
-0.0209027
-0.0228835
-0.02481
-0.0266821
-0.0284999
-0.0302634
-0.0319727
-0.0336278
-0.035229
-0.0367763
-0.0382699
-0.0397101
-0.041097
-0.042431
-0.0437123
-0.0449411
-0.0461177
-0.0472425
-0.0483157
-0.0493376
-0.0503085
-0.0512287
-0.0520986
-0.0529183
-0.0536883
-0.0544086
-0.0550797
-0.0557018
-0.056275
-0.0567996
-0.0572759
-0.0577039
-0.058084
-0.0584161
-0.0587005
-0.0589373
-0.0591266
-0.0592685
-0.0593629
-0.05941
0.368026
0.337342
0.305705
0.270675
0.230045
0.18483
0.136914
0.0455581
0.0848321
0.0795969
0.0752365
0.0713963
0.0678555
0.0644796
0.0611905
0.0579457
0.0547245
0.0515192
0.0483288
0.0451561
0.042005
0.0388799
0.0357847
0.0327232
0.0296985
0.0267131
0.0237692
0.0208687
0.0180131
0.0152038
0.0124417
0.00972787
0.00706311
0.00444813
0.00188357
-0.000630011
-0.00309205
-0.00550209
-0.00785969
-0.0101645
-0.0124161
-0.0146143
-0.0167588
-0.0188493
-0.0208858
-0.022868
-0.0247958
-0.0266693
-0.0284884
-0.0302531
-0.0319635
-0.0336197
-0.0352218
-0.03677
-0.0382645
-0.0397055
-0.0410931
-0.0424278
-0.0437097
-0.044939
-0.0461162
-0.0472415
-0.0483151
-0.0493375
-0.0503088
-0.0512295
-0.0520997
-0.0529198
-0.05369
-0.0544107
-0.0550821
-0.0557044
-0.0562779
-0.0568028
-0.0572793
-0.0577076
-0.0580878
-0.0584202
-0.0587047
-0.0589417
-0.0591311
-0.059273
-0.0593675
-0.0594146
0.368429
0.337771
0.305618
0.268868
0.226113
0.179992
0.132417
0.0439539
0.0820706
0.0773581
0.0734718
0.0700305
0.0668097
0.0636832
0.0605854
0.0574862
0.0543759
0.0512549
0.0481292
0.0450061
0.0418936
0.0387985
0.0357271
0.0326843
0.0296745
0.026701
0.0237666
0.0208737
0.0180241
0.0152194
0.012461
0.00974979
0.0070869
0.00447313
0.0019092
-0.000604212
-0.00306649
-0.00547708
-0.00783549
-0.0101413
-0.0123941
-0.0145936
-0.0167394
-0.0188313
-0.0208691
-0.0228527
-0.0247819
-0.0266566
-0.0284769
-0.0302428
-0.0319543
-0.0336116
-0.0352147
-0.0367638
-0.0382591
-0.0397009
-0.0410893
-0.0424246
-0.0437071
-0.0449371
-0.0461148
-0.0472406
-0.0483147
-0.0493375
-0.0503093
-0.0512303
-0.0521009
-0.0529214
-0.053692
-0.054413
-0.0550847
-0.0557074
-0.0562812
-0.0568063
-0.0572831
-0.0577116
-0.058092
-0.0584246
-0.0587093
-0.0589464
-0.0591359
-0.059278
-0.0593725
-0.0594197
0.367779
0.335143
0.300144
0.260242
0.214648
0.16847
0.123921
0.0452214
0.0780945
0.0744475
0.0713368
0.0684636
0.0656551
0.0628269
0.0599456
0.0570051
0.0540123
0.0509796
0.0479207
0.0448489
0.041776
0.0387119
0.0356648
0.0326413
0.0296468
0.0266855
0.023761
0.0208759
0.0180326
0.0152328
0.0124782
0.00976987
0.00710905
0.00449666
0.00193354
-0.000579552
-0.00304192
-0.00545293
-0.00781204
-0.0101188
-0.0123726
-0.0145733
-0.0167204
-0.0188136
-0.0208527
-0.0228376
-0.0247681
-0.0266441
-0.0284656
-0.0302327
-0.0319453
-0.0336035
-0.0352076
-0.0367576
-0.0382538
-0.0396963
-0.0410854
-0.0424214
-0.0437046
-0.0449351
-0.0461134
-0.0472397
-0.0483143
-0.0493376
-0.0503098
-0.0512313
-0.0521023
-0.0529231
-0.0536941
-0.0544155
-0.0550876
-0.0557105
-0.0562847
-0.0568101
-0.0572872
-0.057716
-0.0580967
-0.0584294
-0.0587144
-0.0589516
-0.0591413
-0.0592834
-0.059378
-0.0594252
0.366101
0.329329
0.288176
0.245087
0.199323
0.154908
0.113794
0.0415417
0.0733322
0.0711246
0.0690449
0.066867
0.0645212
0.0620041
0.0593368
0.0565478
0.0536653
0.0507149
0.0477187
0.0446952
0.0416601
0.0386257
0.0356021
0.0325974
0.0296179
0.0266687
0.0237539
0.0208767
0.0180396
0.0152448
0.0124939
0.0097886
0.00712994
0.00451904
0.00195684
-0.000555832
-0.00301818
-0.00542952
-0.00778924
-0.0100968
-0.0123516
-0.0145534
-0.0167017
-0.0187962
-0.0208366
-0.0228227
-0.0247545
-0.0266317
-0.0284544
-0.0302226
-0.0319362
-0.0335955
-0.0352005
-0.0367514
-0.0382484
-0.0396918
-0.0410816
-0.0424183
-0.0437021
-0.0449332
-0.0461121
-0.0472389
-0.048314
-0.0493378
-0.0503104
-0.0512324
-0.0521038
-0.0529251
-0.0536965
-0.0544182
-0.0550907
-0.055714
-0.0562885
-0.0568143
-0.0572916
-0.0577207
-0.0581017
-0.0584347
-0.0587199
-0.0589573
-0.0591471
-0.0592893
-0.059384
-0.0594313
0.363643
0.321304
0.272282
0.224235
0.179101
0.138413
0.101798
0.0339326
0.0679392
0.0677658
0.0669408
0.065498
0.0635854
0.0613331
0.0588372
0.0561661
0.0533696
0.0504845
0.0475393
0.0445566
0.041554
0.0385458
0.0355434
0.0325559
0.0295903
0.0266525
0.0237468
0.020877
0.018046
0.0152559
0.0125089
0.00980648
0.00714998
0.00454059
0.00197934
-0.000532847
-0.00299512
-0.00540673
-0.00776698
-0.0100753
-0.0123311
-0.0145339
-0.0166833
-0.018779
-0.0208207
-0.022808
-0.024741
-0.0266194
-0.0284433
-0.0302126
-0.0319273
-0.0335876
-0.0351935
-0.0367453
-0.0382431
-0.0396872
-0.0410778
-0.0424152
-0.0436996
-0.0449314
-0.0461108
-0.0472381
-0.0483138
-0.049338
-0.0503112
-0.0512336
-0.0521055
-0.0529272
-0.053699
-0.0544212
-0.055094
-0.0557177
-0.0562926
-0.0568188
-0.0572965
-0.0577259
-0.0581071
-0.0584404
-0.0587258
-0.0589635
-0.0591535
-0.0592958
-0.0593906
-0.0594379
0.360248
0.310727
0.254447
0.202691
0.159374
0.1226
0.0894166
0.044192
0.0624326
0.0650936
0.0655597
0.0646978
0.0630557
0.0609407
0.0585251
0.0559099
0.0531576
0.0503102
0.0473978
0.0444434
0.0414653
0.0384778
0.0354929
0.0325199
0.0295665
0.0266386
0.0237413
0.0208782
0.0180527
0.0152671
0.0125237
0.00982398
0.00716955
0.00456162
0.00200131
-0.000510403
-0.00297258
-0.00538442
-0.00774518
-0.0100542
-0.0123109
-0.0145147
-0.0166652
-0.0187621
-0.0208049
-0.0227935
-0.0247277
-0.0266073
-0.0284323
-0.0302026
-0.0319184
-0.0335796
-0.0351865
-0.0367392
-0.0382378
-0.0396827
-0.041074
-0.0424121
-0.0436971
-0.0449295
-0.0461095
-0.0472374
-0.0483136
-0.0493384
-0.050312
-0.0512349
-0.0521073
-0.0529294
-0.0537017
-0.0544244
-0.0550976
-0.0557218
-0.056297
-0.0568236
-0.0573017
-0.0577315
-0.0581131
-0.0584467
-0.0587324
-0.0589702
-0.0591604
-0.0593029
-0.0593978
-0.0594452
0.356234
0.299299
0.239555
0.187907
0.147717
0.1142
0.0821835
0.0306386
0.0588913
0.0645331
0.0656455
0.0648405
0.0631247
0.0609307
0.0584603
0.0558156
0.0530531
0.0502081
0.0473054
0.0443641
0.0414001
0.0384264
0.035454
0.0324922
0.0295484
0.0266288
0.0237384
0.0208813
0.0180606
0.015279
0.0125387
0.00984154
0.00718899
0.0045824
0.00202295
-0.000488316
-0.00295042
-0.00536248
-0.00772373
-0.0100334
-0.012291
-0.0144958
-0.0166474
-0.0187454
-0.0207894
-0.0227792
-0.0247145
-0.0265952
-0.0284213
-0.0301927
-0.0319095
-0.0335717
-0.0351795
-0.0367331
-0.0382326
-0.0396782
-0.0410702
-0.042409
-0.0436947
-0.0449277
-0.0461083
-0.0472368
-0.0483135
-0.0493388
-0.050313
-0.0512363
-0.0521092
-0.0529319
-0.0537046
-0.0544278
-0.0551015
-0.0557261
-0.0563018
-0.0568289
-0.0573074
-0.0577375
-0.0581195
-0.0584535
-0.0587394
-0.0589776
-0.059168
-0.0593107
-0.0594057
-0.0594531
0.354244
0.294263
0.233925
0.183719
0.147051
0.117695
0.0890981
0.0548295
0.0658022
0.0683898
0.0679078
0.066165
0.0638795
0.0613389
0.0586606
0.0558946
0.0530647
0.0501853
0.0472679
0.0443234
0.0413622
0.0383944
0.0354292
0.0324746
0.0295377
0.0266243
0.0237394
0.020887
0.0180703
0.0152921
0.0125545
0.00985951
0.0072086
0.00460319
0.00204448
-0.000466425
-0.00292849
-0.00534081
-0.00770255
-0.010013
-0.0122713
-0.0144771
-0.0166298
-0.0187289
-0.020774
-0.0227649
-0.0247014
-0.0265833
-0.0284104
-0.0301829
-0.0319007
-0.0335639
-0.0351726
-0.036727
-0.0382273
-0.0396737
-0.0410664
-0.0424059
-0.0436922
-0.0449259
-0.0461071
-0.0472362
-0.0483135
-0.0493393
-0.050314
-0.0512379
-0.0521113
-0.0529345
-0.0537078
-0.0544314
-0.0551057
-0.0557308
-0.056307
-0.0568345
-0.0573135
-0.0577441
-0.0581265
-0.0584608
-0.0587471
-0.0589856
-0.0591762
-0.0593191
-0.0594142
-0.0594617
0.350954
0.287502
0.23098
0.187281
0.156865
0.132713
0.111688
0.0920749
0.0818869
0.0761839
0.0720398
0.0684725
0.065199
0.0620953
0.0590875
0.0561267
0.0531826
0.0502376
0.0472842
0.0443215
0.0413527
0.0383833
0.0354197
0.0324683
0.0295353
0.0266259
0.0237448
0.0208959
0.0180823
0.0153068
0.0125714
0.00987819
0.00722863
0.00462417
0.00206605
-0.000444595
-0.00290671
-0.00531932
-0.00768158
-0.00999268
-0.0122519
-0.0144587
-0.0166124
-0.0187125
-0.0207588
-0.0227508
-0.0246884
-0.0265714
-0.0283996
-0.0301731
-0.0318919
-0.033556
-0.0351656
-0.0367209
-0.038222
-0.0396691
-0.0410627
-0.0424028
-0.0436898
-0.0449241
-0.0461059
-0.0472356
-0.0483134
-0.0493399
-0.0503151
-0.0512396
-0.0521136
-0.0529373
-0.0537111
-0.0544353
-0.0551101
-0.0557358
-0.0563126
-0.0568406
-0.0573201
-0.0577512
-0.058134
-0.0584688
-0.0587555
-0.0589943
-0.0591852
-0.0593282
-0.0594235
-0.0594711
0.349827
0.286724
0.234072
0.196226
0.170238
0.148556
0.130018
0.112054
0.0951479
0.0839197
0.0765018
0.0710844
0.0667541
0.0630311
0.0596513
0.0564638
0.0533807
0.0503511
0.047347
0.0443548
0.0413698
0.0383922
0.0354252
0.0324734
0.0295414
0.0266339
0.0237551
0.0209084
0.018097
0.0153233
0.0125897
0.00989777
0.00724925
0.0046455
0.0020878
-0.000422723
-0.00288496
-0.00529794
-0.00766075
-0.00997257
-0.0122327
-0.0144404
-0.0165951
-0.0186963
-0.0207437
-0.0227368
-0.0246755
-0.0265596
-0.0283889
-0.0301634
-0.0318831
-0.0335482
-0.0351587
-0.0367148
-0.0382167
-0.0396646
-0.0410588
-0.0423997
-0.0436874
-0.0449223
-0.0461047
-0.047235
-0.0483135
-0.0493405
-0.0503164
-0.0512414
-0.0521159
-0.0529403
-0.0537147
-0.0544395
-0.0551149
-0.0557411
-0.0563185
-0.0568471
-0.0573271
-0.0577588
-0.0581421
-0.0584774
-0.0587645
-0.0590037
-0.0591949
-0.0593382
-0.0594337
-0.0594813
0.350286
0.289245
0.240882
0.206789
0.183081
0.162147
0.142742
0.122606
0.103418
0.0893798
0.0799733
0.0732924
0.0681707
0.0639456
0.0602421
0.0568441
0.0536238
0.0505053
0.0474443
0.0444164
0.0414093
0.0384187
0.0354445
0.0324891
0.0295557
0.0266482
0.02377
0.0209245
0.0181143
0.0153419
0.0126093
0.00991837
0.00727056
0.00466728
0.00210979
-0.00040074
-0.00286321
-0.00527662
-0.00764003
-0.0099526
-0.0122136
-0.0144222
-0.0165779
-0.0186803
-0.0207287
-0.022723
-0.0246627
-0.0265478
-0.0283782
-0.0301537
-0.0318744
-0.0335404
-0.0351517
-0.0367087
-0.0382114
-0.0396601
-0.041055
-0.0423965
-0.0436849
-0.0449205
-0.0461035
-0.0472344
-0.0483135
-0.0493412
-0.0503176
-0.0512433
-0.0521184
-0.0529434
-0.0537184
-0.0544439
-0.0551199
-0.0557468
-0.0563248
-0.056854
-0.0573347
-0.0577669
-0.0581509
-0.0584866
-0.0587743
-0.0590139
-0.0592054
-0.059349
-0.0594447
-0.0594924
0.351674
0.294785
0.250897
0.219455
0.196572
0.174457
0.15178
0.127377
0.106434
0.0915703
0.0816942
0.0746298
0.069177
0.0646801
0.0607655
0.0572101
0.0538761
0.0506778
0.0475619
0.044497
0.0414656
0.0384593
0.0354752
0.0325139
0.0295772
0.0266681
0.0237894
0.0209439
0.0181342
0.0153624
0.0126304
0.00993999
0.00729257
0.00468952
0.00213207
-0.000378614
-0.00284143
-0.00525534
-0.0076194
-0.00993275
-0.0121946
-0.0144042
-0.016561
-0.0186643
-0.0207138
-0.0227092
-0.02465
-0.0265362
-0.0283675
-0.030144
-0.0318657
-0.0335325
-0.0351448
-0.0367025
-0.038206
-0.0396555
-0.0410511
-0.0423934
-0.0436824
-0.0449186
-0.0461023
-0.0472339
-0.0483136
-0.0493419
-0.050319
-0.0512453
-0.052121
-0.0529467
-0.0537224
-0.0544485
-0.0551252
-0.0557528
-0.0563315
-0.0568614
-0.0573427
-0.0577757
-0.0581603
-0.0584966
-0.0587848
-0.0590249
-0.0592169
-0.0593608
-0.0594567
-0.0595045
0.353827
0.301527
0.261144
0.231361
0.208485
0.185022
0.158598
0.128538
0.102932
0.0899516
0.0814577
0.0749789
0.0696837
0.0651639
0.0611668
0.0575213
0.0541088
0.0508482
0.0476856
0.044587
0.0415318
0.0385092
0.0355141
0.0325456
0.0296044
0.0266926
0.0238124
0.0209662
0.0181563
0.0153846
0.0126528
0.00996255
0.00731525
0.0047122
0.00215462
-0.00035635
-0.0028196
-0.00523409
-0.00759886
-0.00991302
-0.0121758
-0.0143863
-0.0165441
-0.0186485
-0.0206991
-0.0226955
-0.0246374
-0.0265245
-0.0283569
-0.0301344
-0.0318569
-0.0335247
-0.0351378
-0.0366964
-0.0382006
-0.0396508
-0.0410472
-0.0423902
-0.0436799
-0.0449168
-0.0461011
-0.0472333
-0.0483137
-0.0493426
-0.0503203
-0.0512473
-0.0521238
-0.0529501
-0.0537265
-0.0544533
-0.0551307
-0.0557591
-0.0563385
-0.0568692
-0.0573513
-0.057785
-0.0581703
-0.0585074
-0.0587962
-0.0590368
-0.0592293
-0.0593736
-0.0594697
-0.0595177
0.35675
0.308972
0.271237
0.242675
0.219211
0.193969
0.164114
0.127847
0.0636425
0.0847944
0.0798374
0.0746331
0.0697972
0.0654176
0.0614346
0.0577576
0.0543019
0.051
0.0478029
0.044677
0.0416013
0.0385636
0.0355578
0.0325818
0.0296356
0.0267204
0.0238382
0.0209908
0.0181802
0.0154082
0.0126762
0.00998589
0.00733848
0.00473525
0.00217739
-0.000333986
-0.00279776
-0.00521289
-0.00757841
-0.00989341
-0.0121571
-0.0143686
-0.0165274
-0.0186328
-0.0206845
-0.0226819
-0.0246248
-0.026513
-0.0283463
-0.0301247
-0.0318482
-0.0335169
-0.0351308
-0.0366902
-0.0381952
-0.0396462
-0.0410433
-0.0423869
-0.0436773
-0.0449148
-0.0460999
-0.0472327
-0.0483137
-0.0493433
-0.0503217
-0.0512493
-0.0521265
-0.0529535
-0.0537307
-0.0544583
-0.0551365
-0.0557657
-0.0563459
-0.0568775
-0.0573604
-0.0577949
-0.0581811
-0.0585189
-0.0588085
-0.0590498
-0.0592428
-0.0593876
-0.059484
-0.0595322
0.359524
0.315899
0.28066
0.252941
0.228659
0.202044
0.169884
0.130248
0.0612553
0.0824151
0.0786973
0.0742133
0.0697323
0.0655083
0.0615807
0.0579113
0.0544427
0.0511209
0.0479031
0.0447587
0.0416676
0.0386178
0.0356028
0.0326199
0.0296688
0.0267503
0.0238657
0.0210169
0.0182054
0.0154327
0.0127004
0.0100098
0.0073621
0.00475855
0.00220028
-0.000311591
-0.00277596
-0.00519179
-0.00755809
-0.00987395
-0.0121385
-0.014351
-0.0165108
-0.0186173
-0.02067
-0.0226684
-0.0246123
-0.0265015
-0.0283358
-0.0301151
-0.0318395
-0.033509
-0.0351238
-0.036684
-0.0381898
-0.0396414
-0.0410393
-0.0423836
-0.0436746
-0.0449129
-0.0460985
-0.047232
-0.0483137
-0.049344
-0.0503231
-0.0512514
-0.0521293
-0.0529571
-0.053735
-0.0544634
-0.0551425
-0.0557725
-0.0563537
-0.0568861
-0.05737
-0.0578055
-0.0581926
-0.0585313
-0.0588217
-0.0590639
-0.0592576
-0.0594029
-0.0594997
-0.0595481
0.361773
0.321761
0.28873
0.261605
0.236644
0.209019
0.175332
0.133804
0.0615424
0.0823893
0.0783465
0.0739266
0.0695818
0.0654683
0.0616099
0.0579765
0.0545219
0.0512013
0.047978
0.0448254
0.0417256
0.0386677
0.0356458
0.0326575
0.0297022
0.0267806
0.023894
0.0210436
0.0182311
0.0154578
0.012725
0.010034
0.0073859
0.00478192
0.00222317
-0.000289261
-0.00275428
-0.00517084
-0.00753795
-0.00985469
-0.0121202
-0.0143337
-0.0164945
-0.0186019
-0.0206556
-0.022655
-0.0245999
-0.0264901
-0.0283253
-0.0301055
-0.0318308
-0.0335012
-0.0351167
-0.0366777
-0.0381842
-0.0396366
-0.0410352
-0.0423802
-0.0436719
-0.0449108
-0.0460971
-0.0472313
-0.0483137
-0.0493446
-0.0503244
-0.0512535
-0.0521321
-0.0529607
-0.0537395
-0.0544687
-0.0551487
-0.0557796
-0.0563618
-0.0568952
-0.0573802
-0.0578167
-0.0582048
-0.0585447
-0.0588361
-0.0590792
-0.0592738
-0.0594198
-0.0595171
-0.0595657
0.363546
0.326615
0.295557
0.269122
0.243844
0.215558
0.180532
0.137348
0.0451866
0.0835827
0.078266
0.0735707
0.069268
0.0652654
0.0615062
0.0579429
0.0545317
0.0512348
0.0480222
0.0448724
0.0417712
0.03871
0.0356844
0.0326925
0.0297342
0.0268103
0.0239218
0.0210703
0.0182569
0.0154829
0.0127496
0.0100581
0.00740964
0.0048052
0.00224592
-0.00026711
-0.00273281
-0.00515012
-0.00751805
-0.00983566
-0.0121021
-0.0143165
-0.0164783
-0.0185867
-0.0206414
-0.0226418
-0.0245877
-0.0264787
-0.0283149
-0.030096
-0.0318221
-0.0334933
-0.0351096
-0.0366714
-0.0381786
-0.0396318
-0.041031
-0.0423767
-0.0436691
-0.0449086
-0.0460956
-0.0472305
-0.0483135
-0.0493451
-0.0503257
-0.0512555
-0.0521349
-0.0529643
-0.0537439
-0.0544741
-0.055155
-0.0557869
-0.0563701
-0.0569047
-0.0573908
-0.0578286
-0.058218
-0.0585591
-0.0588518
-0.0590961
-0.0592917
-0.0594386
-0.0595365
-0.0595854
0.36503
0.330695
0.301337
0.275805
0.25086
0.222285
0.18555
0.139505
0.0456121
0.0832497
0.0773774
0.0727046
0.0686126
0.0648298
0.0612439
0.0578014
0.0544685
0.0512192
0.0480336
0.0448977
0.0418024
0.0387428
0.0357166
0.0327233
0.0297634
0.026838
0.0239484
0.021096
0.0182819
0.0155075
0.0127738
0.010082
0.00743306
0.00482817
0.00226837
-0.000245269
-0.00271165
-0.00512971
-0.00749845
-0.00981693
-0.0120843
-0.0142996
-0.0164623
-0.0185718
-0.0206274
-0.0226287
-0.0245755
-0.0264675
-0.0283045
-0.0300865
-0.0318134
-0.0334854
-0.0351025
-0.036665
-0.038173
-0.0396268
-0.0410267
-0.042373
-0.0436661
-0.0449063
-0.046094
-0.0472295
-0.0483132
-0.0493455
-0.0503268
-0.0512574
-0.0521376
-0.0529678
-0.0537483
-0.0544794
-0.0551613
-0.0557944
-0.0563787
-0.0569145
-0.057402
-0.0578411
-0.058232
-0.0585747
-0.0588689
-0.0591147
-0.0593117
-0.0594597
-0.0595584
-0.0596077
0.366318
0.334274
0.306669
0.282561
0.258604
0.230069
0.191341
0.140644
0.0444519
0.0804048
0.0749945
0.0709983
0.0674816
0.0641173
0.0608144
0.0575554
0.0543379
0.051159
0.0480149
0.0449023
0.0418194
0.0387656
0.0357417
0.0327489
0.0297888
0.0268629
0.0239729
0.0211201
0.0183058
0.0155312
0.0127972
0.0101051
0.00745592
0.00485063
0.00229034
-0.000223874
-0.00269091
-0.00510971
-0.00747925
-0.00979857
-0.0120668
-0.0142831
-0.0164467
-0.018557
-0.0206135
-0.0226158
-0.0245635
-0.0264563
-0.0282942
-0.030077
-0.0318047
-0.0334775
-0.0350953
-0.0366585
-0.0381672
-0.0396217
-0.0410223
-0.0423693
-0.043663
-0.0449039
-0.0460922
-0.0472284
-0.0483128
-0.0493458
-0.0503278
-0.0512591
-0.0521402
-0.0529712
-0.0537526
-0.0544847
-0.0551677
-0.0558019
-0.0563875
-0.0569246
-0.0574136
-0.0578544
-0.058247
-0.0585915
-0.0588877
-0.0591353
-0.0593341
-0.0594836
-0.0595834
-0.0596333
0.367574
0.337818
0.312204
0.290087
0.267485
0.238753
0.19733
0.14074
0.0411821
0.0740893
0.0708593
0.0684157
0.0659022
0.063168
0.0602544
0.0572334
0.05416
0.0510675
0.0479743
0.044891
0.0418242
0.0387791
0.0357596
0.0327689
0.0298098
0.0268844
0.0239947
0.0211421
0.018328
0.0155534
0.0128196
0.0101274
0.00747798
0.00487238
0.00231168
-0.00020306
-0.00267072
-0.00509021
-0.00746051
-0.00978064
-0.0120497
-0.0142668
-0.0164313
-0.0185426
-0.0206
-0.0226031
-0.0245516
-0.0264453
-0.028284
-0.0300675
-0.031796
-0.0334695
-0.0350881
-0.036652
-0.0381614
-0.0396165
-0.0410178
-0.0423654
-0.0436598
-0.0449013
-0.0460902
-0.047227
-0.0483121
-0.0493458
-0.0503286
-0.0512607
-0.0521425
-0.0529744
-0.0537568
-0.0544899
-0.055174
-0.0558094
-0.0563963
-0.056935
-0.0574257
-0.0578683
-0.0582631
-0.0586099
-0.0589084
-0.0591585
-0.0593595
-0.0595109
-0.0596122
-0.0596629
0.368901
0.341648
0.318314
0.298492
0.277002
0.247167
0.201943
0.13933
0.041003
0.064472
0.0656876
0.0654142
0.0641384
0.0621377
0.0596587
0.0568938
0.0539708
0.0509665
0.0479247
0.044871
0.041821
0.0387853
0.035771
0.0327834
0.0298261
0.026902
0.0240133
0.0211615
0.018348
0.015574
0.0128404
0.0101484
0.00749902
0.00489325
0.00233223
-0.000182957
-0.00265117
-0.00507131
-0.00744233
-0.00976323
-0.0120331
-0.0142511
-0.0164164
-0.0185284
-0.0205867
-0.0225906
-0.0245399
-0.0264344
-0.0282738
-0.0300581
-0.0317874
-0.0334616
-0.0350809
-0.0366454
-0.0381555
-0.0396113
-0.0410131
-0.0423614
-0.0436564
-0.0448985
-0.046088
-0.0472255
-0.0483112
-0.0493456
-0.0503291
-0.0512619
-0.0521446
-0.0529774
-0.0537607
-0.0544948
-0.0551801
-0.0558167
-0.0564052
-0.0569455
-0.0574381
-0.057883
-0.0582802
-0.0586298
-0.0589314
-0.0591845
-0.0593885
-0.0595426
-0.0596459
-0.0596977
0.370463
0.346213
0.325517
0.30811
0.287428
0.256196
0.206866
0.142596
0.0827975
0.0313188
0.0618265
0.0629118
0.0626442
0.0612742
0.0591672
0.0566169
0.0538169
0.0508831
0.0478817
0.0448512
0.0418146
0.0387867
0.0357772
0.0327927
0.0298377
0.0269155
0.0240284
0.021178
0.0183656
0.0155925
0.0128596
0.0101681
0.00751887
0.00491309
0.00235187
-0.000163675
-0.00263237
-0.0050531
-0.00742478
-0.00974639
-0.012017
-0.0142357
-0.0164019
-0.0185147
-0.0205737
-0.0225784
-0.0245285
-0.0264236
-0.0282638
-0.0300488
-0.0317787
-0.0334536
-0.0350735
-0.0366387
-0.0381494
-0.0396058
-0.0410083
-0.0423572
-0.0436528
-0.0448954
-0.0460856
-0.0472237
-0.0483101
-0.0493451
-0.0503293
-0.0512629
-0.0521463
-0.05298
-0.0537642
-0.0544994
-0.0551858
-0.0558239
-0.0564139
-0.0569561
-0.0574508
-0.0578982
-0.0582984
-0.0586513
-0.0589566
-0.0592137
-0.0594217
-0.0595794
-0.0596855
-0.0597388
0.372404
0.351708
0.333978
0.319109
0.299811
0.269022
0.217115
0.142021
0.0515849
0.0278317
0.0586429
0.0613718
0.061839
0.060838
0.0589281
0.0564855
0.0537447
0.0508435
0.0478601
0.0448398
0.0418094
0.0387854
0.035779
0.032797
0.0298445
0.0269246
0.0240397
0.0211912
0.0183805
0.0156088
0.012877
0.0101862
0.0075374
0.00493179
0.00237049
-0.000145301
-0.0026144
-0.00503565
-0.00740793
-0.00973021
-0.0120015
-0.014221
-0.0163878
-0.0185014
-0.0205611
-0.0225665
-0.0245173
-0.0264131
-0.0282539
-0.0300396
-0.0317702
-0.0334457
-0.0350662
-0.036632
-0.0381433
-0.0396003
-0.0410034
-0.0423528
-0.043649
-0.0448922
-0.046083
-0.0472217
-0.0483086
-0.0493443
-0.0503291
-0.0512634
-0.0521477
-0.0529822
-0.0537673
-0.0545036
-0.0551912
-0.0558307
-0.0564223
-0.0569665
-0.0574636
-0.0579139
-0.0583175
-0.0586745
-0.0589844
-0.0592466
-0.0594599
-0.0596226
-0.0597326
-0.0597882
0.374601
0.358036
0.343679
0.331085
0.31392
0.285056
0.232784
0.147267
0.0446513
0.0271504
0.0592813
0.0619668
0.062215
0.0610577
0.0590554
0.0565591
0.0537861
0.0508649
0.0478693
0.0448419
0.0418078
0.0387827
0.0357768
0.0327966
0.0298464
0.0269292
0.0240469
0.021201
0.0183925
0.0156227
0.0128924
0.0102026
0.00755455
0.00494928
0.00238806
-0.000127891
-0.00259732
-0.00501902
-0.00739185
-0.00971475
-0.0119867
-0.0142069
-0.0163744
-0.0184886
-0.0205489
-0.022555
-0.0245064
-0.0264029
-0.0282443
-0.0300305
-0.0317617
-0.0334378
-0.0350589
-0.0366253
-0.0381371
-0.0395947
-0.0409983
-0.0423483
-0.043645
-0.0448888
-0.0460801
-0.0472193
-0.0483069
-0.0493432
-0.0503286
-0.0512636
-0.0521485
-0.0529838
-0.0537699
-0.0545072
-0.055196
-0.0558369
-0.0564302
-0.0569765
-0.0574762
-0.0579297
-0.0583372
-0.0586989
-0.0590145
-0.0592832
-0.0595035
-0.0596731
-0.059789
-0.059848
0.376987
0.364453
0.353004
0.34139
0.325835
0.299368
0.253149
0.183899
0.109572
0.034873
0.06575
0.0651179
0.0638824
0.061972
0.0595662
0.0568463
0.0539454
0.0509494
0.0479099
0.0448572
0.0418094
0.0387779
0.0357701
0.0327908
0.029843
0.0269289
0.02405
0.0212072
0.0184016
0.0156342
0.0129058
0.0102175
0.00757034
0.00496558
0.00240454
-0.000111466
-0.00258115
-0.00500325
-0.00737658
-0.00970006
-0.0119726
-0.0141934
-0.0163615
-0.0184764
-0.0205373
-0.0225439
-0.0244959
-0.0263929
-0.0282349
-0.0300217
-0.0317533
-0.0334299
-0.0350516
-0.0366185
-0.0381309
-0.039589
-0.0409931
-0.0423436
-0.0436408
-0.0448851
-0.0460769
-0.0472167
-0.0483048
-0.0493416
-0.0503277
-0.0512633
-0.0521489
-0.0529849
-0.0537719
-0.0545101
-0.0552001
-0.0558424
-0.0564374
-0.0569859
-0.0574882
-0.0579451
-0.058357
-0.0587242
-0.0590466
-0.0593235
-0.059553
-0.0597324
-0.059857
-0.0599215
0.379031
0.369679
0.360266
0.349534
0.335168
0.310267
0.267583
0.204884
0.13652
0.0630142
0.0726534
0.0693141
0.0663126
0.0633599
0.0603568
0.0572946
0.0541945
0.0510808
0.0479721
0.0448797
0.0418103
0.0387686
0.0357574
0.0327786
0.0298336
0.0269235
0.0240488
0.0212099
0.0184077
0.0156433
0.0129174
0.0102309
0.00758487
0.00498074
0.00241999
-9.60012e-05
-0.00256589
-0.00498834
-0.00736214
-0.00968618
-0.0119594
-0.0141807
-0.0163494
-0.0184648
-0.0205262
-0.0225333
-0.0244858
-0.0263833
-0.0282258
-0.0300131
-0.0317452
-0.0334222
-0.0350443
-0.0366118
-0.0381247
-0.0395833
-0.0409879
-0.0423388
-0.0436365
-0.0448812
-0.0460736
-0.0472138
-0.0483024
-0.0493398
-0.0503263
-0.0512625
-0.0521487
-0.0529854
-0.0537731
-0.0545122
-0.0552033
-0.0558469
-0.0564436
-0.0569941
-0.0574992
-0.0579597
-0.0583762
-0.0587494
-0.0590796
-0.0593664
-0.0596082
-0.0598015
-0.0599403
-0.0600145
0.380519
0.373422
0.364651
0.354005
0.338993
0.314143
0.273671
0.215786
0.151168
0.0464086
0.0801876
0.0737618
0.0689416
0.0648991
0.0612509
0.0578084
0.0544801
0.0512279
0.0480372
0.0448979
0.0418036
0.0387504
0.0357362
0.0327588
0.0298174
0.0269126
0.0240432
0.021209
0.0184108
0.0156501
0.0129274
0.0102431
0.00759833
0.00499486
0.00243447
-8.14305e-05
-0.0025515
-0.00497426
-0.0073485
-0.00967314
-0.011947
-0.0141689
-0.0163381
-0.0184539
-0.0205157
-0.0225232
-0.0244761
-0.0263742
-0.0282171
-0.0300048
-0.0317372
-0.0334147
-0.0350372
-0.0366051
-0.0381185
-0.0395776
-0.0409826
-0.0423339
-0.043632
-0.0448772
-0.04607
-0.0472107
-0.0482997
-0.0493376
-0.0503246
-0.0512612
-0.052148
-0.0529852
-0.0537735
-0.0545134
-0.0552055
-0.0558502
-0.0564485
-0.057001
-0.0575086
-0.0579725
-0.0583937
-0.0587732
-0.0591119
-0.0594103
-0.0596677
-0.0598817
-0.0600444
-0.0601373
0.378295
0.374818
0.363799
0.352064
0.333559
0.306936
0.268411
0.22046
0.163507
0.0652576
0.0853862
0.0773091
0.0711696
0.0662477
0.0620527
0.0582783
0.0547393
0.0513513
0.048081
0.0448971
0.0417802
0.0387176
0.0357036
0.0327298
0.0297931
0.0268963
0.0240339
0.0212047
0.018411
0.0156548
0.0129364
0.0102547
0.00761099
0.00500799
0.00244806
-6.76272e-05
-0.00253795
-0.00496093
-0.00733554
-0.0096609
-0.0119355
-0.014158
-0.0163276
-0.0184438
-0.0205059
-0.0225136
-0.024467
-0.0263655
-0.0282089
-0.029997
-0.0317297
-0.0334073
-0.0350303
-0.0365986
-0.0381125
-0.039572
-0.0409774
-0.0423289
-0.0436273
-0.0448729
-0.0460662
-0.0472073
-0.0482968
-0.0493351
-0.0503225
-0.0512595
-0.0521467
-0.0529844
-0.0537731
-0.0545136
-0.0552065
-0.0558523
-0.0564517
-0.0570059
-0.0575158
-0.0579827
-0.0584082
-0.0587937
-0.0591409
-0.0594519
-0.0597287
-0.0599723
-0.0601744
-0.0603013
0.350251
0.354265
0.339419
0.334256
0.308327
0.277416
0.237143
0.20583
0.163007
0.0536443
0.0897982
0.0797666
0.0726459
0.0671442
0.0625968
0.0586154
0.0549179
0.0514096
0.0480783
0.0448615
0.0417309
0.0386634
0.0356576
0.0326914
0.0297582
0.0268753
0.0240223
0.0211977
0.0184078
0.0156574
0.0129455
0.0102667
0.00762315
0.00501995
0.00246079
-5.43127e-05
-0.00252531
-0.00494824
-0.00732289
-0.00964936
-0.0119252
-0.0141481
-0.0163182
-0.0184349
-0.0204967
-0.0225043
-0.0244582
-0.0263574
-0.0282013
-0.0299899
-0.0317224
-0.0334003
-0.0350237
-0.0365924
-0.0381067
-0.0395667
-0.0409723
-0.0423239
-0.0436223
-0.0448683
-0.0460623
-0.0472038
-0.0482936
-0.0493324
-0.0503201
-0.0512575
-0.0521452
-0.0529831
-0.0537719
-0.0545127
-0.0552063
-0.0558528
-0.0564532
-0.0570085
-0.0575201
-0.0579894
-0.0584183
-0.0588087
-0.0591632
-0.059486
-0.0597837
-0.060064
-0.0603206
-0.060498
0
0
0
0
0
0
0
0
0
0
0
0
0
0
0
0
0
0
0
0
0.0328847
0.031254
0.0323449
0.0282045
0.0280931
0.0258259
0.0230705
0.0205926
0.0180735
0.0156569
0.0129577
0.0101873
0.00757636
0.00499506
0.00247261
-4.02887e-05
-0.00250004
-0.00493613
-0.00727117
-0.00958926
-0.0118584
-0.0141392
-0.0162312
-0.0184279
-0.0204885
-0.0224949
-0.0243458
-0.0263497
-0.0280813
-0.0299839
-0.0317153
-0.0332725
-0.0348957
-0.0364618
-0.0379598
-0.0394238
-0.0409678
-0.0423187
-0.0436166
-0.0447099
-0.0459035
-0.0472002
-0.0481297
-0.0491664
-0.0503175
-0.0510638
-0.0519674
-0.0529816
-0.0537698
-0.0543184
-0.0550056
-0.0558519
-0.0564525
-0.0570086
-0.0575211
-0.0579917
-0.0581794
-0.0588162
-0.0591751
-0.0595056
-0.0595899
-0.0599036
-0.0602059
-0.0606551
0
0
0
0
0
0
0
0
0
0
0
0
0
0
0
0
0
0
0
0
0
0
0
0
0
0
0
0
0
0
0
0
0
0
0
-0
-0
-0
-0
-0
-0
-0
-0
-0
-0
-0
-0
-0
-0
-0
-0
-0
-0
-0
-0
-0
-0
-0
-0
-0
-0
-0
-0
-0
-0
-0
-0
-0
-0
-0
-0
-0
-0
-0
-0
-0
-0
-0
-0
-0
-0
-0
-0
-0
0
0
0
0
0
0
0
0
0
0
0
0
0
0
0
0
0
0
0
0
0
0
0
0
0
0
0
0
0
0
0
0
0
0
0
0
0
-0
-0
-0
-0
-0
-0
-0
-0
-0
-0
-0
-0
-0
-0
-0
-0
-0
-0
-0
-0
-0
-0
-0
-0
-0
-0
-0
-0
-0
-0
-0
-0
-0
-0
-0
-0
-0
-0
-0
-0
-0
-0
-0
-0
-0
-0
-0
0
0
0
0
0
0
0
0
0
0
0
0
0
0
0
0
0
0
0
0
0
0
0
0
0
0
0
0
0
0
0
0
0
0
0
0
0
0
0
0
0
-0
-0
-0
-0
-0
-0
-0
-0
-0
-0
-0
-0
-0
-0
-0
-0
-0
-0
-0
-0
-0
-0
-0
-0
-0
-0
-0
-0
-0
-0
-0
-0
-0
-0
-0
-0
-0
-0
-0
-0
-0
-0
-0
0
0
0
0
0
0
0
0
0
0
0
0
0
0
0
0
0
0
0
0
0
0
0
0
0
0
0
0
0
0
0
0
0
0
0
0
0
0
0
0
0
0
0
0
-0
-0
-0
-0
-0
-0
-0
-0
-0
-0
-0
-0
-0
-0
-0
-0
-0
-0
-0
-0
-0
-0
-0
-0
-0
-0
-0
-0
-0
-0
-0
-0
-0
-0
-0
-0
-0
-0
-0
-0
0
0
0
0
0
0
0
0
0
0
0
0
0
0
0
0
0
0
0
0
0
0
0
0
0
0
0
0
0
0
0
0
0
0
0
0
0
0
0
0
0
0
0
0
0
0
0
-0
-0
-0
-0
-0
-0
-0
-0
-0
-0
-0
-0
-0
-0
-0
-0
-0
-0
-0
-0
-0
-0
-0
-0
-0
-0
-0
-0
-0
-0
-0
-0
-0
-0
-0
-0
-0
0
0
0
0
0
0
0
0
0
0
0
0
0
0
0
0
0
0
0
0
0
0
0
0
0
0
0
0
0
0
0
0
0
0
0
0
0
0
0
0
0
0
0
0
0
0
0
0
-0
-0
-0
-0
-0
-0
-0
-0
-0
-0
-0
-0
-0
-0
-0
-0
-0
-0
-0
-0
-0
-0
-0
-0
-0
-0
-0
-0
-0
-0
-0
-0
-0
-0
-0
-0
0
0
0
0
0
0
0
0
0
0
0
0
0
0
0
0
0
0
0
0
0
0
0
0
0
0
0
0
0
0
0
0
0
0
0
0
0
0
0
0
0
0
0
0
0
0
0
0
-0
-0
-0
-0
-0
-0
-0
-0
-0
-0
-0
-0
-0
-0
-0
-0
-0
-0
-0
-0
-0
-0
-0
-0
-0
-0
-0
-0
-0
-0
-0
-0
-0
-0
-0
-0
)
;

boundaryField
{
    hot
    {
        type            calculated;
        value           uniform 0;
    }
    hotTop
    {
        type            calculated;
        value           uniform 0;
    }
    cold
    {
        type            calculated;
        value           uniform 0;
    }
    coldTop
    {
        type            calculated;
        value           uniform 0;
    }
    top
    {
        type            calculated;
        value           uniform 0;
    }
    btm
    {
        type            calculated;
        value           uniform 0;
    }
    frontAndBack
    {
        type            empty;
    }
}


// ************************************************************************* //
