/*--------------------------------*- C++ -*----------------------------------*\
  =========                 |
  \\      /  F ield         | OpenFOAM: The Open Source CFD Toolbox
   \\    /   O peration     | Website:  https://openfoam.org
    \\  /    A nd           | Version:  6
     \\/     M anipulation  |
\*---------------------------------------------------------------------------*/
FoamFile
{
    version     2.0;
    format      ascii;
    class       volScalarField;
    location    "990";
    object      stFactor;
}
// * * * * * * * * * * * * * * * * * * * * * * * * * * * * * * * * * * * * * //

dimensions      [0 0 0 0 0 0 0];

internalField   nonuniform List<scalar> 
5964
(
1.01432
1.01442
1.0145
1.01457
1.01463
1.01467
1.01471
1.01474
1.01477
1.0148
1.01483
1.01486
1.01489
1.01492
1.01495
1.01499
1.01502
1.01505
1.01507
1.0151
1.01513
1.01516
1.00709
0.984604
0.984613
0.984622
0.984628
0.984634
0.984637
0.98464
0.984642
0.984644
0.984645
0.984647
0.984648
0.984649
0.98465
0.984652
0.984653
0.984654
0.984656
0.984657
0.984658
0.984659
0.98466
0.984661
0.984662
0.984663
0.984664
0.984665
0.984666
0.984667
0.984668
0.984669
0.98467
0.984671
0.984673
0.984674
0.984676
0.984678
0.984679
0.984681
0.984684
0.984686
0.984688
0.984691
0.984694
0.984697
0.9847
0.984703
0.984706
0.98471
0.984713
0.984717
0.984721
0.984725
0.984729
0.984733
0.984737
0.984741
0.984745
0.984749
0.984753
0.984754
1.01432
1.01441
1.0145
1.01457
1.01462
1.01466
1.0147
1.01473
1.01476
1.01479
1.01482
1.01485
1.01488
1.01491
1.01494
1.01498
1.01501
1.01504
1.01507
1.0151
1.01513
1.01515
0.984511
0.984602
0.984614
0.984623
0.98463
0.984635
0.984639
0.984641
0.984643
0.984645
0.984646
0.984647
0.984648
0.984649
0.984651
0.984652
0.984653
0.984655
0.984656
0.984657
0.984658
0.984659
0.98466
0.984661
0.984662
0.984663
0.984664
0.984665
0.984666
0.984667
0.984668
0.984669
0.98467
0.984671
0.984673
0.984674
0.984676
0.984677
0.984679
0.984681
0.984683
0.984686
0.984688
0.984691
0.984694
0.984697
0.9847
0.984703
0.984706
0.98471
0.984713
0.984717
0.984721
0.984725
0.984729
0.984733
0.984737
0.984741
0.984745
0.984749
0.984754
0.984754
1.01431
1.01441
1.01449
1.01455
1.01461
1.01465
1.01468
1.01471
1.01474
1.01477
1.01479
1.01483
1.01486
1.01489
1.01493
1.01496
1.01499
1.01502
1.01506
1.01509
1.01512
1.01515
1.00933
0.984607
0.984616
0.984625
0.984632
0.984637
0.984641
0.984643
0.984645
0.984646
0.984647
0.984648
0.984649
0.98465
0.984651
0.984653
0.984654
0.984655
0.984656
0.984658
0.984659
0.98466
0.984661
0.984662
0.984663
0.984663
0.984664
0.984665
0.984666
0.984667
0.984668
0.984669
0.98467
0.984671
0.984672
0.984674
0.984675
0.984677
0.984679
0.984681
0.984683
0.984686
0.984688
0.984691
0.984693
0.984696
0.984699
0.984703
0.984706
0.984709
0.984713
0.984717
0.984721
0.984724
0.984728
0.984733
0.984737
0.984741
0.984745
0.98475
0.984754
0.984754
1.01431
1.0144
1.01447
1.01453
1.01458
1.01462
1.01466
1.01468
1.01471
1.01474
1.01477
1.0148
1.01483
1.01487
1.0149
1.01494
1.01497
1.01501
1.01504
1.01507
1.01511
1.01514
1.01488
0.984589
0.984617
0.98463
0.984637
0.984641
0.984644
0.984646
0.984647
0.984648
0.984648
0.984649
0.98465
0.984651
0.984652
0.984653
0.984655
0.984656
0.984657
0.984658
0.984659
0.98466
0.984661
0.984662
0.984663
0.984664
0.984664
0.984665
0.984666
0.984667
0.984668
0.984669
0.98467
0.984671
0.984672
0.984674
0.984675
0.984677
0.984679
0.984681
0.984683
0.984685
0.984688
0.98469
0.984693
0.984696
0.984699
0.984702
0.984706
0.984709
0.984713
0.984717
0.98472
0.984724
0.984728
0.984732
0.984736
0.984741
0.984745
0.984749
0.984754
0.984754
1.01431
1.01439
1.01446
1.01451
1.01456
1.0146
1.01463
1.01466
1.01468
1.01471
1.01474
1.01477
1.01481
1.01484
1.01488
1.01492
1.01495
1.01499
1.01502
1.01506
1.0151
1.01513
1.01516
0.984589
0.984624
0.984638
0.984644
0.984647
0.984648
0.984649
0.984649
0.98465
0.98465
0.98465
0.984651
0.984652
0.984653
0.984654
0.984656
0.984657
0.984658
0.984659
0.98466
0.984661
0.984662
0.984663
0.984663
0.984664
0.984665
0.984665
0.984666
0.984667
0.984667
0.984668
0.984669
0.98467
0.984672
0.984673
0.984675
0.984676
0.984678
0.98468
0.984682
0.984685
0.984687
0.98469
0.984693
0.984695
0.984699
0.984702
0.984705
0.984709
0.984712
0.984716
0.98472
0.984724
0.984728
0.984732
0.984736
0.98474
0.984745
0.984749
0.984753
0.984754
1.0143
1.01437
1.01444
1.01449
1.01454
1.01457
1.01461
1.01464
1.01466
1.01469
1.01472
1.01476
1.01479
1.01483
1.01486
1.0149
1.01494
1.01497
1.01501
1.01505
1.01509
1.01513
1.01516
0.984613
0.984643
0.984651
0.984654
0.984654
0.984654
0.984653
0.984652
0.984652
0.984652
0.984652
0.984653
0.984654
0.984655
0.984656
0.984657
0.984658
0.984659
0.98466
0.984661
0.984662
0.984663
0.984663
0.984664
0.984664
0.984665
0.984665
0.984666
0.984666
0.984667
0.984668
0.984669
0.98467
0.984671
0.984672
0.984674
0.984676
0.984677
0.984679
0.984682
0.984684
0.984686
0.984689
0.984692
0.984695
0.984698
0.984701
0.984705
0.984708
0.984712
0.984716
0.98472
0.984724
0.984728
0.984732
0.984736
0.98474
0.984744
0.984749
0.984753
0.984754
1.0143
1.01437
1.01443
1.01448
1.01452
1.01456
1.01459
1.01462
1.01465
1.01468
1.01471
1.01475
1.01478
1.01481
1.01485
1.01489
1.01493
1.01496
1.015
1.01504
1.01508
1.01512
1.01517
0.996296
0.984674
0.984668
0.984665
0.984662
0.984659
0.984657
0.984655
0.984654
0.984653
0.984653
0.984654
0.984655
0.984656
0.984657
0.984658
0.98466
0.984661
0.984662
0.984662
0.984663
0.984663
0.984664
0.984664
0.984664
0.984665
0.984665
0.984666
0.984666
0.984667
0.984667
0.984668
0.984669
0.98467
0.984672
0.984673
0.984675
0.984677
0.984679
0.984681
0.984683
0.984686
0.984688
0.984691
0.984694
0.984697
0.984701
0.984704
0.984708
0.984711
0.984715
0.984719
0.984723
0.984727
0.984732
0.984736
0.98474
0.984745
0.98475
0.984754
0.984754
1.0143
1.01436
1.01442
1.01447
1.01451
1.01455
1.01459
1.01462
1.01466
1.01469
1.01472
1.01475
1.01478
1.01481
1.01485
1.01488
1.01492
1.01496
1.015
1.01503
1.01507
1.01511
1.01516
1.01357
0.984682
0.984682
0.984675
0.984668
0.984664
0.98466
0.984657
0.984655
0.984655
0.984655
0.984655
0.984656
0.984658
0.984659
0.98466
0.984661
0.984662
0.984663
0.984664
0.984664
0.984664
0.984665
0.984665
0.984665
0.984665
0.984665
0.984665
0.984666
0.984666
0.984667
0.984668
0.984668
0.98467
0.984671
0.984672
0.984674
0.984676
0.984678
0.98468
0.984682
0.984685
0.984687
0.98469
0.984693
0.984696
0.9847
0.984703
0.984707
0.984711
0.984715
0.984719
0.984723
0.984727
0.984731
0.984736
0.98474
0.984745
0.98475
0.984754
0.984754
1.01429
1.01436
1.01441
1.01446
1.01451
1.01456
1.0146
1.01464
1.01467
1.0147
1.01473
1.01476
1.01478
1.01482
1.01485
1.01489
1.01492
1.01496
1.01499
1.01503
1.01507
1.01511
1.01515
1.01503
0.997434
0.984699
0.984683
0.984674
0.984667
0.984662
0.984659
0.984656
0.984655
0.984655
0.984656
0.984658
0.984659
0.984661
0.984662
0.984663
0.984664
0.984665
0.984665
0.984665
0.984665
0.984665
0.984665
0.984665
0.984665
0.984665
0.984665
0.984665
0.984666
0.984666
0.984667
0.984668
0.984668
0.98467
0.984671
0.984673
0.984674
0.984676
0.984679
0.984681
0.984683
0.984686
0.984689
0.984692
0.984695
0.984699
0.984702
0.984706
0.98471
0.984714
0.984718
0.984722
0.984726
0.984731
0.984735
0.98474
0.984744
0.98475
0.984754
0.984754
1.01429
1.01436
1.01442
1.01447
1.01453
1.01458
1.01462
1.01466
1.01469
1.01472
1.01475
1.01477
1.0148
1.01483
1.01486
1.01489
1.01493
1.01496
1.015
1.01503
1.01507
1.0151
1.01514
1.01518
1.01372
0.984688
0.984684
0.984676
0.984669
0.984663
0.984658
0.984656
0.984655
0.984655
0.984657
0.984659
0.984661
0.984663
0.984664
0.984666
0.984666
0.984667
0.984667
0.984667
0.984667
0.984666
0.984666
0.984666
0.984665
0.984665
0.984665
0.984665
0.984665
0.984665
0.984666
0.984666
0.984667
0.984668
0.98467
0.984671
0.984673
0.984675
0.984677
0.98468
0.984682
0.984685
0.984688
0.984691
0.984694
0.984698
0.984701
0.984705
0.984709
0.984713
0.984717
0.984722
0.984726
0.98473
0.984735
0.984739
0.984744
0.984749
0.984754
0.984754
1.01429
1.01436
1.01442
1.01449
1.01455
1.01461
1.01465
1.01469
1.01472
1.01475
1.01477
1.0148
1.01482
1.01485
1.01488
1.01491
1.01494
1.01497
1.015
1.01503
1.01507
1.0151
1.01513
1.01516
1.015
0.995576
0.984685
0.984677
0.984669
0.984662
0.984656
0.984654
0.984653
0.984654
0.984657
0.984659
0.984662
0.984665
0.984667
0.984668
0.984669
0.984669
0.984669
0.984669
0.984668
0.984667
0.984667
0.984666
0.984665
0.984665
0.984664
0.984664
0.984664
0.984664
0.984664
0.984665
0.984666
0.984667
0.984668
0.98467
0.984671
0.984673
0.984676
0.984678
0.984681
0.984683
0.984686
0.98469
0.984693
0.984697
0.9847
0.984704
0.984708
0.984712
0.984716
0.984721
0.984725
0.98473
0.984734
0.984739
0.984744
0.984748
0.984753
0.984754
1.0143
1.01437
1.01444
1.01451
1.01458
1.01464
1.01469
1.01473
1.01476
1.01478
1.0148
1.01482
1.01485
1.01487
1.01489
1.01492
1.01495
1.01498
1.01501
1.01504
1.01506
1.01509
1.01512
1.01515
1.01518
1.01313
0.984549
0.984677
0.984668
0.984659
0.984652
0.984649
0.98465
0.984652
0.984656
0.98466
0.984664
0.984667
0.98467
0.984671
0.984672
0.984672
0.984672
0.984671
0.98467
0.984668
0.984667
0.984666
0.984665
0.984664
0.984664
0.984663
0.984663
0.984663
0.984663
0.984664
0.984664
0.984665
0.984666
0.984668
0.98467
0.984672
0.984674
0.984676
0.984679
0.984682
0.984685
0.984688
0.984692
0.984695
0.984699
0.984703
0.984707
0.984711
0.984716
0.98472
0.984725
0.984729
0.984734
0.984739
0.984744
0.984748
0.984752
0.984754
1.0143
1.01438
1.01446
1.01455
1.01462
1.01468
1.01473
1.01477
1.01479
1.01481
1.01483
1.01485
1.01487
1.01489
1.01491
1.01494
1.01496
1.01499
1.01501
1.01504
1.01506
1.01509
1.01511
1.01514
1.01516
1.01501
1.01116
0.98469
0.984668
0.984652
0.984643
0.984641
0.984643
0.984649
0.984655
0.98466
0.984666
0.98467
0.984673
0.984675
0.984676
0.984675
0.984674
0.984673
0.984671
0.98467
0.984668
0.984666
0.984665
0.984664
0.984663
0.984662
0.984662
0.984661
0.984661
0.984662
0.984662
0.984663
0.984664
0.984666
0.984668
0.98467
0.984672
0.984674
0.984677
0.98468
0.984683
0.984687
0.98469
0.984694
0.984698
0.984702
0.984706
0.98471
0.984715
0.984719
0.984724
0.984729
0.984733
0.984738
0.984743
0.984748
0.984752
0.984754
1.01431
1.0144
1.01449
1.01458
1.01466
1.01473
1.01477
1.0148
1.01482
1.01484
1.01486
1.01488
1.01489
1.01491
1.01493
1.01496
1.01498
1.015
1.01502
1.01504
1.01506
1.01508
1.0151
1.01512
1.01515
1.01517
1.01484
0.994351
0.984663
0.98464
0.984628
0.984627
0.984634
0.984645
0.984653
0.984661
0.984668
0.984674
0.984678
0.98468
0.98468
0.984679
0.984677
0.984675
0.984673
0.984671
0.984668
0.984666
0.984665
0.984663
0.984662
0.984661
0.98466
0.98466
0.98466
0.98466
0.98466
0.984661
0.984662
0.984664
0.984665
0.984667
0.98467
0.984672
0.984675
0.984678
0.984681
0.984685
0.984688
0.984692
0.984696
0.9847
0.984705
0.984709
0.984714
0.984718
0.984723
0.984728
0.984733
0.984738
0.984743
0.984747
0.984751
0.984754
1.01431
1.01442
1.01453
1.01463
1.01471
1.01477
1.01481
1.01483
1.01485
1.01487
1.01488
1.0149
1.01492
1.01493
1.01495
1.01497
1.01499
1.01501
1.01502
1.01504
1.01506
1.01508
1.01509
1.01511
1.01513
1.01515
1.01517
1.01368
0.984225
0.984616
0.984604
0.984606
0.984621
0.984642
0.984651
0.98466
0.984671
0.984678
0.984683
0.984685
0.984685
0.984683
0.984681
0.984678
0.984675
0.984672
0.984669
0.984666
0.984664
0.984662
0.984661
0.98466
0.984659
0.984658
0.984658
0.984658
0.984658
0.984659
0.98466
0.984661
0.984663
0.984665
0.984667
0.98467
0.984673
0.984676
0.984679
0.984683
0.984686
0.98469
0.984694
0.984699
0.984703
0.984708
0.984712
0.984717
0.984722
0.984727
0.984732
0.984737
0.984742
0.984747
0.984751
0.984754
1.01432
1.01444
1.01456
1.01466
1.01475
1.01481
1.01484
1.01486
1.01488
1.01489
1.01491
1.01492
1.01494
1.01495
1.01497
1.01498
1.015
1.01501
1.01503
1.01504
1.01506
1.01507
1.01509
1.0151
1.01511
1.01513
1.01514
1.01503
1.01301
0.992091
0.984567
0.984573
0.984604
0.984649
0.984649
0.984658
0.984675
0.984684
0.984691
0.984692
0.984691
0.984688
0.984684
0.98468
0.984676
0.984673
0.984669
0.984666
0.984664
0.984662
0.98466
0.984658
0.984657
0.984656
0.984656
0.984655
0.984656
0.984656
0.984657
0.984658
0.98466
0.984662
0.984665
0.984667
0.98467
0.984673
0.984677
0.98468
0.984684
0.984688
0.984693
0.984697
0.984702
0.984706
0.984711
0.984716
0.984721
0.984726
0.984732
0.984737
0.984742
0.984747
0.984752
0.984754
1.01433
1.01446
1.01458
1.01469
1.01478
1.01483
1.01487
1.01489
1.0149
1.01492
1.01493
1.01494
1.01495
1.01497
1.01498
1.01499
1.01501
1.01502
1.01503
1.01504
1.01505
1.01506
1.01507
1.01508
1.01509
1.0151
1.01511
1.01512
1.01513
1.01514
1.01515
1.01516
1.01518
1.00521
0.984633
0.984649
0.984687
0.984692
0.984702
0.984702
0.984697
0.984693
0.984688
0.984683
0.984678
0.984673
0.984669
0.984666
0.984663
0.984661
0.984659
0.984657
0.984655
0.984654
0.984653
0.984653
0.984653
0.984653
0.984654
0.984655
0.984657
0.984659
0.984662
0.984664
0.984667
0.984671
0.984674
0.984678
0.984682
0.984686
0.984691
0.984695
0.9847
0.984705
0.98471
0.984715
0.98472
0.984725
0.984731
0.984736
0.984742
0.984747
0.984754
0.984754
1.01433
1.01448
1.01461
1.01472
1.01481
1.01486
1.01489
1.01491
1.01492
1.01493
1.01494
1.01496
1.01497
1.01498
1.01499
1.015
1.01501
1.01502
1.01503
1.01503
1.01504
1.01505
1.01506
1.01506
1.01507
1.01507
1.01508
1.01509
1.01509
1.0151
1.01511
1.01513
1.01511
1.01475
1.01518
1.01519
1.00569
0.98469
0.984721
0.984713
0.984704
0.984698
0.984692
0.984685
0.984678
0.984673
0.984668
0.984665
0.984662
0.984659
0.984657
0.984655
0.984653
0.984652
0.984651
0.98465
0.98465
0.98465
0.984651
0.984652
0.984654
0.984656
0.984658
0.984661
0.984664
0.984668
0.984671
0.984675
0.98468
0.984684
0.984688
0.984693
0.984698
0.984703
0.984708
0.984714
0.984719
0.984724
0.98473
0.984736
0.984741
0.984747
0.984754
0.984754
1.01434
1.01449
1.01463
1.01474
1.01483
1.01488
1.01491
1.01493
1.01494
1.01495
1.01496
1.01497
1.01498
1.01498
1.01499
1.015
1.01501
1.01501
1.01502
1.01502
1.01502
1.01503
1.01503
1.01503
1.01504
1.01504
1.01504
1.01505
1.01505
1.01506
1.01507
1.01509
1.0151
1.01512
1.01514
1.01511
1.01471
1.0152
1.00542
0.984724
0.984705
0.984703
0.984695
0.984686
0.984677
0.984671
0.984666
0.984663
0.984661
0.984658
0.984656
0.984653
0.984651
0.984649
0.984648
0.984647
0.984647
0.984647
0.984647
0.984649
0.98465
0.984652
0.984655
0.984658
0.984661
0.984665
0.984669
0.984673
0.984677
0.984681
0.984686
0.984691
0.984696
0.984701
0.984707
0.984712
0.984718
0.984723
0.984729
0.984735
0.98474
0.984746
0.984753
0.984754
1.01434
1.0145
1.01464
1.01476
1.01484
1.01489
1.01492
1.01494
1.01495
1.01496
1.01496
1.01497
1.01498
1.01498
1.01499
1.01499
1.015
1.015
1.015
1.015
1.015
1.015
1.015
1.015
1.015
1.015
1.01501
1.01501
1.01501
1.01502
1.01503
1.01504
1.01506
1.01507
1.01509
1.01512
1.01514
1.01505
1.01434
1.00069
0.984689
0.984713
0.9847
0.984685
0.984673
0.984667
0.984663
0.984661
0.984659
0.984657
0.984654
0.984652
0.984649
0.984647
0.984645
0.984644
0.984643
0.984643
0.984644
0.984645
0.984646
0.984649
0.984651
0.984654
0.984658
0.984661
0.984665
0.98467
0.984674
0.984679
0.984684
0.984689
0.984694
0.984699
0.984705
0.984711
0.984716
0.984722
0.984728
0.984734
0.984739
0.984745
0.984751
0.984754
1.01435
1.01451
1.01465
1.01477
1.01485
1.0149
1.01493
1.01494
1.01495
1.01496
1.01496
1.01497
1.01497
1.01498
1.01498
1.01498
1.01498
1.01498
1.01498
1.01498
1.01498
1.01498
1.01497
1.01497
1.01497
1.01497
1.01497
1.01497
1.01497
1.01498
1.01499
1.015
1.01501
1.01502
1.01504
1.01506
1.01509
1.01512
1.01515
1.01483
1.0152
1.00732
0.9847
0.984679
0.984665
0.984659
0.984658
0.984658
0.984657
0.984656
0.984653
0.98465
0.984647
0.984644
0.984642
0.98464
0.984639
0.984639
0.984639
0.98464
0.984642
0.984644
0.984647
0.98465
0.984654
0.984658
0.984662
0.984666
0.984671
0.984676
0.984681
0.984686
0.984692
0.984697
0.984703
0.984709
0.984715
0.984721
0.984727
0.984733
0.984739
0.984745
0.984754
0.984754
1.01435
1.01453
1.01467
1.01478
1.01485
1.0149
1.01493
1.01494
1.01495
1.01496
1.01496
1.01496
1.01497
1.01497
1.01497
1.01497
1.01497
1.01496
1.01496
1.01496
1.01495
1.01495
1.01495
1.01494
1.01494
1.01494
1.01493
1.01493
1.01494
1.01494
1.01494
1.01495
1.01496
1.01498
1.01499
1.01501
1.01503
1.01506
1.01509
1.01512
1.01515
1.01465
1.00419
0.984658
0.984646
0.984645
0.98465
0.984654
0.984656
0.984655
0.984652
0.984649
0.984645
0.984641
0.984638
0.984636
0.984635
0.984634
0.984635
0.984636
0.984638
0.98464
0.984643
0.984646
0.98465
0.984654
0.984658
0.984663
0.984668
0.984673
0.984678
0.984684
0.98469
0.984695
0.984701
0.984707
0.984714
0.98472
0.984726
0.984732
0.984738
0.984743
0.98475
0.984754
1.01436
1.01453
1.01468
1.01478
1.01486
1.0149
1.01492
1.01494
1.01495
1.01495
1.01495
1.01495
1.01496
1.01495
1.01495
1.01495
1.01495
1.01494
1.01494
1.01494
1.01493
1.01493
1.01492
1.01492
1.01491
1.01491
1.01491
1.0149
1.0149
1.0149
1.01491
1.01491
1.01492
1.01493
1.01495
1.01496
1.01498
1.01501
1.01504
1.01507
1.0151
1.01512
1.01464
1.01175
0.98446
0.984624
0.984639
0.984651
0.984655
0.984655
0.984652
0.984647
0.984643
0.984638
0.984635
0.984632
0.98463
0.98463
0.98463
0.984631
0.984633
0.984635
0.984638
0.984642
0.984645
0.98465
0.984654
0.984659
0.984664
0.98467
0.984675
0.984681
0.984687
0.984693
0.984699
0.984706
0.984712
0.984718
0.984725
0.984731
0.984737
0.984743
0.984749
0.984754
1.01435
1.01452
1.01467
1.01478
1.01485
1.01489
1.01492
1.01493
1.01494
1.01494
1.01494
1.01494
1.01494
1.01494
1.01494
1.01493
1.01493
1.01493
1.01492
1.01492
1.01491
1.0149
1.0149
1.01489
1.01489
1.01488
1.01488
1.01488
1.01488
1.01488
1.01488
1.01488
1.01488
1.01489
1.01491
1.01492
1.01494
1.01496
1.01499
1.01501
1.01505
1.01508
1.01512
1.01515
1.01492
0.983949
0.98463
0.984651
0.984658
0.984657
0.984652
0.984646
0.98464
0.984635
0.98463
0.984627
0.984625
0.984624
0.984624
0.984625
0.984627
0.98463
0.984633
0.984637
0.984641
0.984645
0.98465
0.984655
0.984661
0.984666
0.984672
0.984678
0.984685
0.984691
0.984697
0.984704
0.98471
0.984717
0.984724
0.98473
0.984737
0.984743
0.98475
0.984754
1.01435
1.01452
1.01466
1.01477
1.01484
1.01489
1.01491
1.01492
1.01493
1.01493
1.01493
1.01493
1.01493
1.01493
1.01492
1.01492
1.01491
1.01491
1.0149
1.0149
1.01489
1.01489
1.01488
1.01487
1.01487
1.01486
1.01486
1.01486
1.01485
1.01485
1.01485
1.01485
1.01485
1.01486
1.01487
1.01488
1.0149
1.01492
1.01494
1.01497
1.015
1.01503
1.01507
1.0151
1.01489
1.01305
0.984582
0.984662
0.984667
0.984661
0.984653
0.984645
0.984637
0.98463
0.984625
0.984622
0.984619
0.984618
0.984618
0.98462
0.984622
0.984624
0.984628
0.984632
0.984636
0.984641
0.984646
0.984651
0.984657
0.984663
0.984669
0.984675
0.984682
0.984688
0.984695
0.984702
0.984709
0.984716
0.984723
0.984729
0.984736
0.984744
0.984752
0.984754
1.01435
1.01451
1.01465
1.01476
1.01483
1.01487
1.0149
1.01491
1.01491
1.01492
1.01492
1.01492
1.01491
1.01491
1.01491
1.0149
1.0149
1.01489
1.01489
1.01488
1.01488
1.01487
1.01486
1.01486
1.01485
1.01485
1.01484
1.01484
1.01483
1.01483
1.01483
1.01483
1.01483
1.01483
1.01484
1.01485
1.01486
1.01488
1.0149
1.01493
1.01495
1.01499
1.01502
1.01506
1.0151
1.01515
1.00879
0.984695
0.984682
0.984667
0.984654
0.984642
0.984633
0.984625
0.984619
0.984615
0.984613
0.984612
0.984612
0.984613
0.984615
0.984618
0.984622
0.984626
0.984631
0.984636
0.984641
0.984647
0.984653
0.984659
0.984666
0.984672
0.984679
0.984686
0.984693
0.9847
0.984707
0.984714
0.984721
0.984729
0.984736
0.984743
0.98475
0.984754
1.01435
1.01451
1.01464
1.01475
1.01482
1.01486
1.01488
1.01489
1.0149
1.0149
1.0149
1.0149
1.0149
1.0149
1.01489
1.01489
1.01488
1.01488
1.01487
1.01487
1.01486
1.01486
1.01485
1.01484
1.01484
1.01483
1.01483
1.01482
1.01482
1.01482
1.01481
1.01481
1.01481
1.01481
1.01482
1.01482
1.01483
1.01485
1.01486
1.01489
1.01491
1.01494
1.01498
1.01502
1.01507
1.01512
1.01502
0.990598
0.984698
0.98467
0.984652
0.984638
0.984627
0.984618
0.984612
0.984608
0.984605
0.984604
0.984605
0.984606
0.984609
0.984612
0.984616
0.98462
0.984625
0.984631
0.984636
0.984643
0.984649
0.984655
0.984662
0.984669
0.984676
0.984683
0.98469
0.984698
0.984705
0.984713
0.98472
0.984728
0.984735
0.984742
0.984749
0.984753
1.01434
1.0145
1.01463
1.01473
1.0148
1.01484
1.01487
1.01488
1.01488
1.01488
1.01488
1.01488
1.01488
1.01488
1.01488
1.01487
1.01487
1.01486
1.01486
1.01486
1.01485
1.01484
1.01484
1.01483
1.01483
1.01482
1.01482
1.01481
1.01481
1.0148
1.0148
1.01479
1.01479
1.01479
1.01479
1.0148
1.01481
1.01482
1.01483
1.01485
1.01488
1.0149
1.01494
1.01498
1.01502
1.01508
1.01488
1.01375
0.984671
0.984664
0.984646
0.984631
0.984618
0.984609
0.984603
0.984599
0.984597
0.984596
0.984597
0.984599
0.984601
0.984605
0.984609
0.984614
0.984619
0.984625
0.984631
0.984638
0.984644
0.984651
0.984658
0.984666
0.984673
0.98468
0.984688
0.984696
0.984703
0.984711
0.984719
0.984727
0.984734
0.984742
0.984748
0.984753
1.01434
1.01449
1.01462
1.01472
1.01479
1.01483
1.01485
1.01486
1.01486
1.01487
1.01487
1.01487
1.01486
1.01486
1.01486
1.01486
1.01485
1.01485
1.01484
1.01484
1.01484
1.01483
1.01483
1.01482
1.01481
1.01481
1.0148
1.0148
1.01479
1.01479
1.01479
1.01478
1.01478
1.01478
1.01478
1.01478
1.01479
1.01479
1.01481
1.01482
1.01484
1.01487
1.0149
1.01493
1.01498
1.01503
1.01509
1.01515
0.999472
0.984665
0.984639
0.98462
0.984607
0.984598
0.984592
0.984588
0.984587
0.984587
0.984588
0.98459
0.984593
0.984598
0.984602
0.984608
0.984613
0.98462
0.984626
0.984633
0.98464
0.984647
0.984655
0.984662
0.98467
0.984678
0.984686
0.984693
0.984702
0.98471
0.984718
0.984726
0.984734
0.984742
0.984749
0.984754
1.01434
1.01449
1.01461
1.0147
1.01477
1.01481
1.01483
1.01484
1.01484
1.01485
1.01485
1.01485
1.01485
1.01484
1.01484
1.01484
1.01484
1.01483
1.01483
1.01483
1.01482
1.01482
1.01481
1.01481
1.0148
1.0148
1.01479
1.01479
1.01478
1.01478
1.01477
1.01477
1.01477
1.01476
1.01476
1.01476
1.01477
1.01477
1.01478
1.0148
1.01481
1.01483
1.01486
1.0149
1.01494
1.01499
1.01504
1.01505
1.01431
0.984638
0.984625
0.984606
0.984592
0.984584
0.984579
0.984577
0.984576
0.984577
0.984578
0.984581
0.984585
0.98459
0.984595
0.984601
0.984607
0.984614
0.984621
0.984628
0.984635
0.984643
0.984651
0.984659
0.984667
0.984675
0.984683
0.984691
0.9847
0.984708
0.984716
0.984725
0.984733
0.984741
0.98475
0.984754
1.01434
1.01448
1.0146
1.01469
1.01475
1.01478
1.01481
1.01482
1.01482
1.01483
1.01483
1.01483
1.01483
1.01482
1.01482
1.01482
1.01482
1.01482
1.01481
1.01481
1.01481
1.0148
1.0148
1.01479
1.01479
1.01478
1.01478
1.01478
1.01477
1.01477
1.01476
1.01476
1.01476
1.01475
1.01475
1.01475
1.01475
1.01476
1.01476
1.01477
1.01479
1.01481
1.01483
1.01486
1.0149
1.01494
1.015
1.01506
1.01513
0.995115
0.984615
0.984588
0.984575
0.984568
0.984565
0.984563
0.984564
0.984565
0.984568
0.984572
0.984576
0.984581
0.984587
0.984594
0.9846
0.984607
0.984615
0.984623
0.98463
0.984638
0.984647
0.984655
0.984663
0.984672
0.98468
0.984689
0.984698
0.984706
0.984715
0.984724
0.984732
0.984741
0.984754
0.984754
1.01434
1.01447
1.01459
1.01467
1.01473
1.01476
1.01479
1.0148
1.0148
1.01481
1.01481
1.01481
1.01481
1.0148
1.0148
1.0148
1.0148
1.0148
1.01479
1.01479
1.01479
1.01479
1.01478
1.01478
1.01477
1.01477
1.01477
1.01476
1.01476
1.01476
1.01475
1.01475
1.01474
1.01474
1.01474
1.01474
1.01474
1.01474
1.01475
1.01476
1.01477
1.01478
1.0148
1.01483
1.01486
1.0149
1.01495
1.01501
1.015
1.01418
0.984551
0.98456
0.984555
0.984551
0.984549
0.984549
0.98455
0.984553
0.984557
0.984562
0.984567
0.984573
0.984579
0.984586
0.984593
0.984601
0.984609
0.984617
0.984625
0.984634
0.984642
0.984651
0.98466
0.984669
0.984678
0.984686
0.984695
0.984704
0.984714
0.984723
0.984732
0.98474
0.984749
0.984754
1.01433
1.01446
1.01457
1.01465
1.01471
1.01474
1.01476
1.01478
1.01478
1.01479
1.01479
1.01479
1.01479
1.01478
1.01478
1.01478
1.01478
1.01478
1.01478
1.01477
1.01477
1.01477
1.01477
1.01476
1.01476
1.01476
1.01475
1.01475
1.01475
1.01474
1.01474
1.01474
1.01473
1.01473
1.01473
1.01473
1.01473
1.01473
1.01473
1.01474
1.01475
1.01476
1.01478
1.0148
1.01483
1.01486
1.01491
1.01497
1.01504
1.01511
0.984534
0.984551
0.98454
0.984533
0.984532
0.984533
0.984536
0.98454
0.984545
0.984551
0.984557
0.984564
0.984571
0.984578
0.984586
0.984595
0.984603
0.984612
0.98462
0.984629
0.984638
0.984647
0.984656
0.984666
0.984675
0.984684
0.984693
0.984703
0.984712
0.984721
0.984731
0.98474
0.984748
0.984754
1.01433
1.01445
1.01455
1.01463
1.01469
1.01472
1.01474
1.01476
1.01476
1.01477
1.01477
1.01477
1.01477
1.01477
1.01476
1.01476
1.01476
1.01476
1.01476
1.01476
1.01475
1.01475
1.01475
1.01475
1.01474
1.01474
1.01474
1.01474
1.01473
1.01473
1.01473
1.01472
1.01472
1.01472
1.01472
1.01471
1.01471
1.01471
1.01472
1.01472
1.01473
1.01474
1.01475
1.01477
1.0148
1.01483
1.01487
1.01493
1.015
1.01509
1.00433
0.984564
0.984526
0.984514
0.984513
0.984516
0.984521
0.984527
0.984533
0.98454
0.984547
0.984554
0.984562
0.98457
0.984579
0.984588
0.984597
0.984606
0.984615
0.984625
0.984634
0.984643
0.984653
0.984663
0.984672
0.984682
0.984691
0.984701
0.984711
0.98472
0.98473
0.98474
0.984751
0.984754
1.01432
1.01444
1.01454
1.01461
1.01467
1.0147
1.01472
1.01474
1.01474
1.01475
1.01475
1.01475
1.01475
1.01475
1.01475
1.01474
1.01474
1.01474
1.01474
1.01474
1.01474
1.01473
1.01473
1.01473
1.01473
1.01473
1.01472
1.01472
1.01472
1.01472
1.01471
1.01471
1.01471
1.01471
1.0147
1.0147
1.0147
1.0147
1.0147
1.01471
1.01471
1.01472
1.01473
1.01475
1.01477
1.0148
1.01484
1.01489
1.01496
1.01504
1.01422
0.984503
0.984496
0.98449
0.984492
0.984497
0.984504
0.984512
0.98452
0.984528
0.984536
0.984545
0.984553
0.984562
0.984572
0.984581
0.984591
0.9846
0.98461
0.98462
0.98463
0.98464
0.984649
0.984659
0.984669
0.984679
0.984689
0.984699
0.984709
0.984719
0.984729
0.98474
0.984753
0.984754
1.01432
1.01443
1.01452
1.0146
1.01465
1.01468
1.01471
1.01472
1.01473
1.01473
1.01473
1.01473
1.01473
1.01473
1.01473
1.01472
1.01472
1.01472
1.01472
1.01472
1.01472
1.01472
1.01471
1.01471
1.01471
1.01471
1.01471
1.01471
1.0147
1.0147
1.0147
1.0147
1.0147
1.01469
1.01469
1.01469
1.01469
1.01469
1.01469
1.01469
1.0147
1.01471
1.01471
1.01473
1.01474
1.01477
1.01481
1.01486
1.01491
1.01498
1.01506
0.992027
0.984467
0.98446
0.984467
0.984477
0.984487
0.984497
0.984506
0.984516
0.984525
0.984535
0.984544
0.984554
0.984564
0.984574
0.984584
0.984595
0.984605
0.984615
0.984625
0.984636
0.984646
0.984656
0.984666
0.984677
0.984687
0.984697
0.984707
0.984718
0.984728
0.984739
0.98475
0.984754
1.01432
1.01442
1.01451
1.01458
1.01463
1.01467
1.01469
1.0147
1.01471
1.01471
1.01471
1.01471
1.01471
1.01471
1.01471
1.01471
1.0147
1.0147
1.0147
1.0147
1.0147
1.0147
1.0147
1.0147
1.01469
1.01469
1.01469
1.01469
1.01469
1.01469
1.01469
1.01468
1.01468
1.01468
1.01468
1.01468
1.01468
1.01468
1.01468
1.01468
1.01468
1.01469
1.0147
1.01471
1.01472
1.01475
1.01478
1.01482
1.01488
1.01494
1.01501
1.0135
0.98438
0.984416
0.984439
0.984456
0.984469
0.984482
0.984493
0.984504
0.984514
0.984525
0.984535
0.984546
0.984557
0.984567
0.984578
0.984589
0.9846
0.98461
0.984621
0.984632
0.984642
0.984653
0.984664
0.984674
0.984685
0.984695
0.984706
0.984716
0.984727
0.984737
0.984747
0.984754
1.01432
1.01441
1.0145
1.01457
1.01462
1.01465
1.01467
1.01469
1.01469
1.0147
1.0147
1.0147
1.01469
1.01469
1.01469
1.01469
1.01469
1.01469
1.01468
1.01468
1.01468
1.01468
1.01468
1.01468
1.01468
1.01468
1.01468
1.01468
1.01467
1.01467
1.01467
1.01467
1.01467
1.01467
1.01467
1.01467
1.01467
1.01467
1.01467
1.01467
1.01467
1.01468
1.01468
1.01469
1.0147
1.01472
1.01475
1.01479
1.01485
1.01491
1.01497
1.01504
0.984326
0.984384
0.984415
0.984436
0.984452
0.984467
0.984479
0.984491
0.984503
0.984515
0.984526
0.984538
0.984549
0.98456
0.984572
0.984583
0.984595
0.984606
0.984617
0.984628
0.984639
0.98465
0.984661
0.984672
0.984683
0.984693
0.984704
0.984715
0.984726
0.984736
0.984746
0.984752
1.01431
1.01441
1.01449
1.01456
1.0146
1.01464
1.01466
1.01467
1.01468
1.01468
1.01468
1.01468
1.01468
1.01467
1.01467
1.01467
1.01467
1.01467
1.01467
1.01466
1.01466
1.01466
1.01466
1.01466
1.01466
1.01466
1.01466
1.01466
1.01466
1.01466
1.01466
1.01466
1.01466
1.01466
1.01466
1.01466
1.01466
1.01465
1.01466
1.01466
1.01466
1.01466
1.01467
1.01467
1.01468
1.0147
1.01473
1.01477
1.01482
1.01488
1.01495
1.01502
0.984321
0.984372
0.984398
0.984419
0.984437
0.984452
0.984466
0.984479
0.984492
0.984505
0.984517
0.984529
0.984542
0.984554
0.984566
0.984578
0.984589
0.984601
0.984613
0.984624
0.984636
0.984647
0.984658
0.984669
0.98468
0.984691
0.984703
0.984714
0.984725
0.984736
0.984746
0.984752
1.01431
1.0144
1.01448
1.01455
1.01459
1.01463
1.01465
1.01466
1.01467
1.01467
1.01467
1.01466
1.01466
1.01466
1.01466
1.01465
1.01465
1.01465
1.01465
1.01465
1.01465
1.01465
1.01465
1.01465
1.01465
1.01464
1.01464
1.01464
1.01464
1.01464
1.01464
1.01464
1.01464
1.01464
1.01464
1.01464
1.01464
1.01464
1.01464
1.01464
1.01464
1.01465
1.01465
1.01466
1.01466
1.01468
1.0147
1.01474
1.01479
1.01485
1.01492
1.01501
1.00109
0.984375
0.984384
0.984403
0.984422
0.984438
0.984454
0.984468
0.984482
0.984495
0.984508
0.984521
0.984534
0.984547
0.98456
0.984572
0.984584
0.984597
0.984609
0.984621
0.984632
0.984644
0.984656
0.984667
0.984678
0.98469
0.984701
0.984712
0.984724
0.984736
0.984746
0.984754
1.01431
1.0144
1.01447
1.01454
1.01458
1.01461
1.01463
1.01465
1.01465
1.01465
1.01465
1.01465
1.01465
1.01464
1.01464
1.01464
1.01463
1.01463
1.01463
1.01463
1.01463
1.01463
1.01463
1.01463
1.01463
1.01463
1.01463
1.01463
1.01463
1.01463
1.01463
1.01463
1.01463
1.01463
1.01463
1.01463
1.01463
1.01463
1.01463
1.01463
1.01463
1.01463
1.01463
1.01464
1.01465
1.01466
1.01468
1.01471
1.01476
1.01483
1.0149
1.01498
1.014
0.984318
0.984359
0.984387
0.984408
0.984425
0.984441
0.984456
0.984471
0.984485
0.9845
0.984513
0.984527
0.984541
0.984554
0.984567
0.98458
0.984592
0.984605
0.984617
0.984629
0.984641
0.984653
0.984665
0.984676
0.984688
0.9847
0.984711
0.984723
0.984735
0.984748
0.984754
1.01431
1.01439
1.01447
1.01453
1.01457
1.0146
1.01462
1.01464
1.01464
1.01464
1.01464
1.01464
1.01463
1.01463
1.01462
1.01462
1.01462
1.01462
1.01461
1.01461
1.01461
1.01461
1.01461
1.01461
1.01461
1.01461
1.01461
1.01461
1.01461
1.01462
1.01462
1.01462
1.01462
1.01462
1.01462
1.01462
1.01462
1.01462
1.01462
1.01462
1.01462
1.01462
1.01462
1.01462
1.01463
1.01464
1.01466
1.01469
1.01473
1.0148
1.01487
1.01495
1.01502
0.984283
0.984343
0.984374
0.984395
0.984412
0.984429
0.984445
0.98446
0.984476
0.984491
0.984506
0.98452
0.984534
0.984548
0.984562
0.984575
0.984588
0.984601
0.984614
0.984626
0.984638
0.984651
0.984663
0.984674
0.984686
0.984698
0.98471
0.984722
0.984735
0.984752
0.984754
1.01431
1.01439
1.01446
1.01452
1.01456
1.01459
1.01461
1.01462
1.01463
1.01463
1.01463
1.01462
1.01462
1.01461
1.01461
1.0146
1.0146
1.0146
1.0146
1.0146
1.0146
1.0146
1.0146
1.0146
1.0146
1.0146
1.0146
1.0146
1.0146
1.0146
1.0146
1.0146
1.0146
1.0146
1.0146
1.01461
1.01461
1.0146
1.0146
1.0146
1.0146
1.0146
1.0146
1.01461
1.01461
1.01462
1.01463
1.01466
1.01471
1.01477
1.01484
1.01493
1.01501
0.984294
0.984347
0.984368
0.984384
0.9844
0.984416
0.984433
0.98445
0.984466
0.984483
0.984498
0.984514
0.984528
0.984543
0.984557
0.984571
0.984584
0.984597
0.98461
0.984623
0.984636
0.984648
0.98466
0.984673
0.984685
0.984697
0.984709
0.984722
0.984734
0.984747
0.984754
1.0143
1.01439
1.01446
1.01451
1.01455
1.01458
1.0146
1.01461
1.01462
1.01462
1.01461
1.01461
1.0146
1.0146
1.01459
1.01459
1.01459
1.01458
1.01458
1.01458
1.01458
1.01458
1.01458
1.01458
1.01458
1.01458
1.01458
1.01459
1.01459
1.01459
1.01459
1.01459
1.01459
1.01459
1.01459
1.01459
1.01459
1.01459
1.01459
1.01459
1.01459
1.01459
1.01459
1.01459
1.01459
1.0146
1.01461
1.01464
1.01468
1.01474
1.01482
1.01491
1.01501
0.994508
0.984373
0.984364
0.984371
0.984385
0.984402
0.984421
0.984439
0.984457
0.984474
0.984491
0.984507
0.984523
0.984538
0.984552
0.984566
0.98458
0.984594
0.984607
0.98462
0.984633
0.984646
0.984659
0.984671
0.984683
0.984696
0.984708
0.984721
0.984734
0.984745
0.984754
1.0143
1.01438
1.01445
1.01451
1.01455
1.01458
1.01459
1.0146
1.01461
1.01461
1.0146
1.0146
1.01459
1.01458
1.01458
1.01457
1.01457
1.01457
1.01457
1.01457
1.01457
1.01457
1.01457
1.01457
1.01457
1.01457
1.01457
1.01457
1.01457
1.01457
1.01457
1.01458
1.01458
1.01458
1.01458
1.01458
1.01458
1.01458
1.01458
1.01458
1.01458
1.01457
1.01457
1.01457
1.01457
1.01458
1.01459
1.01461
1.01465
1.0147
1.01478
1.01488
1.01443
1.00783
0.984383
0.984343
0.984348
0.984366
0.984387
0.984408
0.984429
0.984448
0.984467
0.984484
0.984501
0.984517
0.984533
0.984548
0.984563
0.984577
0.984591
0.984604
0.984618
0.984631
0.984644
0.984657
0.984669
0.984682
0.984695
0.984707
0.98472
0.984733
0.984745
0.984753
1.0143
1.01438
1.01444
1.0145
1.01454
1.01457
1.01459
1.0146
1.0146
1.0146
1.01459
1.01458
1.01458
1.01457
1.01456
1.01456
1.01456
1.01455
1.01455
1.01455
1.01455
1.01455
1.01455
1.01455
1.01455
1.01455
1.01456
1.01456
1.01456
1.01456
1.01456
1.01456
1.01456
1.01456
1.01457
1.01457
1.01457
1.01456
1.01456
1.01456
1.01456
1.01456
1.01456
1.01456
1.01456
1.01456
1.01457
1.01458
1.01462
1.01467
1.01474
1.01483
1.01494
1.01503
0.984244
0.984279
0.984311
0.984341
0.984369
0.984395
0.984418
0.984439
0.984459
0.984478
0.984496
0.984513
0.984529
0.984544
0.984559
0.984574
0.984588
0.984602
0.984615
0.984629
0.984642
0.984655
0.984668
0.984681
0.984694
0.984706
0.98472
0.984733
0.984745
0.984753
1.0143
1.01438
1.01444
1.01449
1.01453
1.01456
1.01458
1.01459
1.01459
1.01459
1.01458
1.01457
1.01456
1.01456
1.01455
1.01455
1.01454
1.01454
1.01454
1.01454
1.01454
1.01454
1.01454
1.01454
1.01454
1.01454
1.01454
1.01454
1.01455
1.01455
1.01455
1.01455
1.01455
1.01455
1.01455
1.01455
1.01455
1.01455
1.01455
1.01455
1.01455
1.01455
1.01454
1.01454
1.01454
1.01454
1.01455
1.01456
1.01459
1.01463
1.0147
1.01478
1.01487
1.01495
0.984124
0.984214
0.984273
0.984317
0.984352
0.984382
0.984408
0.984432
0.984453
0.984473
0.984491
0.984508
0.984525
0.984541
0.984556
0.984571
0.984585
0.984599
0.984613
0.984627
0.98464
0.984654
0.984667
0.98468
0.984693
0.984705
0.984719
0.984732
0.984744
0.984752
1.0143
1.01437
1.01443
1.01449
1.01453
1.01455
1.01457
1.01458
1.01458
1.01458
1.01457
1.01456
1.01455
1.01455
1.01454
1.01453
1.01453
1.01453
1.01453
1.01452
1.01452
1.01452
1.01452
1.01453
1.01453
1.01453
1.01453
1.01453
1.01453
1.01453
1.01454
1.01454
1.01454
1.01454
1.01454
1.01454
1.01454
1.01454
1.01454
1.01454
1.01453
1.01453
1.01453
1.01453
1.01452
1.01452
1.01453
1.01454
1.01457
1.01461
1.01467
1.01474
1.01483
1.01491
0.984056
0.98417
0.984244
0.984297
0.984338
0.984372
0.9844
0.984425
0.984447
0.984468
0.984487
0.984504
0.984521
0.984538
0.984553
0.984568
0.984583
0.984597
0.984611
0.984625
0.984639
0.984652
0.984665
0.984679
0.984692
0.984705
0.984718
0.984731
0.984744
0.984753
1.0143
1.01437
1.01443
1.01448
1.01452
1.01455
1.01456
1.01457
1.01457
1.01457
1.01456
1.01455
1.01454
1.01454
1.01453
1.01452
1.01452
1.01452
1.01451
1.01451
1.01451
1.01451
1.01451
1.01451
1.01451
1.01452
1.01452
1.01452
1.01452
1.01452
1.01452
1.01453
1.01453
1.01453
1.01453
1.01453
1.01453
1.01453
1.01452
1.01452
1.01452
1.01452
1.01452
1.01451
1.01451
1.01451
1.01451
1.01453
1.01455
1.01459
1.01464
1.01472
1.01481
1.0149
0.984045
0.984158
0.984232
0.984286
0.984329
0.984364
0.984394
0.98442
0.984443
0.984464
0.984483
0.984501
0.984518
0.984535
0.984551
0.984566
0.984581
0.984595
0.984609
0.984623
0.984637
0.984651
0.984664
0.984678
0.984691
0.984704
0.984717
0.984731
0.984745
0.984754
1.0143
1.01437
1.01442
1.01447
1.01451
1.01454
1.01455
1.01456
1.01456
1.01456
1.01455
1.01454
1.01454
1.01453
1.01452
1.01451
1.01451
1.0145
1.0145
1.0145
1.0145
1.0145
1.0145
1.0145
1.0145
1.0145
1.01451
1.01451
1.01451
1.01451
1.01451
1.01451
1.01451
1.01452
1.01452
1.01452
1.01451
1.01451
1.01451
1.01451
1.01451
1.01451
1.0145
1.0145
1.0145
1.0145
1.0145
1.01451
1.01453
1.01457
1.01463
1.0147
1.01479
1.0149
0.996146
0.984176
0.984233
0.984283
0.984325
0.98436
0.98439
0.984416
0.98444
0.984461
0.984481
0.984499
0.984516
0.984533
0.984549
0.984564
0.984579
0.984594
0.984608
0.984622
0.984636
0.98465
0.984663
0.984677
0.98469
0.984703
0.984717
0.984731
0.984748
0.984754
1.0143
1.01436
1.01442
1.01446
1.0145
1.01453
1.01454
1.01455
1.01455
1.01455
1.01454
1.01454
1.01453
1.01452
1.01451
1.0145
1.0145
1.01449
1.01449
1.01449
1.01449
1.01449
1.01449
1.01449
1.01449
1.01449
1.01449
1.0145
1.0145
1.0145
1.0145
1.0145
1.0145
1.0145
1.0145
1.0145
1.0145
1.0145
1.0145
1.0145
1.0145
1.01449
1.01449
1.01449
1.01449
1.01449
1.01449
1.0145
1.01452
1.01456
1.01461
1.01469
1.01478
1.01489
0.995907
0.984189
0.984239
0.984284
0.984324
0.984358
0.984388
0.984414
0.984438
0.984459
0.984479
0.984497
0.984514
0.984531
0.984547
0.984562
0.984577
0.984592
0.984607
0.984621
0.984635
0.984649
0.984662
0.984676
0.984689
0.984703
0.984716
0.984731
0.984745
0.984754
1.01429
1.01436
1.01441
1.01446
1.01449
1.01451
1.01453
1.01454
1.01454
1.01454
1.01453
1.01453
1.01452
1.01451
1.0145
1.01449
1.01449
1.01448
1.01448
1.01447
1.01447
1.01447
1.01447
1.01447
1.01448
1.01448
1.01448
1.01448
1.01448
1.01449
1.01449
1.01449
1.01449
1.01449
1.01449
1.01449
1.01449
1.01449
1.01449
1.01449
1.01449
1.01448
1.01448
1.01448
1.01448
1.01448
1.01449
1.0145
1.01452
1.01455
1.01461
1.01468
1.01478
1.0149
0.995962
0.9842
0.984247
0.984289
0.984326
0.984359
0.984388
0.984414
0.984437
0.984458
0.984478
0.984496
0.984513
0.98453
0.984545
0.984561
0.984576
0.984591
0.984605
0.98462
0.984634
0.984648
0.984661
0.984675
0.984689
0.984702
0.984716
0.98473
0.984743
0.984753
1.01429
1.01435
1.0144
1.01444
1.01448
1.0145
1.01452
1.01453
1.01453
1.01453
1.01452
1.01451
1.01451
1.0145
1.01449
1.01448
1.01447
1.01447
1.01446
1.01446
1.01446
1.01446
1.01446
1.01446
1.01446
1.01447
1.01447
1.01447
1.01447
1.01447
1.01448
1.01448
1.01448
1.01448
1.01448
1.01448
1.01448
1.01448
1.01448
1.01448
1.01448
1.01448
1.01447
1.01447
1.01447
1.01447
1.01448
1.01449
1.01452
1.01455
1.01461
1.01468
1.01478
1.0149
0.995928
0.984211
0.984256
0.984296
0.984331
0.984363
0.98439
0.984415
0.984438
0.984458
0.984477
0.984495
0.984512
0.984529
0.984544
0.98456
0.984575
0.98459
0.984604
0.984619
0.984633
0.984647
0.984661
0.984674
0.984688
0.984702
0.984716
0.98473
0.984743
0.984753
1.01429
1.01434
1.01439
1.01443
1.01446
1.01448
1.0145
1.01451
1.01451
1.01451
1.01451
1.0145
1.01449
1.01449
1.01448
1.01447
1.01446
1.01446
1.01445
1.01445
1.01445
1.01445
1.01445
1.01445
1.01445
1.01445
1.01445
1.01446
1.01446
1.01446
1.01446
1.01446
1.01447
1.01447
1.01447
1.01447
1.01447
1.01447
1.01447
1.01447
1.01447
1.01447
1.01447
1.01447
1.01447
1.01447
1.01448
1.01449
1.01452
1.01456
1.01462
1.01469
1.01479
1.01491
0.995968
0.984226
0.984269
0.984306
0.984339
0.984368
0.984394
0.984418
0.984439
0.984459
0.984477
0.984495
0.984512
0.984528
0.984544
0.984559
0.984574
0.984589
0.984603
0.984618
0.984632
0.984646
0.98466
0.984674
0.984688
0.984701
0.984715
0.98473
0.984745
0.984754
1.01429
1.01434
1.01438
1.01442
1.01445
1.01447
1.01448
1.01449
1.0145
1.0145
1.01449
1.01449
1.01448
1.01447
1.01446
1.01446
1.01445
1.01444
1.01444
1.01444
1.01443
1.01443
1.01443
1.01444
1.01444
1.01444
1.01444
1.01444
1.01444
1.01445
1.01445
1.01445
1.01445
1.01446
1.01446
1.01446
1.01446
1.01446
1.01446
1.01446
1.01446
1.01446
1.01446
1.01446
1.01446
1.01447
1.01448
1.0145
1.01453
1.01457
1.01463
1.01472
1.01481
1.01492
1.0047
0.984247
0.984285
0.984319
0.984349
0.984375
0.984399
0.984421
0.984442
0.98446
0.984478
0.984495
0.984512
0.984528
0.984543
0.984558
0.984573
0.984588
0.984602
0.984617
0.984631
0.984645
0.984659
0.984673
0.984687
0.984701
0.984715
0.98473
0.984749
0.984754
1.01429
1.01433
1.01437
1.0144
1.01443
1.01445
1.01446
1.01447
1.01447
1.01448
1.01447
1.01447
1.01446
1.01446
1.01445
1.01444
1.01443
1.01443
1.01443
1.01442
1.01442
1.01442
1.01442
1.01442
1.01442
1.01442
1.01443
1.01443
1.01443
1.01443
1.01444
1.01444
1.01444
1.01444
1.01445
1.01445
1.01445
1.01445
1.01445
1.01445
1.01445
1.01446
1.01446
1.01446
1.01446
1.01447
1.01448
1.0145
1.01454
1.01459
1.01466
1.01474
1.01484
1.01494
1.00397
0.984275
0.984307
0.984335
0.984361
0.984384
0.984406
0.984426
0.984445
0.984463
0.98448
0.984496
0.984512
0.984527
0.984543
0.984558
0.984572
0.984587
0.984602
0.984616
0.98463
0.984644
0.984658
0.984672
0.984686
0.9847
0.984714
0.984727
0.984743
0.984754
1.01428
1.01432
1.01435
1.01438
1.01441
1.01442
1.01444
1.01445
1.01445
1.01445
1.01445
1.01445
1.01444
1.01444
1.01443
1.01442
1.01442
1.01441
1.01441
1.01441
1.01441
1.01441
1.01441
1.01441
1.01441
1.01441
1.01441
1.01441
1.01442
1.01442
1.01442
1.01442
1.01443
1.01443
1.01443
1.01444
1.01444
1.01444
1.01445
1.01445
1.01445
1.01445
1.01445
1.01446
1.01446
1.01447
1.01449
1.01452
1.01456
1.01461
1.01468
1.01476
1.01486
1.01496
1.00353
0.98431
0.984332
0.984354
0.984375
0.984395
0.984414
0.984431
0.984449
0.984465
0.984481
0.984497
0.984512
0.984527
0.984542
0.984557
0.984572
0.984586
0.984601
0.984615
0.984629
0.984643
0.984658
0.984671
0.984685
0.984699
0.984712
0.984726
0.984744
0.984754
1.01428
1.01431
1.01434
1.01436
1.01438
1.0144
1.01441
1.01442
1.01443
1.01443
1.01443
1.01443
1.01442
1.01442
1.01441
1.01441
1.0144
1.0144
1.0144
1.01439
1.01439
1.01439
1.01439
1.01439
1.0144
1.0144
1.0144
1.0144
1.0144
1.01441
1.01441
1.01441
1.01442
1.01442
1.01442
1.01443
1.01443
1.01444
1.01444
1.01444
1.01444
1.01445
1.01445
1.01446
1.01446
1.01448
1.0145
1.01453
1.01458
1.01464
1.01471
1.01479
1.01488
1.01498
0.995928
0.984349
0.984359
0.984375
0.984391
0.984407
0.984422
0.984437
0.984453
0.984468
0.984483
0.984498
0.984513
0.984527
0.984542
0.984556
0.984571
0.984585
0.9846
0.984614
0.984628
0.984642
0.984656
0.98467
0.984684
0.984698
0.984711
0.984725
0.98474
0.984754
1.01428
1.0143
1.01432
1.01434
1.01436
1.01437
1.01438
1.01439
1.0144
1.0144
1.0144
1.0144
1.0144
1.0144
1.01439
1.01439
1.01439
1.01438
1.01438
1.01438
1.01438
1.01438
1.01438
1.01438
1.01438
1.01439
1.01439
1.01439
1.01439
1.01439
1.0144
1.0144
1.01441
1.01441
1.01442
1.01442
1.01443
1.01443
1.01444
1.01444
1.01444
1.01445
1.01445
1.01446
1.01447
1.01449
1.01451
1.01455
1.0146
1.01466
1.01473
1.01481
1.01489
1.01498
1.01364
0.984355
0.984383
0.984397
0.984408
0.984419
0.984431
0.984444
0.984457
0.984471
0.984485
0.984499
0.984513
0.984527
0.984541
0.984556
0.98457
0.984584
0.984598
0.984613
0.984627
0.984641
0.984655
0.984669
0.984683
0.984697
0.98471
0.984724
0.984737
0.984747
1.01427
1.01429
1.01431
1.01433
1.01434
1.01435
1.01436
1.01437
1.01437
1.01438
1.01438
1.01438
1.01438
1.01438
1.01437
1.01437
1.01437
1.01437
1.01437
1.01437
1.01437
1.01437
1.01437
1.01437
1.01437
1.01438
1.01438
1.01438
1.01438
1.01439
1.01439
1.01439
1.0144
1.01441
1.01441
1.01442
1.01443
1.01443
1.01444
1.01444
1.01444
1.01445
1.01446
1.01447
1.01448
1.0145
1.01453
1.01457
1.01462
1.01468
1.01475
1.01482
1.0149
1.01498
1.01506
0.984397
0.984419
0.984423
0.984426
0.984432
0.98444
0.984449
0.984461
0.984473
0.984486
0.984499
0.984513
0.984527
0.98454
0.984554
0.984568
0.984582
0.984597
0.984611
0.984625
0.984639
0.984653
0.984668
0.984681
0.984695
0.984709
0.984722
0.984735
0.984745
1.01427
1.01428
1.0143
1.01431
1.01432
1.01433
1.01434
1.01434
1.01435
1.01436
1.01436
1.01436
1.01436
1.01436
1.01436
1.01436
1.01435
1.01435
1.01435
1.01435
1.01435
1.01436
1.01436
1.01436
1.01436
1.01437
1.01437
1.01437
1.01438
1.01438
1.01438
1.01439
1.0144
1.0144
1.01441
1.01442
1.01443
1.01443
1.01444
1.01444
1.01445
1.01445
1.01446
1.01448
1.01449
1.01452
1.01455
1.01459
1.01464
1.0147
1.01476
1.01483
1.0149
1.01498
1.01506
0.987058
0.984472
0.98445
0.984443
0.984443
0.984447
0.984454
0.984464
0.984475
0.984487
0.984499
0.984512
0.984526
0.984539
0.984553
0.984566
0.98458
0.984594
0.984609
0.984623
0.984637
0.984651
0.984666
0.98468
0.984694
0.984708
0.984722
0.984736
0.98475
1.01426
1.01427
1.01429
1.01429
1.0143
1.01431
1.01431
1.01432
1.01433
1.01434
1.01435
1.01435
1.01434
1.01434
1.01434
1.01434
1.01434
1.01434
1.01434
1.01434
1.01434
1.01435
1.01435
1.01435
1.01436
1.01436
1.01436
1.01437
1.01437
1.01437
1.01438
1.01438
1.01439
1.0144
1.01108
1.0066
1.00266
1.00016
0.99915
0.999776
1.00061
1.00165
1.00288
1.00431
1.00558
1.00713
1.00774
1.00773
1.00771
1.00755
1.00781
1.00767
1.00807
1.0088
1.00905
1.0133
0.984476
0.984466
0.984455
0.984451
0.984452
0.984457
0.984465
0.984475
0.984486
0.984498
0.984511
0.984524
0.984537
0.98455
0.984564
0.984578
0.984592
0.984606
0.98462
0.984635
0.984649
0.984664
0.984678
0.984692
0.984706
0.984721
0.984739
0.984754
0.998561
0.998956
0.999264
0.99453
0.987301
0.98305
0.980355
0.977334
0.974164
0.970102
0.969055
0.968118
0.967525
0.966495
0.965232
0.964657
0.964459
0.964531
0.964973
0.964788
0.964707
0.964986
0.965156
0.96543
0.965692
0.965754
0.966632
0.967231
0.967745
0.96858
0.968635
0.969682
0.971626
0.973488
0.975525
0.977937
0.979569
0.979797
0.981384
0.981653
0.982325
0.981444
0.981134
0.981485
0.980755
0.979908
0.981207
0.98094
0.980821
0.981149
0.981015
0.980893
0.979801
0.97859
0.978078
0.978011
0.980536
0.98448
0.984461
0.984454
0.984452
0.984455
0.984463
0.984473
0.984485
0.984497
0.98451
0.984522
0.984533
0.984547
0.984561
0.984575
0.984589
0.984603
0.984618
0.984631
0.984646
0.98466
0.984676
0.98469
0.984704
0.984719
0.984735
0.98475
0.384237
0.384078
0.384134
0.382987
0.381396
0.380635
0.381229
0.381637
0.381511
0.383391
0.384718
0.385709
0.387078
0.387598
0.387843
0.388236
0.388794
0.388934
0.388762
0.388232
0.387863
0.388012
0.389091
0.390362
0.391536
0.392207
0.392761
0.393104
0.393148
0.39252
0.391398
0.391699
0.392981
0.394361
0.39554
0.39722
0.39718
0.395921
0.396508
0.396351
0.394519
0.395672
0.396117
0.39541
0.395585
0.394273
0.394487
0.395383
0.395273
0.39545
0.395247
0.395659
0.396077
0.396021
0.397102
0.396323
0.394077
0.39194
0.391948
0.391913
0.390539
0.389669
0.389398
0.389047
0.388693
0.388052
0.387625
0.387088
0.385779
0.38594
0.385543
0.38554
0.385591
0.385676
0.386069
0.385459
0.385192
0.384931
0.38619
0.386044
0.385916
0.386027
0.386446
0.386474
0.0850168
0.0861492
0.0870352
0.0868907
0.0863039
0.0864679
0.0862983
0.0861875
0.0848904
0.0841349
0.0845806
0.0852533
0.0847671
0.0845614
0.0842505
0.083702
0.0832341
0.0832722
0.0828314
0.0816471
0.0804957
0.0794502
0.0789755
0.0788925
0.078771
0.0792964
0.0802061
0.0801959
0.0793969
0.0785058
0.0776733
0.0770709
0.0766279
0.0755193
0.0743172
0.0734326
0.0727024
0.0721693
0.0713147
0.0733519
0.0729651
0.073771
0.0737265
0.0735886
0.0742664
0.0747902
0.0746059
0.0743526
0.0748661
0.0751288
0.0755626
0.0757117
0.0760128
0.0762731
0.0764104
0.0767259
0.0770918
0.0783953
0.0785248
0.0782768
0.0789443
0.0781108
0.0780978
0.0793064
0.0801271
0.0808044
0.080547
0.0805016
0.0808655
0.0818856
0.0825697
0.0831476
0.08364
0.0841871
0.0834989
0.0832741
0.0833348
0.0833496
0.0832701
0.0839869
0.0835519
0.0842022
0.0834971
0.0837356
0.027773
0.0263576
0.0261571
0.0261568
0.0257448
0.0252936
0.0249532
0.0254004
0.025883
0.0263299
0.0267011
0.0270458
0.0272073
0.027294
0.0274959
0.0279131
0.0281435
0.0284693
0.0287896
0.0291079
0.029407
0.0296809
0.0301298
0.0307493
0.0312184
0.0314548
0.0316705
0.0320075
0.0321674
0.0322592
0.0324797
0.0328236
0.0333673
0.0339808
0.0347733
0.0355476
0.0362791
0.0371169
0.0381173
0.0362761
0.0360441
0.0361343
0.0364827
0.0367306
0.036603
0.0361762
0.0361531
0.0361016
0.0358022
0.0353747
0.035044
0.0348338
0.0342047
0.0334717
0.0325757
0.0315223
0.030776
0.0306878
0.0306252
0.0306835
0.0302103
0.0300697
0.0296199
0.0295592
0.0295943
0.0293961
0.0291299
0.028864
0.0284425
0.0283484
0.0282898
0.0281656
0.0280612
0.0281726
0.0279994
0.0277017
0.0272643
0.0268891
0.0268785
0.0270554
0.0268111
0.0265987
0.0271432
0.0271767
0.00919999
0.00976261
0.0100708
0.0103696
0.0103228
0.0103057
0.0104423
0.0105765
0.0103183
0.00997005
0.00984588
0.00933681
0.00901861
0.00891481
0.00891903
0.00893912
0.00883906
0.00855069
0.00819125
0.00791275
0.00755232
0.00748869
0.0073408
0.00711891
0.00703875
0.00694303
0.00679541
0.00649447
0.00612844
0.00578999
0.00562111
0.00543214
0.00509303
0.0049012
0.0048377
0.00479157
0.00469214
0.00471292
0.00479757
0.00493545
0.00507685
0.00566571
0.00556077
0.00560114
0.0054721
0.00538887
0.00527423
0.00512339
0.00509014
0.00509674
0.00512111
0.00515914
0.00524725
0.00534393
0.00538165
0.00563995
0.00588067
0.00611356
0.00648939
0.00688359
0.00738145
0.00770167
0.00799178
0.00808846
0.00783831
0.00775891
0.00796769
0.00823955
0.00844562
0.00849534
0.00850534
0.00850338
0.00856848
0.00869469
0.008761
0.00908833
0.00929361
0.00947578
0.00932438
0.00942573
0.00940909
0.00944705
0.00954736
0.00939213
0.00120162
0.000183279
0.000183273
0.000183285
0.000183251
0.000183251
0.000183268
0.000183275
0.000183265
0.000183271
0.000183276
0.000183262
0.00018325
0.000183287
0.000183259
0.000183257
0.000183277
0.000183263
0.000183216
0.000183211
0.000183285
0.000183269
0.000183243
0.000183244
0.000183272
0.000183281
0.000183284
0.000183278
0.000183287
0.000183287
0.000183284
0.000183282
0.000183288
0.000183282
0.000183283
0.000183285
0.000183282
0.000183282
0.000183239
0.000183178
0.000183158
0.000183281
0.000183287
0.000183286
0.000183207
0.000183242
0.00018326
0.000183216
0.000183253
0.000183274
0.000183284
0.000183275
0.000183267
0.000183285
0.000183281
0.000183278
0.000183272
0.000183269
0.000183266
0.000183279
0.000183286
0.000183279
0.000183284
0.000183287
0.000183287
0.000183287
0.000183287
0.000183287
0.000183286
0.000183285
0.000183284
0.000183287
0.000183286
0.000183237
0.000183198
0.000183269
0.000183286
0.000183283
0.000183208
0.000183285
0.000183287
0.000183284
0.000183251
0.000183287
0.000183281
0.000183247
0.000183281
0.000183287
0.000183278
0.000183284
0.000183271
0.000183283
0.000183283
0.000183282
0.000183245
0.000183249
0.000183276
0.0001831
0.000183059
0.00018326
0.000183245
0.000182917
0.000182777
0.000183117
0.000183281
0.000183265
0.000183222
0.000183258
0.000183262
0.000183285
0.000183287
0.000183279
0.000183273
0.000183287
0.000183282
0.000183287
0.000183285
0.000183285
0.000183282
0.000183251
0.000183272
0.000183264
0.000183275
0.000183287
0.000183287
0.000183286
0.000183286
0.000183264
0.000183282
0.000183287
0.000183287
0.000183286
0.000183285
0.000183286
0.000183286
0.00018327
0.000183287
0.000183286
0.00018326
0.000183231
0.000183217
0.000183236
0.00018324
0.000183232
0.00018328
0.000183287
0.000183277
0.000183284
0.000183286
0.000183284
0.000183274
0.000183274
0.00018328
0.000183278
0.000183282
0.000183283
0.000183276
0.000183284
0.000183281
0.000183263
0.000183278
0.000183282
0.000183283
0.000183287
0.000183286
0.000183282
0.000183286
0.000183287
0.000183287
0.000183287
0.000183277
0.000183266
0.000183266
0.000183277
0.000183264
0.000183264
0.000183286
0.000183265
0.000183239
0.000183286
0.000183257
0.000183262
0.000183287
0.000183272
0.000183192
0.000183176
0.000183281
0.000183278
0.000183254
0.00018324
0.000183269
0.000183283
0.000183286
0.000183278
0.000183287
0.000183288
0.000183287
0.000183283
0.000183287
0.000183286
0.000183282
0.000183287
0.000183287
0.000183287
0.000183287
0.000183287
0.000183287
0.000183284
0.000183285
0.000183285
0.000183287
0.000183287
0.000183287
0.000183287
0.000183285
0.000183287
0.000183287
0.000183286
0.000183284
0.000183285
0.000183276
0.000183284
0.000183283
0.000183276
0.000183269
0.000183276
0.000183286
0.000183275
0.000183281
0.000183287
0.000183287
0.000183287
0.000183287
0.000183287
0.000183286
0.000183284
0.000183287
0.000183287
0.000183284
0.000183286
0.000183287
0.000183286
0.000183286
0.000183282
0.000183285
0.000183278
0.000183288
0.000183285
0.000183287
0.000183286
0.000183285
0.000183287
0.000183281
0.000183284
0.000183288
0.000183284
0.00018328
0.000183287
0.000183286
0.000183282
0.000183276
0.000183286
0.000183275
0.000183247
0.000183274
0.000183287
0.000183274
0.000183255
0.000183266
0.000183288
0.000183284
0.000183284
0.000183287
0.000183287
0.000183287
0.000183287
0.000183288
0.000183285
0.000183286
0.000183287
0.000183287
0.000183287
0.000183286
0.000183287
0.000183287
0.000183284
0.000183286
0.000183285
0.000183285
0.000183287
0.000183284
0.000183287
0.000183286
0.000183287
0.000183287
0.000183287
0.000183287
0.000183287
0.000183286
0.000183286
0.000183288
0.000183287
0.000183287
0.000183286
0.000183279
0.000183279
0.000183281
0.000183283
0.00018328
0.000183279
0.000183287
0.000183287
0.000183285
0.000183287
0.000183288
0.000183287
0.000183287
0.000183286
0.000183286
0.000183286
0.000183287
0.000183287
0.000183287
0.000183287
0.000183286
0.000183285
0.000183286
0.000183286
0.000183287
0.000183286
0.000183287
0.000183286
0.000183287
0.000183287
0.000183287
0.000183288
)
;

boundaryField
{
    hot
    {
        type            calculated;
        value           nonuniform List<scalar> 
64
(
1.01426
1.01426
1.01426
1.01426
1.01426
1.01426
1.01426
1.01426
1.01426
1.01426
1.01426
1.01426
1.01426
1.01426
1.01426
1.01426
1.01426
1.01426
1.01426
1.01426
1.01426
1.01426
1.01426
1.01426
1.01426
1.01426
1.01426
1.01426
1.01426
1.01426
1.01426
1.01426
1.01426
1.01426
1.01426
1.01426
1.01426
1.01426
1.01426
1.01426
1.01426
1.01426
1.01426
1.01426
1.01426
1.01426
1.01426
1.01426
1.01426
1.01426
1.01426
1.01426
1.01426
1.01426
1.01426
1.01426
1.01426
1.01426
1.01426
1.01426
1.01426
1.01426
0.998579
0.384242
)
;
    }
    hotTop
    {
        type            calculated;
        value           nonuniform List<scalar> 7(0.0850173 0.0277729 0.00919993 0.00120162 0.000183281 0.000183287 0.000183281);
    }
    cold
    {
        type            calculated;
        value           nonuniform List<scalar> 
64
(
0.984754
0.984754
0.984754
0.984754
0.984754
0.984754
0.984754
0.984754
0.984754
0.984754
0.984754
0.984754
0.984754
0.984754
0.984754
0.984754
0.984754
0.984754
0.984754
0.984754
0.984754
0.984754
0.984753
0.984754
0.984754
0.984754
0.984754
0.984753
0.984754
0.984754
0.984754
0.984754
0.984754
0.984754
0.984754
0.984754
0.984754
0.984752
0.984752
0.984754
0.984754
0.984754
0.984754
0.984754
0.984754
0.984753
0.984752
0.984753
0.984754
0.984754
0.984754
0.984753
0.984754
0.984754
0.984754
0.984754
0.984754
0.984754
0.984748
0.984745
0.98475
0.984754
0.98475
0.386474
)
;
    }
    coldTop
    {
        type            calculated;
        value           nonuniform List<scalar> 7(0.0837356 0.0271767 0.00939213 0.000183287 0.000183287 0.000183287 0.000183288);
    }
    top
    {
        type            calculated;
        value           nonuniform List<scalar> 
84
(
0.000183281
0.000183284
0.000183288
0.000183284
0.00018328
0.000183287
0.000183286
0.000183282
0.000183276
0.000183286
0.000183275
0.000183247
0.000183274
0.000183287
0.000183274
0.000183255
0.000183266
0.000183288
0.000183284
0.000183284
0.000183287
0.000183287
0.000183287
0.000183287
0.000183288
0.000183285
0.000183286
0.000183287
0.000183287
0.000183287
0.000183286
0.000183287
0.000183287
0.000183284
0.000183286
0.000183285
0.000183285
0.000183287
0.000183284
0.000183287
0.000183286
0.000183287
0.000183287
0.000183287
0.000183287
0.000183287
0.000183286
0.000183286
0.000183288
0.000183287
0.000183287
0.000183286
0.000183279
0.000183279
0.000183281
0.000183283
0.00018328
0.000183279
0.000183287
0.000183287
0.000183285
0.000183287
0.000183288
0.000183287
0.000183287
0.000183286
0.000183286
0.000183286
0.000183287
0.000183287
0.000183287
0.000183287
0.000183286
0.000183285
0.000183286
0.000183286
0.000183287
0.000183286
0.000183287
0.000183286
0.000183287
0.000183287
0.000183287
0.000183288
)
;
    }
    btm
    {
        type            calculated;
        value           nonuniform List<scalar> 
84
(
1.01432
1.01442
1.0145
1.01457
1.01463
1.01467
1.01471
1.01474
1.01477
1.0148
1.01483
1.01486
1.01489
1.01492
1.01495
1.01499
1.01502
1.01505
1.01507
1.0151
1.01513
1.01516
1.00709
0.984758
0.984758
0.984758
0.984758
0.984758
0.984757
0.984757
0.984757
0.984757
0.984757
0.984757
0.984757
0.984757
0.984757
0.984757
0.984757
0.984757
0.984757
0.984757
0.984757
0.984757
0.984757
0.984757
0.984757
0.984757
0.984757
0.984757
0.984757
0.984756
0.984756
0.984756
0.984756
0.984756
0.984756
0.984756
0.984756
0.984756
0.984756
0.984756
0.984756
0.984756
0.984756
0.984756
0.984756
0.984756
0.984755
0.984755
0.984755
0.984755
0.984755
0.984755
0.984755
0.984755
0.984755
0.984754
0.984754
0.984754
0.984754
0.984754
0.984754
0.984754
)
;
    }
    frontAndBack
    {
        type            empty;
    }
}


// ************************************************************************* //
