/*--------------------------------*- C++ -*----------------------------------*\
  =========                 |
  \\      /  F ield         | OpenFOAM: The Open Source CFD Toolbox
   \\    /   O peration     | Website:  https://openfoam.org
    \\  /    A nd           | Version:  6
     \\/     M anipulation  |
\*---------------------------------------------------------------------------*/
FoamFile
{
    version     2.0;
    format      ascii;
    class       volScalarField;
    location    "150";
    object      alphaMetalTotal;
}
// * * * * * * * * * * * * * * * * * * * * * * * * * * * * * * * * * * * * * //

dimensions      [0 0 0 0 0 0 0];

internalField   nonuniform List<scalar> 
5964
(
1
1
1
1
1
1
1
1
1
1
1
0.999784
0.999737
0.999701
0.999675
0.999659
0.999651
0.99965
0.999655
0.999664
0.999675
0.999688
0.999703
0.999717
0.999731
0.999745
0.999758
0.999771
0.999784
0.999796
0.999808
0.999819
0.999831
0.999842
0.999854
0.999865
0.999876
0.999887
0.999899
0.99991
0.999921
0.999931
0.999942
0.999953
0.999963
0.999974
0.999984
0.999994
1
1
1
1
1
1
1
1
1
1
1
1
1
1
1
1
1
1
1
1
1
1
1
1
1
1
1
1
1
1
1
1
1
1
1
1
1
1
1
1
1
1
1
1
1
1
1
0.999779
0.999733
0.999697
0.999672
0.999657
0.999649
0.999649
0.999654
0.999663
0.999675
0.999688
0.999702
0.999717
0.999731
0.999745
0.999758
0.999771
0.999784
0.999796
0.999808
0.999819
0.999831
0.999842
0.999854
0.999865
0.999876
0.999887
0.999898
0.99991
0.99992
0.999931
0.999942
0.999953
0.999963
0.999974
0.999984
0.999994
1
1
1
1
1
1
1
1
1
1
1
1
1
1
1
1
1
1
1
1
1
1
1
1
1
1
1
1
1
1
1
1
1
1
1
1
1
1
1
1
1
1
1
1
1
1
1
0.99977
0.999724
0.99969
0.999667
0.999653
0.999647
0.999647
0.999653
0.999663
0.999675
0.999688
0.999702
0.999717
0.999731
0.999745
0.999758
0.999771
0.999783
0.999796
0.999808
0.999819
0.999831
0.999842
0.999854
0.999865
0.999876
0.999887
0.999898
0.999909
0.99992
0.999931
0.999942
0.999953
0.999963
0.999974
0.999984
0.999994
1
1
1
1
1
1
1
1
1
1
1
1
1
1
1
1
1
1
1
1
1
1
1
1
1
1
1
1
1
1
1
1
1
1
1
1
1
1
1
1
1
1
1
1
1
1
1
0.999754
0.99971
0.999679
0.999659
0.999647
0.999643
0.999645
0.999652
0.999662
0.999674
0.999688
0.999702
0.999716
0.99973
0.999744
0.999758
0.999771
0.999783
0.999795
0.999807
0.999819
0.999831
0.999842
0.999853
0.999865
0.999876
0.999887
0.999898
0.999909
0.99992
0.999931
0.999942
0.999953
0.999963
0.999974
0.999984
0.999994
1
1
1
1
1
1
1
1
1
1
1
1
1
1
1
1
1
1
1
1
1
1
1
1
1
1
1
1
1
1
1
1
1
1
1
1
1
1
1
1
1
1
1
1
1
1
1
0.999726
0.99969
0.999665
0.999648
0.99964
0.999638
0.999642
0.99965
0.99966
0.999673
0.999687
0.999701
0.999716
0.99973
0.999744
0.999757
0.99977
0.999783
0.999795
0.999807
0.999819
0.99983
0.999842
0.999853
0.999865
0.999876
0.999887
0.999898
0.999909
0.99992
0.999931
0.999942
0.999953
0.999963
0.999974
0.999984
0.999994
1
1
1
1
1
1
1
1
1
1
1
1
1
1
1
1
1
1
1
1
1
1
1
1
1
1
1
1
1
1
1
1
1
1
1
1
1
1
1
1
1
1
1
1
1
1
0.999705
0.999685
0.999664
0.999647
0.999637
0.999632
0.999633
0.999638
0.999647
0.999659
0.999672
0.999686
0.999701
0.999715
0.99973
0.999744
0.999757
0.99977
0.999782
0.999795
0.999807
0.999818
0.99983
0.999841
0.999853
0.999864
0.999876
0.999887
0.999898
0.999909
0.99992
0.999931
0.999942
0.999953
0.999963
0.999974
0.999984
0.999994
1
1
1
1
1
1
1
1
1
1
1
1
1
1
1
1
1
1
1
1
1
1
1
1
1
1
1
1
1
1
1
1
1
1
1
1
1
1
1
1
1
1
1
1
1
1
0.99966
0.99965
0.999638
0.999629
0.999624
0.999624
0.999627
0.999635
0.999645
0.999658
0.999671
0.999686
0.9997
0.999715
0.999729
0.999743
0.999756
0.999769
0.999782
0.999794
0.999806
0.999818
0.99983
0.999841
0.999853
0.999864
0.999875
0.999887
0.999898
0.999909
0.99992
0.999931
0.999942
0.999952
0.999963
0.999974
0.999984
0.999994
1
1
1
1
1
1
1
1
1
1
1
1
1
1
1
1
1
1
1
1
1
1
1
1
1
1
1
1
1
1
1
1
1
1
1
1
1
1
1
1
1
1
1
1
1
1
0.999624
0.999619
0.999615
0.999612
0.999612
0.999616
0.999622
0.999632
0.999643
0.999656
0.999671
0.999685
0.9997
0.999715
0.999729
0.999742
0.999756
0.999769
0.999781
0.999794
0.999806
0.999817
0.999829
0.999841
0.999852
0.999864
0.999875
0.999886
0.999897
0.999909
0.99992
0.999931
0.999942
0.999952
0.999963
0.999973
0.999984
0.999994
1
1
1
1
1
1
1
1
1
1
1
1
1
1
1
1
1
1
1
1
1
1
1
1
1
1
1
1
1
1
1
1
1
1
1
1
1
1
1
1
1
1
1
1
1
1
0.999588
0.999591
0.999594
0.999597
0.999602
0.999609
0.999618
0.999629
0.999641
0.999655
0.99967
0.999685
0.999699
0.999714
0.999728
0.999742
0.999755
0.999768
0.999781
0.999793
0.999805
0.999817
0.999829
0.99984
0.999852
0.999863
0.999875
0.999886
0.999897
0.999908
0.999919
0.99993
0.999941
0.999952
0.999963
0.999973
0.999984
0.999994
1
1
1
1
1
1
1
1
1
1
1
1
1
1
1
1
1
1
1
1
1
1
1
1
1
1
1
1
1
1
1
1
1
1
1
1
1
1
1
1
1
1
1
1
1
0.999484
0.999546
0.999565
0.999576
0.999584
0.999593
0.999603
0.999614
0.999626
0.99964
0.999654
0.999669
0.999684
0.999699
0.999713
0.999728
0.999741
0.999755
0.999767
0.99978
0.999792
0.999804
0.999816
0.999828
0.99984
0.999851
0.999863
0.999874
0.999886
0.999897
0.999908
0.999919
0.99993
0.999941
0.999952
0.999963
0.999973
0.999984
0.999994
1
1
1
1
1
1
1
1
1
1
1
1
1
1
1
1
1
1
1
1
1
1
1
1
1
1
1
1
1
1
1
1
1
1
1
1
1
1
1
1
1
1
1
1
1
1
0.999533
0.999549
0.999563
0.999575
0.999586
0.999598
0.999611
0.999624
0.999639
0.999654
0.999669
0.999684
0.999698
0.999713
0.999727
0.999741
0.999754
0.999767
0.999779
0.999792
0.999804
0.999816
0.999827
0.999839
0.999851
0.999862
0.999874
0.999885
0.999897
0.999908
0.999919
0.99993
0.999941
0.999952
0.999962
0.999973
0.999983
0.999994
1
1
1
1
1
1
1
1
1
1
1
1
1
1
1
1
1
1
1
1
1
1
1
1
1
1
1
1
1
1
1
1
1
1
1
1
1
1
1
1
1
1
1
1
1
1
0.999522
0.999538
0.999554
0.999568
0.999582
0.999595
0.999609
0.999623
0.999638
0.999653
0.999668
0.999683
0.999698
0.999712
0.999726
0.99974
0.999753
0.999766
0.999778
0.999791
0.999803
0.999815
0.999827
0.999839
0.99985
0.999862
0.999873
0.999885
0.999896
0.999907
0.999919
0.99993
0.999941
0.999952
0.999962
0.999973
0.999983
0.999994
1
1
1
1
1
1
1
1
1
1
1
1
1
1
1
1
1
1
1
1
1
1
1
1
1
1
1
1
1
1
1
1
1
1
1
1
1
1
1
1
1
1
1
1
1
1
0.999508
0.99953
0.999549
0.999565
0.99958
0.999594
0.999608
0.999623
0.999638
0.999653
0.999668
0.999683
0.999697
0.999711
0.999725
0.999739
0.999752
0.999765
0.999778
0.99979
0.999802
0.999814
0.999826
0.999838
0.99985
0.999861
0.999873
0.999884
0.999896
0.999907
0.999918
0.999929
0.999941
0.999951
0.999962
0.999973
0.999983
0.999993
1
1
1
1
1
1
1
1
1
1
1
1
1
1
1
1
1
1
1
1
1
1
1
1
1
1
1
1
1
1
1
1
1
1
1
1
1
1
1
1
1
1
1
1
1
0.999417
0.99949
0.999525
0.999548
0.999565
0.99958
0.999594
0.999608
0.999623
0.999638
0.999652
0.999667
0.999682
0.999696
0.999711
0.999725
0.999738
0.999751
0.999764
0.999777
0.999789
0.999801
0.999814
0.999826
0.999837
0.999849
0.999861
0.999872
0.999884
0.999895
0.999907
0.999918
0.999929
0.99994
0.999951
0.999962
0.999973
0.999983
0.999993
1
1
1
1
1
1
1
1
1
1
1
1
1
1
1
1
1
1
1
1
1
1
1
1
1
1
1
1
1
1
1
1
1
1
1
1
1
1
1
1
1
1
1
1
1
0.999224
0.9995
0.999533
0.999553
0.999568
0.999582
0.999596
0.999609
0.999623
0.999638
0.999652
0.999667
0.999681
0.999696
0.99971
0.999724
0.999737
0.99975
0.999763
0.999776
0.999788
0.999801
0.999813
0.999825
0.999837
0.999849
0.99986
0.999872
0.999884
0.999895
0.999906
0.999918
0.999929
0.99994
0.999951
0.999962
0.999972
0.999983
0.999993
1
1
1
1
1
1
1
1
1
1
1
1
1
1
1
1
1
1
1
1
1
1
1
1
1
1
1
1
1
1
1
1
1
1
1
1
1
1
1
1
1
1
1
1
1
1
0.999539
0.999553
0.999564
0.999575
0.999586
0.999598
0.99961
0.999624
0.999638
0.999652
0.999666
0.999681
0.999695
0.999709
0.999723
0.999736
0.999749
0.999762
0.999775
0.999788
0.9998
0.999812
0.999824
0.999836
0.999848
0.99986
0.999872
0.999883
0.999895
0.999906
0.999917
0.999929
0.99994
0.999951
0.999962
0.999972
0.999983
0.999993
1
1
1
1
1
1
1
1
1
1
1
1
1
1
1
1
1
1
1
1
1
1
1
1
1
1
1
1
1
1
1
1
1
1
1
1
1
1
1
1
1
1
1
1
1
1
0.999583
0.999577
0.999577
0.999582
0.99959
0.9996
0.999611
0.999624
0.999637
0.999651
0.999665
0.99968
0.999694
0.999708
0.999722
0.999735
0.999748
0.999761
0.999774
0.999787
0.999799
0.999811
0.999824
0.999836
0.999848
0.999859
0.999871
0.999883
0.999894
0.999906
0.999917
0.999928
0.99994
0.999951
0.999961
0.999972
0.999983
0.999993
1
1
1
1
1
1
1
1
1
1
1
1
1
1
1
1
1
1
1
1
1
1
1
1
1
1
1
1
1
1
1
1
1
1
1
1
1
1
1
1
1
1
1
1
1
1
0.999617
0.999596
0.999588
0.999588
0.999593
0.999602
0.999612
0.999624
0.999637
0.999651
0.999665
0.999679
0.999693
0.999707
0.99972
0.999734
0.999747
0.99976
0.999773
0.999786
0.999798
0.999811
0.999823
0.999835
0.999847
0.999859
0.999871
0.999882
0.999894
0.999905
0.999917
0.999928
0.999939
0.99995
0.999961
0.999972
0.999982
0.999993
1
1
1
1
1
1
1
1
1
1
1
1
1
1
1
1
1
1
1
1
1
1
1
1
1
1
1
1
1
1
1
1
1
1
1
1
1
1
1
1
1
1
1
1
1
1
0.999621
0.999604
0.999594
0.999592
0.999595
0.999602
0.999612
0.999623
0.999636
0.999649
0.999663
0.999677
0.999692
0.999706
0.999719
0.999733
0.999746
0.999759
0.999772
0.999785
0.999798
0.99981
0.999822
0.999834
0.999846
0.999858
0.99987
0.999882
0.999894
0.999905
0.999917
0.999928
0.999939
0.99995
0.999961
0.999972
0.999982
0.999993
1
1
1
1
1
1
1
1
1
1
1
1
1
1
1
1
1
1
1
1
1
1
1
1
1
1
1
1
1
1
1
1
1
1
1
1
1
1
1
1
1
1
1
1
1
1
0.999638
0.999609
0.999595
0.999591
0.999594
0.999601
0.99961
0.999622
0.999634
0.999648
0.999662
0.999676
0.99969
0.999704
0.999718
0.999732
0.999745
0.999759
0.999771
0.999784
0.999797
0.999809
0.999822
0.999834
0.999846
0.999858
0.99987
0.999882
0.999893
0.999905
0.999916
0.999928
0.999939
0.99995
0.999961
0.999972
0.999982
0.999992
1
1
1
1
1
1
1
1
1
1
1
1
1
1
1
1
1
1
1
1
1
1
1
1
1
1
1
1
1
1
1
1
1
1
1
1
1
1
1
1
1
1
1
1
1
1
0.999635
0.999604
0.99959
0.999587
0.99959
0.999597
0.999608
0.99962
0.999633
0.999646
0.99966
0.999675
0.999689
0.999703
0.999717
0.999731
0.999744
0.999758
0.999771
0.999784
0.999796
0.999809
0.999821
0.999833
0.999845
0.999857
0.999869
0.999881
0.999893
0.999905
0.999916
0.999927
0.999939
0.99995
0.999961
0.999971
0.999982
0.999992
1
1
1
1
1
1
1
1
1
1
1
1
1
1
1
1
1
1
1
1
1
1
1
1
1
1
1
1
1
1
1
1
1
1
1
1
1
1
1
1
1
1
1
1
1
1
0.999617
0.999589
0.999578
0.999578
0.999584
0.999593
0.999604
0.999617
0.99963
0.999644
0.999659
0.999673
0.999688
0.999702
0.999716
0.99973
0.999743
0.999757
0.99977
0.999783
0.999796
0.999808
0.999821
0.999833
0.999845
0.999857
0.999869
0.999881
0.999893
0.999904
0.999916
0.999927
0.999938
0.999949
0.99996
0.999971
0.999982
0.999992
1
1
1
1
1
1
1
1
1
1
1
1
1
1
1
1
1
1
1
1
1
1
1
1
1
1
1
1
1
1
1
1
1
1
1
1
1
1
1
1
1
1
1
1
0.999617
1
0.999596
0.999563
0.999559
0.999565
0.999575
0.999587
0.9996
0.999613
0.999628
0.999642
0.999657
0.999672
0.999686
0.999701
0.999715
0.999729
0.999743
0.999756
0.999769
0.999782
0.999795
0.999808
0.99982
0.999832
0.999845
0.999857
0.999869
0.999881
0.999892
0.999904
0.999915
0.999927
0.999938
0.999949
0.99996
0.999971
0.999982
0.999992
1
1
1
1
1
1
1
1
1
1
1
1
1
1
1
1
1
1
1
1
1
1
1
1
1
1
1
1
1
1
1
1
1
1
1
1
1
1
1
1
1
1
1
1
1
1
0.999492
0.999517
0.999535
0.999551
0.999566
0.999581
0.999595
0.99961
0.999625
0.99964
0.999655
0.99967
0.999685
0.9997
0.999714
0.999728
0.999742
0.999755
0.999769
0.999782
0.999795
0.999807
0.99982
0.999832
0.999844
0.999856
0.999868
0.99988
0.999892
0.999904
0.999915
0.999927
0.999938
0.999949
0.99996
0.999971
0.999981
0.999992
1
1
1
1
1
1
1
1
1
1
1
1
1
1
1
1
1
1
1
1
1
1
1
1
1
1
1
1
1
1
1
1
1
1
1
1
1
1
1
1
1
1
1
1
1
1
0.999422
0.999479
0.999513
0.999538
0.999558
0.999575
0.999592
0.999607
0.999623
0.999639
0.999654
0.999669
0.999684
0.999699
0.999713
0.999728
0.999741
0.999755
0.999768
0.999781
0.999794
0.999807
0.999819
0.999832
0.999844
0.999856
0.999868
0.99988
0.999892
0.999903
0.999915
0.999926
0.999938
0.999949
0.99996
0.999971
0.999981
0.999992
1
1
1
1
1
1
1
1
1
1
1
1
1
1
1
1
1
1
1
1
1
1
1
1
1
1
1
1
1
1
1
1
1
1
1
1
1
1
1
1
1
1
1
1
1
1
0.999392
0.999461
0.999502
0.99953
0.999552
0.999571
0.999589
0.999605
0.999621
0.999637
0.999653
0.999668
0.999684
0.999698
0.999713
0.999727
0.999741
0.999754
0.999768
0.999781
0.999794
0.999806
0.999819
0.999831
0.999844
0.999856
0.999868
0.99988
0.999891
0.999903
0.999915
0.999926
0.999938
0.999949
0.99996
0.999971
0.999981
0.999992
1
1
1
1
1
1
1
1
1
1
1
1
1
1
1
1
1
1
1
1
1
1
1
1
1
1
1
1
1
1
1
1
1
1
1
1
1
1
1
1
1
1
1
1
1
1
0.999409
0.999469
0.999504
0.999529
0.99955
0.999569
0.999587
0.999604
0.99962
0.999637
0.999653
0.999668
0.999683
0.999698
0.999713
0.999727
0.999741
0.999754
0.999767
0.999781
0.999793
0.999806
0.999819
0.999831
0.999843
0.999855
0.999867
0.999879
0.999891
0.999903
0.999915
0.999926
0.999937
0.999948
0.99996
0.99997
0.999981
0.999991
1
1
1
1
1
1
1
1
1
1
1
1
1
1
1
1
1
1
1
1
1
1
1
1
1
1
1
1
1
1
1
1
1
1
1
1
1
1
1
1
1
1
1
1
1
1
1
0.9995
0.999513
0.999531
0.999549
0.999568
0.999586
0.999603
0.99962
0.999637
0.999653
0.999668
0.999683
0.999698
0.999713
0.999727
0.999741
0.999754
0.999767
0.99978
0.999793
0.999806
0.999818
0.999831
0.999843
0.999855
0.999867
0.999879
0.999891
0.999903
0.999914
0.999926
0.999937
0.999948
0.999959
0.99997
0.999981
0.999991
1
1
1
1
1
1
1
1
1
1
1
1
1
1
1
1
1
1
1
1
1
1
1
1
1
1
1
1
1
1
1
1
1
1
1
1
1
1
1
1
1
1
1
1
1
1
1
0.999513
0.999517
0.999532
0.999549
0.999568
0.999586
0.999604
0.999621
0.999637
0.999653
0.999669
0.999684
0.999698
0.999713
0.999727
0.999741
0.999754
0.999767
0.99978
0.999793
0.999806
0.999818
0.99983
0.999843
0.999855
0.999867
0.999879
0.999891
0.999902
0.999914
0.999926
0.999937
0.999948
0.999959
0.99997
0.999981
0.999991
1
1
1
1
1
1
1
1
1
1
1
1
1
1
1
1
1
1
1
1
1
1
1
1
1
1
1
1
1
1
1
1
1
1
1
1
1
1
1
1
1
1
1
1
1
1
1
0.999505
0.999513
0.99953
0.999549
0.999568
0.999587
0.999605
0.999622
0.999638
0.999654
0.99967
0.999685
0.999699
0.999713
0.999727
0.999741
0.999754
0.999767
0.99978
0.999793
0.999805
0.999818
0.99983
0.999842
0.999855
0.999867
0.999879
0.99989
0.999902
0.999914
0.999925
0.999937
0.999948
0.999959
0.99997
0.999981
0.999991
1
1
1
1
1
1
1
1
1
1
1
1
1
1
1
1
1
1
1
1
1
1
1
1
1
1
1
1
1
1
1
1
1
1
1
1
1
1
1
1
1
1
1
1
1
1
1
0.999479
0.999501
0.999526
0.999549
0.99957
0.999589
0.999607
0.999624
0.999641
0.999656
0.999671
0.999686
0.9997
0.999714
0.999728
0.999741
0.999754
0.999767
0.99978
0.999793
0.999805
0.999818
0.99983
0.999842
0.999854
0.999866
0.999878
0.99989
0.999902
0.999914
0.999925
0.999937
0.999948
0.999959
0.99997
0.99998
0.999991
1
1
1
1
1
1
1
1
1
1
1
1
1
1
1
1
1
1
1
1
1
1
1
1
1
1
1
1
1
1
1
1
1
1
1
1
1
1
1
1
1
1
1
1
1
1
0.999351
0.999436
0.999487
0.999522
0.99955
0.999573
0.999593
0.999611
0.999628
0.999643
0.999658
0.999673
0.999687
0.999701
0.999715
0.999728
0.999742
0.999755
0.999767
0.99978
0.999793
0.999805
0.999817
0.99983
0.999842
0.999854
0.999866
0.999878
0.99989
0.999902
0.999913
0.999925
0.999936
0.999948
0.999959
0.99997
0.99998
0.999991
1
1
1
1
1
1
1
1
1
1
1
1
1
1
1
1
1
1
1
1
1
1
1
1
1
1
1
1
1
1
1
1
1
1
1
1
1
1
1
1
1
1
1
1
1
1
0.999321
0.999423
0.999485
0.999526
0.999556
0.999579
0.999598
0.999616
0.999632
0.999647
0.999661
0.999675
0.999689
0.999703
0.999716
0.999729
0.999742
0.999755
0.999768
0.99978
0.999793
0.999805
0.999817
0.99983
0.999842
0.999854
0.999866
0.999878
0.99989
0.999902
0.999913
0.999925
0.999936
0.999947
0.999959
0.999969
0.99998
0.999991
1
1
1
1
1
1
1
1
1
1
1
1
1
1
1
1
1
1
1
1
1
1
1
1
1
1
1
1
1
1
1
1
1
1
1
1
1
1
1
1
1
1
1
1
1
1
0.999354
0.999446
0.999502
0.999539
0.999567
0.999588
0.999606
0.999622
0.999637
0.999651
0.999665
0.999678
0.999691
0.999704
0.999717
0.99973
0.999743
0.999755
0.999768
0.99978
0.999792
0.999805
0.999817
0.999829
0.999841
0.999854
0.999866
0.999878
0.99989
0.999901
0.999913
0.999925
0.999936
0.999947
0.999958
0.999969
0.99998
0.999991
1
1
1
1
1
1
1
1
1
1
1
1
1
1
1
1
1
1
1
1
1
1
1
1
1
1
1
1
1
1
1
1
1
1
1
1
1
1
1
1
1
1
1
1
1
1
1
0.999498
0.999534
0.999561
0.999583
0.999601
0.999616
0.99963
0.999643
0.999656
0.999668
0.999681
0.999693
0.999706
0.999718
0.999731
0.999743
0.999755
0.999768
0.99978
0.999792
0.999805
0.999817
0.999829
0.999841
0.999853
0.999865
0.999877
0.999889
0.999901
0.999913
0.999924
0.999936
0.999947
0.999958
0.999969
0.99998
0.999991
1
1
1
1
1
1
1
1
1
1
1
1
1
1
1
1
1
1
1
1
1
1
1
1
1
1
1
1
1
1
1
1
1
1
1
1
1
1
1
1
1
1
1
1
1
1
1
0.99955
0.999572
0.999589
0.999603
0.999615
0.999626
0.999638
0.999649
0.99966
0.999672
0.999684
0.999695
0.999707
0.999719
0.999731
0.999743
0.999756
0.999768
0.99978
0.999792
0.999804
0.999817
0.999829
0.999841
0.999853
0.999865
0.999877
0.999889
0.999901
0.999913
0.999924
0.999936
0.999947
0.999958
0.999969
0.99998
0.99999
1
1
1
1
1
1
1
1
1
1
1
1
1
1
1
1
1
1
1
1
1
1
1
1
1
1
1
1
1
1
1
1
1
1
1
1
1
1
1
1
1
1
1
1
1
1
1
0.999607
0.999615
0.999619
0.999623
0.99963
0.999637
0.999646
0.999655
0.999665
0.999675
0.999686
0.999697
0.999709
0.99972
0.999732
0.999744
0.999756
0.999768
0.99978
0.999792
0.999804
0.999816
0.999828
0.999841
0.999853
0.999865
0.999877
0.999889
0.999901
0.999912
0.999924
0.999935
0.999947
0.999958
0.999969
0.99998
0.99999
1
1
1
1
1
1
1
1
1
1
1
1
1
1
1
1
1
1
1
1
1
1
1
1
1
1
1
1
1
1
1
1
1
1
1
1
1
1
1
1
1
1
1
1
1
1
1
1
0.99966
0.999647
0.999643
0.999643
0.999647
0.999653
0.999661
0.999669
0.999678
0.999688
0.999699
0.99971
0.999721
0.999732
0.999744
0.999756
0.999768
0.99978
0.999792
0.999804
0.999816
0.999828
0.99984
0.999852
0.999864
0.999876
0.999888
0.9999
0.999912
0.999924
0.999935
0.999946
0.999958
0.999969
0.999979
0.99999
1
1
1
1
1
1
1
1
1
1
1
1
1
1
1
1
1
1
1
1
1
1
1
1
1
1
1
1
1
1
1
1
1
1
1
1
1
1
1
1
1
1
1
1
1
1
1
1
0.999688
0.999667
0.999657
0.999654
0.999655
0.999659
0.999665
0.999672
0.999681
0.99969
0.9997
0.99971
0.999721
0.999732
0.999744
0.999755
0.999767
0.999779
0.999791
0.999803
0.999815
0.999828
0.99984
0.999852
0.999864
0.999876
0.999888
0.9999
0.999912
0.999923
0.999935
0.999946
0.999957
0.999969
0.999979
0.99999
1
1
1
1
1
1
1
1
1
1
1
1
1
1
1
1
1
1
1
1
1
1
1
1
1
1
1
1
1
1
1
1
1
1
1
1
1
1
1
1
1
1
1
1
1
1
1
1
0.999698
0.999676
0.999665
0.999661
0.999661
0.999663
0.999668
0.999675
0.999683
0.999691
0.999701
0.999711
0.999721
0.999732
0.999744
0.999755
0.999767
0.999779
0.999791
0.999803
0.999815
0.999827
0.999839
0.999851
0.999864
0.999876
0.999888
0.9999
0.999911
0.999923
0.999935
0.999946
0.999957
0.999968
0.999979
0.99999
1
1
1
1
1
1
1
1
1
1
1
1
1
1
1
1
1
1
1
1
1
1
1
1
1
1
1
1
1
1
1
1
1
1
1
1
1
1
1
1
1
1
1
1
1
1
1
1
0.999692
0.999676
0.999667
0.999663
0.999663
0.999666
0.99967
0.999676
0.999683
0.999692
0.999701
0.999711
0.999721
0.999732
0.999743
0.999754
0.999766
0.999778
0.99979
0.999802
0.999814
0.999826
0.999839
0.999851
0.999863
0.999875
0.999887
0.999899
0.999911
0.999923
0.999934
0.999946
0.999957
0.999968
0.999979
0.99999
1
1
1
1
1
1
1
1
1
1
1
1
1
1
1
1
1
1
1
1
1
1
1
1
1
1
1
1
1
1
1
1
1
1
1
1
1
1
1
1
1
1
1
1
1
1
1
0.99967
0.999671
0.999667
0.999664
0.999663
0.999664
0.999666
0.999671
0.999676
0.999683
0.999691
0.9997
0.99971
0.99972
0.999731
0.999742
0.999753
0.999765
0.999777
0.999789
0.999801
0.999813
0.999826
0.999838
0.99985
0.999863
0.999875
0.999887
0.999899
0.999911
0.999923
0.999934
0.999946
0.999957
0.999968
0.999979
0.99999
1
1
1
1
1
1
1
1
1
1
1
1
1
1
1
1
1
1
1
1
1
1
1
1
1
1
1
1
1
1
1
1
1
1
1
1
1
1
1
1
1
1
1
1
1
1
1
0.999645
0.999654
0.999658
0.999659
0.99966
0.999662
0.999666
0.99967
0.999676
0.999683
0.999691
0.999699
0.999709
0.999719
0.99973
0.999741
0.999752
0.999764
0.999776
0.999788
0.9998
0.999813
0.999825
0.999837
0.99985
0.999862
0.999874
0.999886
0.999898
0.99991
0.999922
0.999934
0.999945
0.999957
0.999968
0.999979
0.999989
1
1
1
1
1
1
1
1
1
1
1
1
1
1
1
1
1
1
1
1
1
1
1
1
1
1
1
1
1
1
1
1
1
1
1
1
1
1
1
1
1
1
1
1
1
1
1
0.99963
0.999642
0.999649
0.999654
0.999657
0.99966
0.999664
0.999669
0.999674
0.999681
0.999689
0.999698
0.999707
0.999717
0.999728
0.999739
0.999751
0.999763
0.999775
0.999787
0.999799
0.999812
0.999824
0.999837
0.999849
0.999861
0.999874
0.999886
0.999898
0.99991
0.999922
0.999934
0.999945
0.999956
0.999968
0.999979
0.999989
1
1
1
1
1
1
1
1
1
1
1
1
1
1
1
1
1
1
1
1
1
1
1
1
1
1
1
1
1
1
1
1
1
1
1
1
1
1
1
1
1
1
1
1
1
1
1
0.999617
0.999633
0.999643
0.99965
0.999654
0.999658
0.999662
0.999666
0.999672
0.999679
0.999687
0.999696
0.999705
0.999715
0.999726
0.999738
0.999749
0.999761
0.999773
0.999786
0.999798
0.999811
0.999823
0.999836
0.999848
0.999861
0.999873
0.999885
0.999898
0.99991
0.999922
0.999933
0.999945
0.999956
0.999967
0.999978
0.999989
1
1
1
1
1
1
1
1
1
1
1
1
1
1
1
1
1
1
1
1
1
1
1
1
1
1
1
1
1
1
1
1
1
1
1
1
1
1
1
1
1
1
1
1
1
1
0.999548
0.999607
0.999627
0.999639
0.999647
0.999652
0.999655
0.999659
0.999664
0.999669
0.999676
0.999684
0.999693
0.999703
0.999713
0.999724
0.999736
0.999747
0.99976
0.999772
0.999784
0.999797
0.99981
0.999822
0.999835
0.999847
0.99986
0.999873
0.999885
0.999897
0.999909
0.999921
0.999933
0.999945
0.999956
0.999967
0.999978
0.999989
0.999999
1
1
1
1
1
1
1
1
1
1
1
1
1
1
1
1
1
1
1
1
1
1
1
1
1
1
1
1
1
1
1
1
1
1
1
1
1
1
1
1
1
1
1
1
1
1
0.999616
0.999628
0.99964
0.999647
0.99965
0.999653
0.999656
0.99966
0.999666
0.999673
0.999681
0.99969
0.9997
0.999711
0.999722
0.999733
0.999746
0.999758
0.99977
0.999783
0.999796
0.999808
0.999821
0.999834
0.999847
0.999859
0.999872
0.999884
0.999897
0.999909
0.999921
0.999933
0.999944
0.999956
0.999967
0.999978
0.999989
0.999999
1
1
1
1
1
1
1
1
1
1
1
1
1
1
1
1
1
1
1
1
1
1
1
1
1
1
1
1
1
1
1
1
1
1
1
1
1
1
1
1
1
1
1
1
1
1
0.999585
0.999626
0.999643
0.999649
0.99965
0.999651
0.999653
0.999656
0.999662
0.999669
0.999677
0.999686
0.999697
0.999708
0.999719
0.999731
0.999743
0.999756
0.999769
0.999781
0.999794
0.999807
0.99982
0.999833
0.999846
0.999859
0.999871
0.999884
0.999896
0.999908
0.99992
0.999932
0.999944
0.999955
0.999967
0.999978
0.999989
0.999999
1
1
1
1
1
1
1
1
1
1
1
1
1
1
1
1
1
1
1
1
1
1
1
1
1
1
1
1
1
1
1
1
1
1
1
1
1
1
1
1
1
1
1
1
1
1
0.999578
0.999643
0.999656
0.999654
0.999649
0.999647
0.999648
0.999651
0.999657
0.999664
0.999673
0.999683
0.999693
0.999705
0.999716
0.999729
0.999741
0.999754
0.999767
0.99978
0.999793
0.999806
0.999819
0.999832
0.999845
0.999858
0.999871
0.999883
0.999896
0.999908
0.99992
0.999932
0.999944
0.999955
0.999967
0.999978
0.999988
0.999999
1
1
1
1
1
1
1
1
1
1
1
1
1
1
1
1
1
1
1
1
1
1
1
1
1
1
1
1
1
1
1
1
1
1
1
1
1
1
1
1
1
1
1
1
1
1
1
0.999698
0.99968
0.99966
0.999647
0.999641
0.999641
0.999645
0.999651
0.999659
0.999668
0.999679
0.99969
0.999702
0.999714
0.999726
0.999739
0.999752
0.999765
0.999778
0.999792
0.999805
0.999818
0.999831
0.999844
0.999857
0.99987
0.999883
0.999895
0.999908
0.99992
0.999932
0.999943
0.999955
0.999966
0.999977
0.999988
0.999999
1
1
1
1
1
1
1
1
1
1
1
1
1
1
1
1
1
1
1
1
1
1
1
1
1
1
1
1
1
1
1
1
1
1
1
1
1
1
1
1
1
1
1
1
1
1
1
1
0.999706
0.999659
0.999638
0.999631
0.999632
0.999637
0.999645
0.999654
0.999664
0.999675
0.999686
0.999698
0.999711
0.999724
0.999737
0.99975
0.999763
0.999777
0.99979
0.999804
0.999817
0.99983
0.999843
0.999856
0.999869
0.999882
0.999895
0.999907
0.999919
0.999931
0.999943
0.999955
0.999966
0.999977
0.999988
0.999999
1
1
1
1
1
1
1
1
1
1
1
1
1
1
1
1
1
1
1
1
1
1
1
1
1
1
1
1
1
1
1
1
1
1
1
1
1
1
1
1
1
1
1
1
1
0.999639
1
1
0.999709
0.999634
0.999615
0.999614
0.999619
0.999628
0.999637
0.999648
0.999659
0.999671
0.999683
0.999695
0.999708
0.999721
0.999735
0.999748
0.999762
0.999775
0.999789
0.999802
0.999816
0.999829
0.999843
0.999856
0.999869
0.999882
0.999894
0.999907
0.999919
0.999931
0.999943
0.999954
0.999966
0.999977
0.999988
0.999999
1
1
1
1
1
1
1
1
1
1
1
1
1
1
1
1
1
1
1
1
1
1
1
1
1
1
1
1
1
1
1
1
1
1
1
1
1
1
1
1
1
1
1
1
1
1
1
1
0.999531
0.99956
0.999577
0.999591
0.999605
0.999617
0.99963
0.999642
0.999654
0.999667
0.999679
0.999692
0.999706
0.999719
0.999733
0.999746
0.99976
0.999774
0.999787
0.999801
0.999815
0.999828
0.999842
0.999855
0.999868
0.999881
0.999894
0.999906
0.999919
0.999931
0.999943
0.999954
0.999966
0.999977
0.999988
0.999999
1
1
1
1
1
1
1
1
1
1
1
1
1
1
1
1
1
1
1
1
1
1
1
1
1
1
1
1
1
1
1
1
1
1
1
1
1
1
1
1
1
1
1
1
1
1
1
1
0.999404
0.999495
0.999541
0.99957
0.999591
0.999608
0.999623
0.999637
0.99965
0.999663
0.999677
0.99969
0.999703
0.999717
0.999731
0.999745
0.999758
0.999772
0.999786
0.9998
0.999814
0.999827
0.999841
0.999854
0.999867
0.99988
0.999893
0.999906
0.999918
0.99993
0.999942
0.999954
0.999965
0.999977
0.999988
0.999998
1
1
1
1
1
1
1
1
1
1
1
1
1
1
1
1
1
1
1
1
1
1
1
1
1
1
1
1
1
1
1
1
1
1
1
1
1
1
1
1
1
1
1
1
1
1
1
1
1
0.999469
0.999518
0.999554
0.999581
0.999601
0.999618
0.999633
0.999647
0.999661
0.999674
0.999688
0.999701
0.999715
0.999729
0.999743
0.999757
0.999771
0.999785
0.999799
0.999813
0.999827
0.99984
0.999854
0.999867
0.99988
0.999893
0.999906
0.999918
0.99993
0.999942
0.999954
0.999965
0.999977
0.999988
0.999998
1
1
1
1
1
1
1
1
1
1
1
1
1
1
1
1
1
1
1
1
1
1
1
1
1
1
1
1
1
1
1
1
1
1
1
1
1
1
1
1
1
1
1
1
1
1
1
1
1
0.999446
0.999507
0.999548
0.999576
0.999598
0.999615
0.999631
0.999645
0.999659
0.999672
0.999686
0.9997
0.999714
0.999728
0.999742
0.999756
0.99977
0.999784
0.999798
0.999812
0.999826
0.99984
0.999853
0.999866
0.99988
0.999892
0.999905
0.999918
0.99993
0.999942
0.999954
0.999965
0.999976
0.999987
0.999998
1
1
1
1
1
1
1
1
1
1
1
1
1
1
1
1
1
1
1
1
1
1
1
1
1
1
1
1
1
1
1
1
1
1
1
1
1
1
1
1
1
1
1
1
1
1
1
1
1
0.999453
0.999514
0.999552
0.999578
0.999599
0.999615
0.99963
0.999644
0.999658
0.999671
0.999685
0.999698
0.999712
0.999726
0.99974
0.999755
0.999769
0.999783
0.999797
0.999811
0.999825
0.999839
0.999853
0.999866
0.999879
0.999892
0.999905
0.999917
0.99993
0.999942
0.999953
0.999965
0.999976
0.999987
0.999998
1
1
1
1
1
1
1
1
1
1
1
1
1
1
1
1
1
1
1
1
1
1
1
1
1
1
1
1
1
1
1
1
1
1
1
1
1
1
1
1
1
1
1
1
1
1
1
1
1
0.999499
0.999539
0.999565
0.999586
0.999603
0.999617
0.999631
0.999644
0.999657
0.99967
0.999684
0.999697
0.999711
0.999725
0.99974
0.999754
0.999768
0.999782
0.999797
0.999811
0.999825
0.999838
0.999852
0.999866
0.999879
0.999892
0.999905
0.999917
0.999929
0.999941
0.999953
0.999965
0.999976
0.999987
0.999998
1
1
1
1
1
1
1
1
1
1
1
1
1
1
1
1
1
1
1
1
1
1
1
1
1
1
1
1
1
1
1
1
1
1
1
1
1
1
1
1
1
1
1
1
1
1
1
1
1
1
0.999572
0.999584
0.999596
0.999609
0.999621
0.999633
0.999645
0.999657
0.99967
0.999683
0.999697
0.999711
0.999725
0.999739
0.999753
0.999767
0.999782
0.999796
0.99981
0.999824
0.999838
0.999852
0.999865
0.999878
0.999891
0.999904
0.999917
0.999929
0.999941
0.999953
0.999965
0.999976
0.999987
0.999998
1
1
1
1
1
1
1
1
1
1
1
1
1
1
1
1
1
1
1
1
1
1
1
1
1
1
1
1
1
1
1
1
1
1
1
1
1
1
1
1
1
1
1
1
1
1
1
1
1
1
0.999601
0.999601
0.999607
0.999615
0.999625
0.999635
0.999646
0.999658
0.99967
0.999683
0.999697
0.99971
0.999724
0.999738
0.999753
0.999767
0.999781
0.999796
0.99981
0.999824
0.999838
0.999851
0.999865
0.999878
0.999891
0.999904
0.999917
0.999929
0.999941
0.999953
0.999965
0.999976
0.999987
0.999998
1
1
1
1
1
1
1
1
1
1
1
1
1
1
1
1
1
1
1
1
1
1
1
1
1
1
1
1
1
1
1
1
1
1
1
1
1
1
1
1
1
1
1
1
1
1
1
1
0.99982
0.999999
0.999621
0.999613
0.999615
0.99962
0.999628
0.999637
0.999648
0.999659
0.999671
0.999683
0.999696
0.99971
0.999724
0.999738
0.999752
0.999767
0.999781
0.999795
0.999809
0.999823
0.999837
0.999851
0.999865
0.999878
0.999891
0.999904
0.999916
0.999929
0.999941
0.999953
0.999964
0.999976
0.999987
0.999998
1
1
1
1
1
1
1
1
1
1
1
1
1
1
1
1
1
1
1
1
1
1
1
1
1
1
1
1
1
1
1
1
1
1
1
1
0.997954
0.992831
0.991558
0.985335
0.982663
0.980722
0.980793
0.980999
0.983662
0.984517
0.988411
0.991792
0.999997
1
0.999622
0.999618
0.999619
0.999624
0.999631
0.999639
0.999649
0.99966
0.999671
0.999684
0.999696
0.99971
0.999724
0.999738
0.999752
0.999766
0.999781
0.999795
0.999809
0.999823
0.999837
0.999851
0.999864
0.999878
0.999891
0.999904
0.999916
0.999929
0.999941
0.999953
0.999964
0.999976
0.999987
0.999998
1
1
1
1
1
1
1
1
1
1
1
1
1
1
1
1
1
1
1
1
1
1
1
1
1
1
1
1
1
1
1
1
1
1
1
0.915953
0.91596
0.915902
0.915311
0.914056
0.91429
0.913588
0.915586
0.917397
0.917502
0.91769
0.917975
0.914806
0.909013
0.999981
0.999612
0.999617
0.99962
0.999626
0.999632
0.99964
0.99965
0.99966
0.999672
0.999684
0.999697
0.99971
0.999724
0.999738
0.999752
0.999766
0.999781
0.999795
0.999809
0.999823
0.999837
0.999851
0.999864
0.999878
0.999891
0.999904
0.999916
0.999929
0.999941
0.999953
0.999964
0.999976
0.999987
0.999998
1
1
1
1
1
1
1
1
1
1
1
1
1
1
1
1
1
1
1
1
1
1
1
1
1
1
1
1
1
1
1
1
1
1
1
0.0564893
0.056604
0.0570511
0.0563604
0.0558748
0.0552841
0.0554917
0.0535038
0.0531212
0.0524532
0.0514542
0.0522418
0.0544755
0.0647781
0.0801444
0.116868
0.164057
0.210946
0.279306
0.373265
0.460117
0.572853
0.623238
0.585041
0.709652
0.696496
0.74093
0.743751
0.790564
0.948252
0.949383
0.927319
0.945424
0.96048
0.992861
0.978518
0.982677
0.999864
0.988238
0.990078
0.991602
0.999916
0.993373
0.999941
0.999953
0.999964
0.995386
0.999987
0.995847
1
1
0.996234
0.996344
0.996419
0.996385
0.99647
1
1
1
0.996627
0.996666
1
0.996721
0.996733
1
0.996691
0.996721
1
1
0.996643
0.996601
1
1
1
1
1
0.996279
1
1
1
0.996446
0.996491
0.996486
1
0.00732511
0.00714034
0.00648222
0.00774851
0.00613135
0.00597847
0.00626868
0.00720327
0.00679038
0.00730466
0.0083986
0.00805691
0.00762398
0.00711761
0.0068278
0.00665667
0.00658184
0.00650378
0.00674805
0.0065139
0.0059063
0.00539662
0.00493664
0.00449767
0.0040734
0.00372897
0.00349279
0.0032579
0.00294186
0.00311821
0.00343399
0.00379532
0.00416941
0.00452038
0.00482338
0.00506993
0.00525985
0.00540258
0.00551193
0.00559831
0.00567297
0.00574163
0.00580929
0.00588512
0.00596403
0.00604742
0.00613578
0.00623196
0.00633251
0.0064439
0.00655869
0.00667516
0.00678789
0.00689374
0.00698994
0.0070744
0.00714661
0.00721487
0.00728068
0.00734308
0.00738839
0.0074166
0.0074448
0.00745445
0.00744494
0.00744458
0.00742357
0.00738121
0.00734476
0.00732222
0.00727592
0.00720587
0.00714315
0.0070827
0.00702347
0.00696711
0.00695192
0.00691057
0.00692781
0.00695811
0.00700648
0.00702366
0.0070048
0.00695358
0
0
0
0
0
0
0
0
0
0
0
0
0
0
0
0
0
0
0
0
0
0
0
0
0
0
0
0
0
0
0
0
0
0
0
0
0
0
0
0
0
0
0
0
0
0
0
0
0
0
0
0
0
0
0
0
0
0
0
0
0
0
0
0
0
0
0
0
0
0
0
0
0
0
0
0
0
0
0
0
0
0
0
0
0
0
0
0
0
0
0
0
0
0
0
0
0
0
0
0
0
0
0
0
0
0
0
0
0
0
0
0
0
0
0
0
0
0
0
0
0
0
0
0
0
0
0
0
0
0
0
0
0
0
0
0
0
0
0
0
0
0
0
0
0
0
0
0
0
0
0
0
0
0
0
0
0
0
0
0
0
0
0
0
0
0
0
0
0
0
0
0
0
0
0
0
0
0
0
0
0
0
0
0
0
0
0
0
0
0
0
0
0
0
0
0
0
0
0
0
0
0
0
0
0
0
0
0
0
0
0
0
0
0
0
0
0
0
0
0
0
0
0
0
0
0
0
0
0
0
0
0
0
0
0
0
0
0
0
0
0
0
0
0
0
0
0
0
0
0
0
0
0
0
0
0
0
0
0
0
0
0
0
0
0
0
0
0
0
0
0
0
0
0
0
0
0
0
0
0
0
0
0
0
0
0
0
0
0
0
0
0
0
0
0
0
0
0
0
0
0
0
0
0
0
0
0
0
0
0
0
0
0
0
0
0
0
0
0
0
0
0
0
0
0
0
0
0
0
0
0
0
0
0
0
0
0
0
0
0
0
0
0
0
0
0
0
0
0
0
0
0
0
0
0
0
0
0
0
0
0
0
0
0
0
0
0
0
0
0
0
0
0
0
0
0
0
0
0
0
0
0
0
0
0
0
0
0
0
0
0
0
0
0
0
0
0
0
0
0
0
0
0
0
0
0
0
0
0
0
0
0
0
0
0
0
0
0
0
0
0
0
0
0
0
0
0
0
0
0
0
0
0
0
0
0
0
0
0
0
0
0
0
0
0
0
0
0
0
0
0
0
0
0
0
0
0
0
0
0
0
0
0
0
0
0
0
0
0
0
0
0
0
0
0
0
0
0
0
0
0
0
0
0
0
0
0
0
0
0
0
0
0
0
0
0
0
0
0
0
0
0
0
0
)
;

boundaryField
{
    hot
    {
        type            calculated;
        value           nonuniform List<scalar> 
64
(
1
1
1
1
1
1
1
1
1
1
1
1
1
1
1
1
1
1
1
1
1
1
1
1
1
1
1
1
1
1
1
1
1
1
1
1
1
1
1
1
1
1
1
1
1
1
1
1
1
1
1
1
1
1
1
1
1
1
1
1
1
1
0.915953
0.0564893
)
;
    }
    hotTop
    {
        type            calculated;
        value           nonuniform List<scalar> 7(0.00732511 0.000227354 0 0 0 0 0);
    }
    cold
    {
        type            calculated;
        value           uniform 1;
    }
    coldTop
    {
        type            calculated;
        value           nonuniform List<scalar> 7(0.00695358 1.58598e-06 0 0 0 0 0);
    }
    top
    {
        type            calculated;
        value           uniform 0;
    }
    btm
    {
        type            calculated;
        value           nonuniform List<scalar> 
84
(
1
1
1
1
1
1
1
1
1
1
1
1
1
1
1
1
1
1
1
1
1
1
1
1
1
1
1
1
1
1
1
1
1
1
1
1
1
1
1
1
1
1
1
1
1
1
1
1
1
1
1
1
1
1
1
1
1
1
1
1
1
1
1
1
1
1
1
1
1
1
1
1
1
1
1
1
1
1
1
1
1
1
1
1
)
;
    }
    frontAndBack
    {
        type            empty;
    }
}


// ************************************************************************* //
