/*--------------------------------*- C++ -*----------------------------------*\
  =========                 |
  \\      /  F ield         | OpenFOAM: The Open Source CFD Toolbox
   \\    /   O peration     | Website:  https://openfoam.org
    \\  /    A nd           | Version:  6
     \\/     M anipulation  |
\*---------------------------------------------------------------------------*/
FoamFile
{
    version     2.0;
    format      ascii;
    class       volVectorField;
    location    "950";
    object      S_Marg;
}
// * * * * * * * * * * * * * * * * * * * * * * * * * * * * * * * * * * * * * //

dimensions      [1 -2 -2 0 0 0 0];

internalField   nonuniform List<vector> 
4800
(
(0 -0 -0)
(1.89302e-15 -0 -1.10002e-17)
(0 -0 -0)
(0 -0 -0)
(0 -0 -0)
(0 -0 -0)
(0 -0 -0)
(0 -0 -0)
(0 -0 -0)
(0 -0 -0)
(0 -0 -0)
(0 -0 -0)
(0 -0 -0)
(0 -0 -0)
(8.49107e-16 -0 -3.38773e-17)
(0 -0 -0)
(0 -0 -0)
(7.46289e-16 -0 -3.19511e-17)
(0 -0 -0)
(0 -0 -0)
(6.85249e-16 -0 -2.75931e-17)
(0 -0 -0)
(0 -0 -0)
(0 -0 -0)
(0 -0 -0)
(0 -0 -0)
(0 -0 -0)
(0 -0 -0)
(6.59766e-16 -0 -1.63615e-17)
(0 -0 -0)
(0 -0 -0)
(0 -0 -0)
(0 -0 -0)
(0 -0 -0)
(8.14257e-16 -0 -3.99442e-18)
(0 -0 -0)
(0 -0 -0)
(0 -0 -0)
(0 -0 -0)
(0 -0 -0)
(9.79461e-16 -0 -3.89756e-18)
(0 -0 -0)
(0 -0 -0)
(0 -0 -0)
(0 -0 -0)
(0 -0 -0)
(0 -0 -0)
(0 -0 -0)
(0 -0 -0)
(0 -0 -0)
(0 -0 -0)
(0 -0 -0)
(0 -0 -0)
(0 -0 -0)
(0 -0 -0)
(0 -0 -0)
(0 -0 -0)
(0 -0 -0)
(0 -0 -0)
(0 -0 -0)
(0 -0 -0)
(0 -0 -0)
(0 -0 -0)
(0 -0 -0)
(0 -0 -0)
(0 -0 -0)
(0 -0 -0)
(0 -0 -0)
(0 -0 -0)
(0 -0 -0)
(0 -0 -0)
(0 -0 -0)
(0 -0 -0)
(0 -0 -0)
(0 -0 -0)
(0 -0 -0)
(0 -0 -0)
(0 -0 -0)
(0 -0 -0)
(2.67588 -0 -0.0343117)
(2.7028 -0 -0.0169122)
(0 -0 -0)
(0 -0 -0)
(0 -0 0)
(0 -0 0)
(0 -0 0)
(0 -0 0)
(0 -0 0)
(0 -0 0)
(0 -0 0)
(0 -0 0)
(0 -0 0)
(0 -0 0)
(0 -0 0)
(0 -0 0)
(0 -0 0)
(0 -0 0)
(0 -0 0)
(0 -0 0)
(0 -0 0)
(0 -0 0)
(0 -0 0)
(0 -0 0)
(0 -0 0)
(0 -0 0)
(0 -0 0)
(0 -0 0)
(0 -0 0)
(0 -0 0)
(0 -0 0)
(0 -0 0)
(0 -0 0)
(0 -0 0)
(0 -0 0)
(0 -0 0)
(0 -0 0)
(0 -0 0)
(0 -0 0)
(0 -0 0)
(0 -0 0)
(1.90723e-15 -0 -9.74981e-18)
(0 -0 -0)
(0 -0 -0)
(0 -0 -0)
(0 -0 -0)
(0 -0 -0)
(0 -0 -0)
(0 -0 -0)
(0 -0 -0)
(0 -0 -0)
(0 -0 -0)
(0 -0 -0)
(0 -0 -0)
(0 -0 -0)
(0 -0 -0)
(0 -0 -0)
(0 -0 -0)
(0 -0 -0)
(0 -0 -0)
(0 -0 -0)
(0 -0 -0)
(0 -0 -0)
(0 -0 -0)
(0 -0 -0)
(0 -0 -0)
(0 -0 -0)
(0 -0 -0)
(0 -0 -0)
(0 -0 -0)
(0 -0 -0)
(0 -0 -0)
(0 -0 -0)
(0 -0 -0)
(0 -0 -0)
(0 -0 -0)
(0 -0 -0)
(0 -0 -0)
(0 -0 -0)
(0 -0 -0)
(0 -0 -0)
(0 -0 -0)
(0 -0 -0)
(0 -0 -0)
(0 -0 -0)
(0 -0 -0)
(0 -0 -0)
(0 -0 -0)
(0 -0 -0)
(0 -0 -0)
(0 -0 -0)
(0 -0 -0)
(0 -0 -0)
(0 -0 -0)
(0 -0 -0)
(0 -0 -0)
(0 -0 -0)
(0 -0 -0)
(0 -0 -0)
(0 -0 -0)
(0 -0 -0)
(0 -0 -0)
(0 -0 -0)
(0 -0 -0)
(0 -0 -0)
(0 -0 -0)
(0 -0 -0)
(0 -0 -0)
(0 -0 -0)
(0 -0 -0)
(0 -0 -0)
(0 -0 -0)
(0 -0 -0)
(0 -0 -0)
(0 -0 -0)
(0 -0 -0)
(0 -0 -0)
(0 -0 -0)
(0 -0 -0)
(0 -0 -0)
(2.71335 -0 -0.0905769)
(2.73 -0 -0.0432322)
(0 -0 -0)
(0 -0 -0)
(0 -0 0)
(0 -0 0)
(0 -0 0)
(0 -0 0)
(0 -0 0)
(0 -0 0)
(0 -0 0)
(0 -0 0)
(0 -0 0)
(0 -0 0)
(0 -0 0)
(0 -0 0)
(0 -0 0)
(0 -0 0)
(0 -0 0)
(0 -0 0)
(0 -0 0)
(0 -0 0)
(0 -0 0)
(0 -0 0)
(0 -0 0)
(0 -0 0)
(0 -0 0)
(0 -0 0)
(0 -0 0)
(0 -0 0)
(0 -0 0)
(0 -0 0)
(0 -0 0)
(0 -0 0)
(0 -0 0)
(0 -0 0)
(0 -0 0)
(0 -0 0)
(0 -0 0)
(0 -0 0)
(0 -0 0)
(0 -0 -0)
(0 -0 -0)
(0 -0 -0)
(0 -0 -0)
(0 -0 -0)
(0 -0 -0)
(0 -0 -0)
(0 -0 -0)
(0 -0 -0)
(0 -0 -0)
(0 -0 -0)
(0 -0 -0)
(0 -0 -0)
(0 -0 -0)
(0 -0 -0)
(0 -0 -0)
(0 -0 -0)
(0 -0 -0)
(0 -0 -0)
(0 -0 -0)
(0 -0 -0)
(0 -0 -0)
(0 -0 -0)
(0 -0 -0)
(0 -0 -0)
(0 -0 -0)
(0 -0 -0)
(0 -0 -0)
(0 -0 -0)
(0 -0 -0)
(0 -0 -0)
(0 -0 -0)
(0 -0 -0)
(0 -0 -0)
(0 -0 -0)
(0 -0 -0)
(0 -0 -0)
(0 -0 -0)
(0 -0 -0)
(0 -0 -0)
(0 -0 -0)
(0 -0 -0)
(0 -0 -0)
(0 -0 -0)
(0 -0 -0)
(0 -0 -0)
(0 -0 -0)
(0 -0 -0)
(0 -0 -0)
(0 -0 -0)
(0 -0 -0)
(0 -0 -0)
(0 -0 -0)
(0 -0 -0)
(0 -0 -0)
(0 -0 -0)
(0 -0 -0)
(0 -0 -0)
(0 -0 -0)
(0 -0 -0)
(0 -0 -0)
(0 -0 -0)
(0 -0 -0)
(0 -0 -0)
(0 -0 -0)
(0 -0 -0)
(0 -0 -0)
(0 -0 -0)
(0 -0 -0)
(0 -0 -0)
(0 -0 -0)
(0 -0 -0)
(0 -0 -0)
(0 -0 -0)
(0 -0 -0)
(0 -0 -0)
(0 -0 -0)
(0 -0 -0)
(0 -0 -0)
(2.78205 -0 -0.105971)
(2.77628 -0 -0.0485972)
(0 -0 -0)
(0 -0 0)
(0 -0 0)
(0 -0 0)
(0 -0 0)
(0 -0 0)
(0 -0 0)
(0 -0 0)
(0 -0 0)
(0 -0 0)
(0 -0 0)
(0 -0 0)
(0 -0 0)
(0 -0 0)
(0 -0 0)
(0 -0 0)
(0 -0 0)
(0 -0 0)
(0 -0 0)
(0 -0 0)
(0 -0 0)
(0 -0 0)
(0 -0 0)
(0 -0 0)
(0 -0 0)
(0 -0 0)
(0 -0 0)
(0 -0 0)
(0 -0 0)
(0 -0 0)
(0 -0 0)
(0 -0 0)
(0 -0 0)
(0 -0 0)
(0 -0 0)
(0 -0 0)
(0 -0 0)
(0 -0 0)
(0 -0 0)
(0 -0 -0)
(0 -0 -0)
(0 -0 -0)
(0 -0 -0)
(0 -0 -0)
(0 -0 -0)
(0 -0 -0)
(0 -0 -0)
(0 -0 -0)
(0 -0 -0)
(0 -0 -0)
(0 -0 -0)
(0 -0 -0)
(0 -0 -0)
(0 -0 -0)
(0 -0 -0)
(0 -0 -0)
(0 -0 -0)
(0 -0 -0)
(0 -0 -0)
(0 -0 -0)
(0 -0 -0)
(0 -0 -0)
(0 -0 -0)
(0 -0 -0)
(0 -0 -0)
(0 -0 -0)
(0 -0 -0)
(0 -0 -0)
(0 -0 -0)
(0 -0 -0)
(0 -0 -0)
(0 -0 -0)
(0 -0 -0)
(0 -0 -0)
(0 -0 -0)
(0 -0 -0)
(0 -0 -0)
(0 -0 -0)
(0 -0 -0)
(0 -0 -0)
(0 -0 -0)
(0 -0 -0)
(0 -0 -0)
(0 -0 -0)
(0 -0 -0)
(0 -0 -0)
(0 -0 -0)
(0 -0 -0)
(0 -0 -0)
(0 -0 -0)
(0 -0 -0)
(0 -0 -0)
(0 -0 -0)
(0 -0 -0)
(0 -0 -0)
(0 -0 -0)
(0 -0 -0)
(0 -0 -0)
(0 -0 -0)
(0 -0 -0)
(0 -0 -0)
(0 -0 -0)
(0 -0 -0)
(0 -0 -0)
(0 -0 -0)
(0 -0 -0)
(0 -0 -0)
(0 -0 -0)
(0 -0 -0)
(0 -0 -0)
(0 -0 -0)
(0 -0 -0)
(0 -0 -0)
(0 -0 -0)
(0 -0 -0)
(0 -0 -0)
(0 -0 -0)
(0 -0 -0)
(2.84186 -0 -0.0800776)
(2.82016 -0 -0.0298045)
(0 -0 -0)
(0 -0 0)
(0 -0 0)
(0 -0 0)
(0 -0 0)
(0 -0 0)
(0 -0 0)
(0 -0 0)
(0 -0 0)
(0 -0 0)
(0 -0 0)
(0 -0 0)
(0 -0 0)
(0 -0 0)
(0 -0 0)
(0 -0 0)
(0 -0 0)
(0 -0 0)
(0 -0 0)
(0 -0 0)
(0 -0 0)
(0 -0 0)
(0 -0 0)
(0 -0 0)
(0 -0 0)
(0 -0 0)
(0 -0 0)
(0 -0 0)
(0 -0 0)
(0 -0 0)
(0 -0 0)
(0 -0 0)
(0 -0 0)
(0 -0 0)
(0 -0 0)
(0 -0 0)
(0 -0 0)
(0 -0 0)
(0 -0 0)
(0 -0 -0)
(0 -0 -0)
(0 -0 -0)
(0 -0 -0)
(0 -0 -0)
(0 -0 -0)
(0 -0 -0)
(0 -0 -0)
(0 -0 -0)
(0 -0 -0)
(0 -0 -0)
(0 -0 -0)
(0 -0 -0)
(0 -0 -0)
(0 -0 -0)
(0 -0 -0)
(0 -0 -0)
(0 -0 -0)
(0 -0 -0)
(0 -0 -0)
(0 -0 -0)
(0 -0 -0)
(0 -0 -0)
(0 -0 -0)
(0 -0 -0)
(0 -0 -0)
(0 -0 -0)
(0 -0 -0)
(0 -0 -0)
(0 -0 -0)
(0 -0 -0)
(0 -0 -0)
(0 -0 -0)
(0 -0 -0)
(0 -0 -0)
(0 -0 -0)
(0 -0 -0)
(0 -0 -0)
(0 -0 -0)
(0 -0 -0)
(0 -0 -0)
(0 -0 -0)
(0 -0 -0)
(0 -0 -0)
(0 -0 -0)
(0 -0 -0)
(0 -0 -0)
(0 -0 -0)
(0 -0 -0)
(0 -0 -0)
(0 -0 -0)
(0 -0 -0)
(0 -0 -0)
(0 -0 -0)
(0 -0 -0)
(0 -0 -0)
(0 -0 -0)
(0 -0 -0)
(0 -0 -0)
(0 -0 -0)
(0 -0 -0)
(0 -0 -0)
(0 -0 -0)
(0 -0 -0)
(0 -0 -0)
(0 -0 -0)
(0 -0 -0)
(0 -0 -0)
(0 -0 -0)
(0 -0 -0)
(0 -0 -0)
(0 -0 -0)
(0 -0 -0)
(0 -0 -0)
(0 -0 -0)
(0 -0 -0)
(0 -0 -0)
(0 -0 -0)
(0 -0 -0)
(2.88859 -0 -0.0136633)
(2.85551 -0 0.0096587)
(0 -0 0)
(0 -0 0)
(0 -0 0)
(0 -0 0)
(0 -0 0)
(0 -0 0)
(0 -0 0)
(0 -0 0)
(0 -0 0)
(0 -0 0)
(0 -0 0)
(0 -0 0)
(0 -0 0)
(0 -0 0)
(0 -0 0)
(0 -0 0)
(0 -0 0)
(0 -0 0)
(0 -0 0)
(0 -0 0)
(0 -0 0)
(0 -0 0)
(0 -0 0)
(0 -0 0)
(0 -0 0)
(0 -0 0)
(0 -0 0)
(0 -0 0)
(0 -0 0)
(0 -0 0)
(0 -0 0)
(0 -0 0)
(0 -0 0)
(0 -0 0)
(0 -0 0)
(0 -0 0)
(0 -0 0)
(0 -0 0)
(0 -0 0)
(0 -0 -0)
(0 -0 -0)
(0 -0 -0)
(0 -0 -0)
(0 -0 -0)
(0 -0 -0)
(0 -0 -0)
(0 -0 -0)
(0 -0 -0)
(0 -0 -0)
(0 -0 -0)
(0 -0 -0)
(0 -0 -0)
(0 -0 -0)
(0 -0 -0)
(0 -0 -0)
(0 -0 -0)
(0 -0 -0)
(0 -0 -0)
(0 -0 -0)
(0 -0 -0)
(0 -0 -0)
(0 -0 -0)
(0 -0 -0)
(0 -0 -0)
(0 -0 -0)
(0 -0 -0)
(0 -0 -0)
(0 -0 -0)
(0 -0 -0)
(0 -0 -0)
(0 -0 -0)
(0 -0 -0)
(0 -0 -0)
(0 -0 -0)
(0 -0 -0)
(0 -0 -0)
(0 -0 -0)
(0 -0 -0)
(0 -0 -0)
(0 -0 -0)
(0 -0 -0)
(0 -0 -0)
(0 -0 -0)
(0 -0 -0)
(0 -0 -0)
(0 -0 -0)
(0 -0 -0)
(0 -0 -0)
(0 -0 -0)
(0 -0 -0)
(0 -0 -0)
(0 -0 -0)
(0 -0 -0)
(0 -0 -0)
(0 -0 -0)
(0 -0 -0)
(0 -0 -0)
(0 -0 -0)
(0 -0 -0)
(0 -0 -0)
(0 -0 -0)
(0 -0 -0)
(0 -0 -0)
(0 -0 -0)
(0 -0 -0)
(0 -0 -0)
(0 -0 -0)
(0 -0 -0)
(0 -0 -0)
(0 -0 -0)
(0 -0 0)
(0 -0 0)
(0 -0 0)
(0 -0 0)
(0 -0 0)
(0 -0 0)
(0 -0 0)
(0 -0 0)
(2.88881 -0 0.0605651)
(2.85949 -0 0.0556417)
(0 -0 0)
(0 -0 0)
(0 -0 0)
(0 -0 0)
(0 -0 0)
(0 -0 0)
(0 -0 0)
(0 -0 0)
(0 -0 0)
(0 -0 0)
(0 -0 0)
(0 -0 0)
(0 -0 0)
(0 -0 0)
(0 -0 0)
(0 -0 0)
(0 -0 0)
(0 -0 0)
(0 -0 0)
(0 -0 0)
(0 -0 0)
(0 -0 0)
(0 -0 0)
(0 -0 0)
(0 -0 0)
(0 -0 0)
(0 -0 0)
(0 -0 0)
(0 -0 0)
(0 -0 0)
(0 -0 0)
(0 -0 0)
(0 -0 0)
(0 -0 0)
(0 -0 0)
(0 -0 0)
(0 -0 0)
(0 -0 0)
(0 -0 0)
(0 -0 -0)
(0 -0 -0)
(0 -0 -0)
(0 -0 -0)
(0 -0 -0)
(0 -0 -0)
(0 -0 -0)
(0 -0 -0)
(0 -0 -0)
(0 -0 -0)
(0 -0 -0)
(0 -0 -0)
(0 -0 -0)
(0 -0 -0)
(0 -0 -0)
(0 -0 -0)
(0 -0 -0)
(0 -0 -0)
(0 -0 -0)
(0 -0 -0)
(0 -0 -0)
(0 -0 -0)
(0 -0 -0)
(0 -0 -0)
(0 -0 -0)
(0 -0 -0)
(0 -0 -0)
(0 -0 -0)
(0 -0 -0)
(0 -0 -0)
(0 -0 -0)
(0 -0 -0)
(0 -0 -0)
(0 -0 -0)
(0 -0 -0)
(0 -0 -0)
(0 -0 -0)
(0 -0 -0)
(0 -0 -0)
(0 -0 -0)
(0 -0 -0)
(0 -0 -0)
(0 -0 -0)
(0 -0 -0)
(0 -0 -0)
(0 -0 -0)
(0 -0 -0)
(0 -0 -0)
(0 -0 -0)
(0 -0 -0)
(0 -0 -0)
(0 -0 -0)
(0 -0 -0)
(0 -0 -0)
(0 -0 -0)
(0 -0 -0)
(0 -0 -0)
(0 -0 -0)
(0 -0 -0)
(0 -0 -0)
(0 -0 -0)
(0 -0 -0)
(0 -0 -0)
(0 -0 -0)
(0 -0 -0)
(0 -0 -0)
(0 -0 -0)
(0 -0 -0)
(0 -0 -0)
(0 -0 -0)
(0 -0 0)
(0 -0 0)
(0 -0 0)
(0 -0 0)
(0 -0 0)
(0 -0 0)
(0 -0 0)
(0 -0 0)
(0 -0 0)
(2.87395 -0 0.104232)
(2.85221 -0 0.0941306)
(0 -0 0)
(0 -0 0)
(0 -0 0)
(0 -0 0)
(0 -0 0)
(0 -0 0)
(0 -0 0)
(0 -0 0)
(0 -0 0)
(0 -0 0)
(0 -0 0)
(0 -0 0)
(0 -0 0)
(0 -0 0)
(0 -0 0)
(0 -0 0)
(0 -0 0)
(0 -0 0)
(0 -0 0)
(0 -0 0)
(0 -0 0)
(0 -0 0)
(0 -0 0)
(0 -0 0)
(0 -0 0)
(0 -0 0)
(0 -0 0)
(0 -0 0)
(0 -0 0)
(0 -0 0)
(0 -0 0)
(0 -0 0)
(0 -0 0)
(0 -0 0)
(0 -0 0)
(0 -0 0)
(0 -0 0)
(0 -0 0)
(0 -0 0)
(0 -0 -0)
(0 -0 -0)
(0 -0 -0)
(0 -0 -0)
(0 -0 -0)
(0 -0 -0)
(0 -0 -0)
(0 -0 -0)
(0 -0 -0)
(0 -0 -0)
(0 -0 -0)
(0 -0 -0)
(0 -0 -0)
(0 -0 -0)
(0 -0 -0)
(0 -0 -0)
(0 -0 -0)
(0 -0 -0)
(0 -0 -0)
(0 -0 -0)
(0 -0 -0)
(0 -0 -0)
(0 -0 -0)
(0 -0 -0)
(0 -0 -0)
(0 -0 -0)
(0 -0 -0)
(0 -0 -0)
(0 -0 -0)
(0 -0 -0)
(0 -0 -0)
(0 -0 -0)
(0 -0 -0)
(0 -0 -0)
(0 -0 -0)
(0 -0 -0)
(0 -0 -0)
(0 -0 -0)
(0 -0 -0)
(0 -0 -0)
(0 -0 -0)
(0 -0 -0)
(0 -0 -0)
(0 -0 -0)
(0 -0 -0)
(0 -0 -0)
(0 -0 -0)
(0 -0 -0)
(0 -0 -0)
(0 -0 -0)
(0 -0 -0)
(0 -0 -0)
(0 -0 -0)
(0 -0 -0)
(0 -0 -0)
(0 -0 -0)
(0 -0 -0)
(0 -0 -0)
(0 -0 -0)
(0 -0 -0)
(0 -0 -0)
(0 -0 -0)
(0 -0 -0)
(0 -0 -0)
(0 -0 -0)
(0 -0 -0)
(0 -0 -0)
(0 -0 -0)
(0 -0 -0)
(0 -0 0)
(0 -0 0)
(0 -0 0)
(0 -0 0)
(0 -0 0)
(0 -0 0)
(0 -0 0)
(0 -0 0)
(0 -0 0)
(0 -0 0)
(2.86146 -0 0.145692)
(2.84278 -0 0.127908)
(0 -0 0)
(0 -0 0)
(0 -0 0)
(0 -0 0)
(0 -0 0)
(0 -0 0)
(0 -0 0)
(0 -0 0)
(0 -0 0)
(0 -0 0)
(0 -0 0)
(0 -0 0)
(0 -0 0)
(0 -0 0)
(0 -0 0)
(0 -0 0)
(0 -0 0)
(0 -0 0)
(0 -0 0)
(0 -0 0)
(0 -0 0)
(0 -0 0)
(0 -0 0)
(0 -0 0)
(0 -0 0)
(0 -0 0)
(0 -0 0)
(0 -0 0)
(0 -0 0)
(0 -0 0)
(0 -0 0)
(0 -0 0)
(0 -0 0)
(0 -0 0)
(0 -0 0)
(0 -0 0)
(0 -0 0)
(0 -0 0)
(0 -0 0)
(0 -0 -0)
(0 -0 -0)
(0 -0 -0)
(0 -0 -0)
(0 -0 -0)
(0 -0 -0)
(0 -0 -0)
(0 -0 -0)
(0 -0 -0)
(0 -0 -0)
(0 -0 -0)
(0 -0 -0)
(0 -0 -0)
(0 -0 -0)
(0 -0 -0)
(0 -0 -0)
(0 -0 -0)
(0 -0 -0)
(0 -0 -0)
(0 -0 -0)
(0 -0 -0)
(0 -0 -0)
(0 -0 -0)
(0 -0 -0)
(0 -0 -0)
(0 -0 -0)
(0 -0 -0)
(0 -0 -0)
(0 -0 -0)
(0 -0 -0)
(0 -0 -0)
(0 -0 -0)
(0 -0 -0)
(0 -0 -0)
(0 -0 -0)
(0 -0 -0)
(0 -0 -0)
(0 -0 -0)
(0 -0 -0)
(0 -0 -0)
(0 -0 -0)
(0 -0 -0)
(0 -0 -0)
(0 -0 -0)
(0 -0 -0)
(0 -0 -0)
(0 -0 -0)
(0 -0 -0)
(0 -0 -0)
(0 -0 -0)
(0 -0 -0)
(0 -0 -0)
(0 -0 -0)
(0 -0 -0)
(0 -0 -0)
(0 -0 -0)
(0 -0 -0)
(0 -0 -0)
(0 -0 -0)
(0 -0 -0)
(0 -0 -0)
(0 -0 -0)
(0 -0 -0)
(0 -0 -0)
(0 -0 -0)
(0 -0 -0)
(0 -0 -0)
(0 -0 -0)
(0 -0 -0)
(0 -0 0)
(0 -0 0)
(0 -0 0)
(0 -0 0)
(0 -0 0)
(0 -0 0)
(0 -0 0)
(0 -0 0)
(0 -0 0)
(0 -0 0)
(2.8305 -0 0.18185)
(2.82116 -0 0.155676)
(0 -0 0)
(0 -0 0)
(0 -0 0)
(0 -0 0)
(0 -0 0)
(0 -0 0)
(0 -0 0)
(0 -0 0)
(0 -0 0)
(0 -0 0)
(0 -0 0)
(0 -0 0)
(0 -0 0)
(0 -0 0)
(0 -0 0)
(0 -0 0)
(0 -0 0)
(0 -0 0)
(0 -0 0)
(0 -0 0)
(0 -0 0)
(0 -0 0)
(0 -0 0)
(0 -0 0)
(0 -0 0)
(0 -0 0)
(0 -0 0)
(0 -0 0)
(0 -0 0)
(0 -0 0)
(0 -0 0)
(0 -0 0)
(0 -0 0)
(0 -0 0)
(0 -0 0)
(0 -0 0)
(0 -0 0)
(0 -0 0)
(0 -0 0)
(0 -0 -0)
(0 -0 -0)
(0 -0 -0)
(0 -0 -0)
(0 -0 -0)
(0 -0 -0)
(0 -0 -0)
(0 -0 -0)
(0 -0 -0)
(0 -0 -0)
(0 -0 -0)
(0 -0 -0)
(0 -0 -0)
(0 -0 -0)
(0 -0 -0)
(0 -0 -0)
(0 -0 -0)
(0 -0 -0)
(0 -0 -0)
(0 -0 -0)
(0 -0 -0)
(0 -0 -0)
(0 -0 -0)
(0 -0 -0)
(0 -0 -0)
(0 -0 -0)
(0 -0 -0)
(0 -0 -0)
(0 -0 -0)
(0 -0 -0)
(0 -0 -0)
(0 -0 -0)
(0 -0 -0)
(0 -0 -0)
(0 -0 -0)
(0 -0 -0)
(0 -0 -0)
(0 -0 -0)
(0 -0 -0)
(0 -0 -0)
(0 -0 -0)
(0 -0 -0)
(0 -0 -0)
(0 -0 -0)
(0 -0 -0)
(0 -0 -0)
(0 -0 -0)
(0 -0 -0)
(0 -0 -0)
(0 -0 -0)
(0 -0 -0)
(0 -0 -0)
(0 -0 -0)
(0 -0 -0)
(0 -0 -0)
(0 -0 -0)
(0 -0 -0)
(0 -0 -0)
(0 -0 -0)
(0 -0 -0)
(0 -0 -0)
(0 -0 -0)
(0 -0 -0)
(0 -0 -0)
(0 -0 -0)
(0 -0 -0)
(0 -0 -0)
(0 -0 -0)
(0 -0 -0)
(0 -0 0)
(0 -0 0)
(0 -0 0)
(0 -0 0)
(0 -0 0)
(0 -0 0)
(0 -0 0)
(0 -0 0)
(0 -0 0)
(0 -0 0)
(2.80025 -0 0.198887)
(2.79809 -0 0.174212)
(0 -0 0)
(0 -0 0)
(0 -0 0)
(0 -0 0)
(0 -0 0)
(0 -0 0)
(0 -0 0)
(0 -0 0)
(0 -0 0)
(0 -0 0)
(0 -0 0)
(0 -0 0)
(0 -0 0)
(0 -0 0)
(0 -0 0)
(0 -0 0)
(0 -0 0)
(0 -0 0)
(0 -0 0)
(0 -0 0)
(0 -0 0)
(0 -0 0)
(0 -0 0)
(0 -0 0)
(0 -0 0)
(0 -0 0)
(0 -0 0)
(0 -0 0)
(0 -0 0)
(0 -0 0)
(0 -0 0)
(0 -0 0)
(0 -0 0)
(0 -0 0)
(0 -0 0)
(0 -0 0)
(0 -0 0)
(0 -0 0)
(0 -0 0)
(0 -0 -0)
(0 -0 -0)
(0 -0 -0)
(0 -0 -0)
(0 -0 -0)
(0 -0 -0)
(0 -0 -0)
(0 -0 -0)
(0 -0 -0)
(0 -0 -0)
(0 -0 -0)
(0 -0 -0)
(0 -0 -0)
(0 -0 -0)
(0 -0 -0)
(0 -0 -0)
(0 -0 -0)
(0 -0 -0)
(0 -0 -0)
(0 -0 -0)
(0 -0 -0)
(0 -0 -0)
(0 -0 -0)
(0 -0 -0)
(0 -0 -0)
(0 -0 -0)
(0 -0 -0)
(0 -0 -0)
(0 -0 -0)
(0 -0 -0)
(0 -0 -0)
(0 -0 -0)
(0 -0 -0)
(0 -0 -0)
(0 -0 -0)
(0 -0 -0)
(0 -0 -0)
(0 -0 -0)
(0 -0 -0)
(0 -0 -0)
(0 -0 -0)
(0 -0 -0)
(0 -0 -0)
(0 -0 -0)
(0 -0 -0)
(0 -0 -0)
(0 -0 -0)
(0 -0 -0)
(0 -0 -0)
(0 -0 -0)
(0 -0 -0)
(0 -0 -0)
(0 -0 -0)
(0 -0 -0)
(0 -0 -0)
(0 -0 -0)
(0 -0 -0)
(0 -0 -0)
(0 -0 -0)
(0 -0 -0)
(0 -0 -0)
(0 -0 -0)
(0 -0 -0)
(0 -0 -0)
(0 -0 -0)
(0 -0 -0)
(0 -0 -0)
(0 -0 -0)
(0 -0 -0)
(0 -0 0)
(0 -0 0)
(0 -0 0)
(0 -0 0)
(0 -0 0)
(0 -0 0)
(0 -0 0)
(0 -0 0)
(0 -0 0)
(0 -0 0)
(2.77197 -0 0.215105)
(2.77602 -0 0.187024)
(0 -0 0)
(0 -0 0)
(0 -0 0)
(0 -0 0)
(0 -0 0)
(0 -0 0)
(0 -0 0)
(0 -0 0)
(0 -0 0)
(0 -0 0)
(0 -0 0)
(0 -0 0)
(0 -0 0)
(0 -0 0)
(0 -0 0)
(0 -0 0)
(0 -0 0)
(0 -0 0)
(0 -0 0)
(0 -0 0)
(0 -0 0)
(0 -0 0)
(0 -0 0)
(0 -0 0)
(0 -0 0)
(0 -0 0)
(0 -0 0)
(0 -0 0)
(0 -0 0)
(0 -0 0)
(0 -0 0)
(0 -0 0)
(0 -0 0)
(0 -0 0)
(0 -0 0)
(0 -0 0)
(0 -0 0)
(0 -0 0)
(0 -0 0)
(0 -0 -0)
(0 -0 -0)
(0 -0 -0)
(0 -0 -0)
(0 -0 -0)
(0 -0 -0)
(0 -0 -0)
(0 -0 -0)
(0 -0 -0)
(0 -0 -0)
(0 -0 -0)
(0 -0 -0)
(0 -0 -0)
(0 -0 -0)
(0 -0 -0)
(0 -0 -0)
(0 -0 -0)
(0 -0 -0)
(0 -0 -0)
(0 -0 -0)
(0 -0 -0)
(0 -0 -0)
(0 -0 -0)
(0 -0 -0)
(0 -0 -0)
(0 -0 -0)
(0 -0 -0)
(0 -0 -0)
(0 -0 -0)
(0 -0 -0)
(0 -0 -0)
(0 -0 -0)
(0 -0 -0)
(0 -0 -0)
(0 -0 -0)
(0 -0 -0)
(0 -0 -0)
(0 -0 -0)
(0 -0 -0)
(0 -0 -0)
(0 -0 -0)
(0 -0 -0)
(0 -0 -0)
(0 -0 -0)
(0 -0 -0)
(0 -0 -0)
(0 -0 -0)
(0 -0 -0)
(0 -0 -0)
(0 -0 -0)
(0 -0 -0)
(0 -0 -0)
(0 -0 -0)
(0 -0 -0)
(0 -0 -0)
(0 -0 -0)
(0 -0 -0)
(0 -0 -0)
(0 -0 -0)
(0 -0 -0)
(0 -0 -0)
(0 -0 -0)
(0 -0 -0)
(0 -0 -0)
(0 -0 -0)
(0 -0 -0)
(0 -0 -0)
(0 -0 -0)
(0 -0 -0)
(0 -0 -0)
(0 -0 0)
(0 -0 0)
(0 -0 0)
(0 -0 0)
(0 -0 0)
(0 -0 0)
(0 -0 0)
(0 -0 0)
(0 -0 0)
(2.73722 -0 0.2236)
(2.74776 -0 0.192588)
(0 -0 0)
(0 -0 0)
(0 -0 0)
(0 -0 0)
(0 -0 0)
(0 -0 0)
(0 -0 0)
(0 -0 0)
(0 -0 0)
(0 -0 0)
(0 -0 0)
(0 -0 0)
(0 -0 0)
(0 -0 0)
(0 -0 0)
(0 -0 0)
(0 -0 0)
(0 -0 0)
(0 -0 0)
(0 -0 0)
(0 -0 0)
(0 -0 0)
(0 -0 0)
(0 -0 0)
(0 -0 0)
(0 -0 0)
(0 -0 0)
(0 -0 0)
(0 -0 0)
(0 -0 0)
(0 -0 0)
(0 -0 0)
(0 -0 0)
(0 -0 0)
(0 -0 0)
(0 -0 0)
(0 -0 0)
(0 -0 0)
(0 -0 0)
(0 -0 -0)
(0 -0 -0)
(0 -0 -0)
(0 -0 -0)
(0 -0 -0)
(0 -0 -0)
(0 -0 -0)
(0 -0 -0)
(0 -0 -0)
(0 -0 -0)
(0 -0 -0)
(0 -0 -0)
(0 -0 -0)
(0 -0 -0)
(0 -0 -0)
(0 -0 -0)
(0 -0 -0)
(0 -0 -0)
(0 -0 -0)
(0 -0 -0)
(0 -0 -0)
(0 -0 -0)
(0 -0 -0)
(0 -0 -0)
(0 -0 -0)
(0 -0 -0)
(0 -0 -0)
(0 -0 -0)
(0 -0 -0)
(0 -0 -0)
(0 -0 -0)
(0 -0 -0)
(0 -0 -0)
(0 -0 -0)
(0 -0 -0)
(0 -0 -0)
(0 -0 -0)
(0 -0 -0)
(0 -0 -0)
(0 -0 -0)
(0 -0 -0)
(0 -0 -0)
(0 -0 -0)
(0 -0 -0)
(0 -0 -0)
(0 -0 -0)
(0 -0 -0)
(0 -0 -0)
(0 -0 -0)
(0 -0 -0)
(0 -0 -0)
(0 -0 -0)
(0 -0 -0)
(0 -0 -0)
(0 -0 -0)
(0 -0 -0)
(0 -0 -0)
(0 -0 -0)
(0 -0 -0)
(0 -0 -0)
(0 -0 -0)
(0 -0 -0)
(0 -0 -0)
(0 -0 -0)
(0 -0 -0)
(0 -0 -0)
(0 -0 -0)
(0 -0 -0)
(0 -0 -0)
(0 -0 -0)
(0 -0 0)
(0 -0 0)
(0 -0 0)
(0 -0 0)
(0 -0 0)
(0 -0 0)
(0 -0 0)
(0 -0 0)
(0 -0 0)
(2.70846 -0 0.213264)
(2.7223 -0 0.188699)
(0 -0 0)
(0 -0 0)
(0 -0 0)
(0 -0 0)
(0 -0 0)
(0 -0 0)
(0 -0 0)
(0 -0 0)
(0 -0 0)
(0 -0 0)
(0 -0 0)
(0 -0 0)
(0 -0 0)
(0 -0 0)
(0 -0 0)
(0 -0 0)
(0 -0 0)
(0 -0 0)
(0 -0 0)
(0 -0 0)
(0 -0 0)
(0 -0 0)
(0 -0 0)
(0 -0 0)
(0 -0 0)
(0 -0 0)
(0 -0 0)
(0 -0 0)
(0 -0 0)
(0 -0 0)
(0 -0 0)
(0 -0 0)
(0 -0 0)
(0 -0 0)
(0 -0 0)
(0 -0 0)
(0 -0 0)
(0 -0 0)
(0 -0 0)
(0 -0 -0)
(0 -0 -0)
(0 -0 -0)
(0 -0 -0)
(0 -0 -0)
(0 -0 -0)
(0 -0 -0)
(0 -0 -0)
(0 -0 -0)
(0 -0 -0)
(0 -0 -0)
(0 -0 -0)
(0 -0 -0)
(0 -0 -0)
(0 -0 -0)
(0 -0 -0)
(0 -0 -0)
(0 -0 -0)
(0 -0 -0)
(0 -0 -0)
(0 -0 -0)
(0 -0 -0)
(0 -0 -0)
(0 -0 -0)
(0 -0 -0)
(0 -0 -0)
(0 -0 -0)
(0 -0 -0)
(0 -0 -0)
(0 -0 -0)
(0 -0 -0)
(0 -0 -0)
(0 -0 -0)
(0 -0 -0)
(0 -0 -0)
(0 -0 -0)
(0 -0 -0)
(0 -0 -0)
(0 -0 -0)
(0 -0 -0)
(0 -0 -0)
(0 -0 -0)
(0 -0 -0)
(0 -0 -0)
(0 -0 -0)
(0 -0 -0)
(0 -0 -0)
(0 -0 -0)
(0 -0 -0)
(0 -0 -0)
(0 -0 -0)
(0 -0 -0)
(0 -0 -0)
(0 -0 -0)
(0 -0 -0)
(0 -0 -0)
(0 -0 -0)
(0 -0 -0)
(0 -0 -0)
(0 -0 -0)
(0 -0 -0)
(0 -0 -0)
(0 -0 -0)
(0 -0 -0)
(0 -0 -0)
(0 -0 -0)
(0 -0 -0)
(0 -0 -0)
(0 -0 -0)
(0 -0 -0)
(0 -0 -0)
(0 -0 0)
(0 -0 0)
(0 -0 0)
(0 -0 0)
(0 -0 0)
(0 -0 0)
(0 -0 0)
(0 -0 0)
(2.68856 -0 0.193719)
(2.70347 -0 0.179246)
(0 -0 0)
(0 -0 0)
(0 -0 0)
(0 -0 0)
(0 -0 0)
(0 -0 0)
(0 -0 0)
(0 -0 0)
(0 -0 0)
(0 -0 0)
(0 -0 0)
(0 -0 0)
(0 -0 0)
(0 -0 0)
(0 -0 0)
(0 -0 0)
(0 -0 0)
(0 -0 0)
(0 -0 0)
(0 -0 0)
(0 -0 0)
(0 -0 0)
(0 -0 0)
(0 -0 0)
(0 -0 0)
(0 -0 0)
(0 -0 0)
(0 -0 0)
(0 -0 0)
(0 -0 0)
(0 -0 0)
(0 -0 0)
(0 -0 0)
(0 -0 0)
(0 -0 0)
(0 -0 0)
(0 -0 0)
(0 -0 0)
(0 -0 0)
(1.31041e-15 -0 -2.26829e-17)
(0 -0 -0)
(0 -0 -0)
(0 -0 -0)
(0 -0 -0)
(0 -0 -0)
(0 -0 -0)
(0 -0 -0)
(0 -0 -0)
(0 -0 -0)
(0 -0 -0)
(0 -0 -0)
(0 -0 -0)
(0 -0 -0)
(0 -0 -0)
(0 -0 -0)
(0 -0 -0)
(0 -0 -0)
(0 -0 -0)
(0 -0 -0)
(0 -0 -0)
(0 -0 -0)
(0 -0 -0)
(0 -0 -0)
(0 -0 -0)
(0 -0 -0)
(0 -0 -0)
(0 -0 -0)
(0 -0 -0)
(0 -0 -0)
(0 -0 -0)
(0 -0 -0)
(0 -0 -0)
(0 -0 -0)
(0 -0 -0)
(0 -0 -0)
(0 -0 -0)
(0 -0 -0)
(0 -0 -0)
(0 -0 -0)
(0 -0 -0)
(0 -0 -0)
(0 -0 -0)
(0 -0 -0)
(0 -0 -0)
(0 -0 -0)
(0 -0 -0)
(0 -0 -0)
(0 -0 -0)
(0 -0 -0)
(0 -0 -0)
(0 -0 -0)
(0 -0 -0)
(0 -0 -0)
(0 -0 -0)
(0 -0 -0)
(0 -0 -0)
(0 -0 -0)
(0 -0 -0)
(0 -0 -0)
(0 -0 -0)
(0 -0 -0)
(0 -0 -0)
(0 -0 -0)
(0 -0 -0)
(0 -0 -0)
(0 -0 -0)
(0 -0 -0)
(0 -0 -0)
(0 -0 -0)
(0 -0 -0)
(0 -0 0)
(0 -0 0)
(0 -0 0)
(0 -0 0)
(0 -0 0)
(0 -0 0)
(0 -0 0)
(0 -0 0)
(2.68018 -0 0.179577)
(2.69263 -0 0.170304)
(0 -0 0)
(0 -0 0)
(0 -0 0)
(0 -0 0)
(0 -0 0)
(0 -0 0)
(0 -0 0)
(0 -0 0)
(0 -0 0)
(0 -0 0)
(0 -0 0)
(0 -0 0)
(0 -0 0)
(0 -0 0)
(0 -0 0)
(0 -0 0)
(0 -0 0)
(0 -0 0)
(0 -0 0)
(0 -0 0)
(0 -0 0)
(0 -0 0)
(0 -0 0)
(0 -0 0)
(0 -0 0)
(0 -0 0)
(0 -0 0)
(0 -0 0)
(0 -0 0)
(0 -0 0)
(0 -0 0)
(0 -0 0)
(0 -0 0)
(0 -0 0)
(0 -0 0)
(0 -0 0)
(0 -0 0)
(0 -0 0)
(0 -0 0)
(0 -0 -0)
(0 -0 -0)
(0 -0 -0)
(0 -0 -0)
(0 -0 -0)
(0 -0 -0)
(0 -0 -0)
(0 -0 -0)
(0 -0 -0)
(0 -0 -0)
(0 -0 -0)
(0 -0 -0)
(0 -0 -0)
(0 -0 -0)
(0 -0 -0)
(0 -0 -0)
(0 -0 -0)
(0 -0 -0)
(0 -0 -0)
(0 -0 -0)
(0 -0 -0)
(0 -0 -0)
(0 -0 -0)
(0 -0 -0)
(0 -0 -0)
(0 -0 -0)
(0 -0 -0)
(0 -0 -0)
(0 -0 -0)
(0 -0 -0)
(0 -0 -0)
(0 -0 -0)
(0 -0 -0)
(0 -0 -0)
(0 -0 -0)
(0 -0 -0)
(0 -0 -0)
(0 -0 -0)
(0 -0 -0)
(0 -0 -0)
(0 -0 -0)
(0 -0 -0)
(0 -0 -0)
(0 -0 -0)
(0 -0 -0)
(0 -0 -0)
(0 -0 -0)
(0 -0 -0)
(0 -0 -0)
(0 -0 -0)
(0 -0 -0)
(0 -0 -0)
(0 -0 -0)
(0 -0 -0)
(0 -0 -0)
(0 -0 -0)
(0 -0 -0)
(0 -0 -0)
(0 -0 -0)
(0 -0 -0)
(0 -0 -0)
(0 -0 -0)
(0 -0 -0)
(0 -0 -0)
(0 -0 -0)
(0 -0 -0)
(0 -0 -0)
(0 -0 -0)
(0 -0 -0)
(0 -0 -0)
(0 -0 -0)
(0 -0 -0)
(0 -0 0)
(0 -0 0)
(0 -0 0)
(0 -0 0)
(0 -0 0)
(0 -0 0)
(0 -0 0)
(2.67155 -0 0.173658)
(2.68204 -0 0.164666)
(0 -0 0)
(0 -0 0)
(0 -0 0)
(0 -0 0)
(0 -0 0)
(0 -0 0)
(0 -0 0)
(0 -0 0)
(0 -0 0)
(0 -0 0)
(0 -0 0)
(0 -0 0)
(0 -0 0)
(0 -0 0)
(0 -0 0)
(0 -0 0)
(0 -0 0)
(0 -0 0)
(0 -0 0)
(0 -0 0)
(0 -0 0)
(0 -0 0)
(0 -0 0)
(0 -0 0)
(0 -0 0)
(0 -0 0)
(0 -0 0)
(0 -0 0)
(0 -0 0)
(0 -0 0)
(0 -0 0)
(0 -0 0)
(0 -0 0)
(0 -0 0)
(0 -0 0)
(0 -0 0)
(0 -0 0)
(0 -0 0)
(0 -0 0)
(0 -0 -0)
(0 -0 -0)
(0 -0 -0)
(0 -0 -0)
(0 -0 -0)
(0 -0 -0)
(0 -0 -0)
(0 -0 -0)
(0 -0 -0)
(0 -0 -0)
(0 -0 -0)
(0 -0 -0)
(0 -0 -0)
(0 -0 -0)
(0 -0 -0)
(0 -0 -0)
(0 -0 -0)
(0 -0 -0)
(0 -0 -0)
(0 -0 -0)
(0 -0 -0)
(0 -0 -0)
(0 -0 -0)
(0 -0 -0)
(0 -0 -0)
(0 -0 -0)
(0 -0 -0)
(0 -0 -0)
(0 -0 -0)
(0 -0 -0)
(0 -0 -0)
(0 -0 -0)
(0 -0 -0)
(0 -0 -0)
(0 -0 -0)
(0 -0 -0)
(0 -0 -0)
(0 -0 -0)
(0 -0 -0)
(0 -0 -0)
(0 -0 -0)
(0 -0 -0)
(0 -0 -0)
(0 -0 -0)
(0 -0 -0)
(0 -0 -0)
(0 -0 -0)
(0 -0 -0)
(0 -0 -0)
(0 -0 -0)
(0 -0 -0)
(0 -0 -0)
(0 -0 -0)
(0 -0 -0)
(0 -0 -0)
(0 -0 -0)
(0 -0 -0)
(0 -0 -0)
(0 -0 -0)
(0 -0 -0)
(0 -0 -0)
(0 -0 -0)
(0 -0 -0)
(0 -0 -0)
(0 -0 -0)
(0 -0 -0)
(0 -0 -0)
(0 -0 -0)
(0 -0 -0)
(0 -0 -0)
(0 -0 -0)
(0 -0 -0)
(0 -0 -0)
(0 -0 0)
(0 -0 0)
(0 -0 0)
(0 -0 0)
(0 -0 0)
(0 -0 0)
(2.66693 -0 0.164571)
(2.67255 -0 0.162098)
(0 -0 0)
(0 -0 0)
(0 -0 0)
(0 -0 0)
(0 -0 0)
(0 -0 0)
(0 -0 0)
(0 -0 0)
(0 -0 0)
(0 -0 0)
(0 -0 0)
(0 -0 0)
(0 -0 0)
(0 -0 0)
(0 -0 0)
(0 -0 0)
(0 -0 0)
(0 -0 0)
(0 -0 0)
(0 -0 0)
(0 -0 0)
(0 -0 0)
(0 -0 0)
(0 -0 0)
(0 -0 0)
(0 -0 0)
(0 -0 0)
(0 -0 0)
(0 -0 0)
(0 -0 0)
(0 -0 0)
(0 -0 0)
(0 -0 0)
(0 -0 0)
(0 -0 0)
(0 -0 0)
(0 -0 0)
(0 -0 0)
(0 -0 0)
(1.17721e-15 -0 -2.16787e-17)
(0 -0 -0)
(0 -0 -0)
(0 -0 -0)
(0 -0 -0)
(0 -0 -0)
(0 -0 -0)
(0 -0 -0)
(0 -0 -0)
(0 -0 -0)
(0 -0 -0)
(0 -0 -0)
(0 -0 -0)
(0 -0 -0)
(0 -0 -0)
(0 -0 -0)
(0 -0 -0)
(0 -0 -0)
(0 -0 -0)
(0 -0 -0)
(0 -0 -0)
(0 -0 -0)
(0 -0 -0)
(0 -0 -0)
(0 -0 -0)
(0 -0 -0)
(0 -0 -0)
(0 -0 -0)
(0 -0 -0)
(0 -0 -0)
(0 -0 -0)
(0 -0 -0)
(0 -0 -0)
(0 -0 -0)
(0 -0 -0)
(0 -0 -0)
(0 -0 -0)
(0 -0 -0)
(0 -0 -0)
(0 -0 -0)
(0 -0 -0)
(0 -0 -0)
(0 -0 -0)
(0 -0 -0)
(0 -0 -0)
(0 -0 -0)
(0 -0 -0)
(0 -0 -0)
(0 -0 -0)
(0 -0 -0)
(0 -0 -0)
(0 -0 -0)
(0 -0 -0)
(0 -0 -0)
(0 -0 -0)
(0 -0 -0)
(0 -0 -0)
(0 -0 -0)
(0 -0 -0)
(0 -0 -0)
(0 -0 -0)
(0 -0 -0)
(0 -0 -0)
(0 -0 -0)
(0 -0 -0)
(0 -0 -0)
(0 -0 -0)
(0 -0 -0)
(0 -0 -0)
(0 -0 -0)
(0 -0 -0)
(0 -0 -0)
(0 -0 -0)
(0 -0 -0)
(0 -0 0)
(0 -0 0)
(0 -0 0)
(0 -0 0)
(0 -0 0)
(2.67498 -0 0.157405)
(2.66942 -0 0.16827)
(0 -0 0)
(0 -0 0)
(0 -0 0)
(0 -0 0)
(0 -0 0)
(0 -0 0)
(0 -0 0)
(0 -0 0)
(0 -0 0)
(0 -0 0)
(0 -0 0)
(0 -0 0)
(0 -0 0)
(0 -0 0)
(0 -0 0)
(0 -0 0)
(0 -0 0)
(0 -0 0)
(0 -0 0)
(0 -0 0)
(0 -0 0)
(0 -0 0)
(0 -0 0)
(0 -0 0)
(0 -0 0)
(0 -0 0)
(0 -0 0)
(0 -0 0)
(0 -0 0)
(0 -0 0)
(0 -0 0)
(0 -0 0)
(0 -0 0)
(0 -0 0)
(0 -0 0)
(0 -0 0)
(0 -0 0)
(0 -0 0)
(0 -0 0)
(0 -0 -0)
(0 -0 -0)
(0 -0 -0)
(0 -0 -0)
(0 -0 -0)
(0 -0 -0)
(0 -0 -0)
(0 -0 -0)
(0 -0 -0)
(0 -0 -0)
(0 -0 -0)
(0 -0 -0)
(0 -0 -0)
(0 -0 -0)
(0 -0 -0)
(0 -0 -0)
(0 -0 -0)
(0 -0 -0)
(0 -0 -0)
(0 -0 -0)
(0 -0 -0)
(0 -0 -0)
(0 -0 -0)
(0 -0 -0)
(0 -0 -0)
(0 -0 -0)
(0 -0 -0)
(0 -0 -0)
(0 -0 -0)
(0 -0 -0)
(0 -0 -0)
(0 -0 -0)
(0 -0 -0)
(0 -0 -0)
(0 -0 -0)
(0 -0 -0)
(0 -0 -0)
(0 -0 -0)
(0 -0 -0)
(0 -0 -0)
(0 -0 -0)
(0 -0 -0)
(0 -0 -0)
(0 -0 -0)
(0 -0 -0)
(0 -0 -0)
(0 -0 -0)
(0 -0 -0)
(0 -0 -0)
(0 -0 -0)
(0 -0 -0)
(0 -0 -0)
(0 -0 -0)
(0 -0 -0)
(0 -0 -0)
(0 -0 -0)
(0 -0 -0)
(0 -0 -0)
(0 -0 -0)
(0 -0 -0)
(0 -0 -0)
(0 -0 -0)
(0 -0 -0)
(0 -0 -0)
(0 -0 -0)
(0 -0 -0)
(0 -0 -0)
(0 -0 -0)
(0 -0 -0)
(0 -0 -0)
(0 -0 -0)
(0 -0 -0)
(0 -0 -0)
(0 -0 -0)
(0 -0 -0)
(0 -0 0)
(0 -0 0)
(0 -0 0)
(0 -0 0)
(2.69918 -0 0.164989)
(2.6713 -0 0.198159)
(0 -0 0)
(0 -0 0)
(0 -0 0)
(0 -0 0)
(0 -0 0)
(0 -0 0)
(0 -0 0)
(0 -0 0)
(0 -0 0)
(0 -0 0)
(0 -0 0)
(0 -0 0)
(0 -0 0)
(0 -0 0)
(0 -0 0)
(0 -0 0)
(0 -0 0)
(0 -0 0)
(0 -0 0)
(0 -0 0)
(0 -0 0)
(0 -0 0)
(0 -0 0)
(0 -0 0)
(0 -0 0)
(0 -0 0)
(0 -0 0)
(0 -0 0)
(0 -0 0)
(0 -0 0)
(0 -0 0)
(0 -0 0)
(0 -0 0)
(0 -0 0)
(0 -0 0)
(0 -0 0)
(0 -0 0)
(0 -0 0)
(0 -0 0)
(0 -0 -0)
(0 -0 -0)
(0 -0 -0)
(0 -0 -0)
(0 -0 -0)
(0 -0 -0)
(0 -0 -0)
(0 -0 -0)
(0 -0 -0)
(0 -0 -0)
(0 -0 -0)
(0 -0 -0)
(0 -0 -0)
(0 -0 -0)
(0 -0 -0)
(0 -0 -0)
(0 -0 -0)
(0 -0 -0)
(0 -0 -0)
(0 -0 -0)
(0 -0 -0)
(0 -0 -0)
(0 -0 -0)
(0 -0 -0)
(0 -0 -0)
(0 -0 -0)
(0 -0 -0)
(0 -0 -0)
(0 -0 -0)
(0 -0 -0)
(0 -0 -0)
(0 -0 -0)
(0 -0 -0)
(0 -0 -0)
(0 -0 -0)
(0 -0 -0)
(0 -0 -0)
(0 -0 -0)
(0 -0 -0)
(0 -0 -0)
(0 -0 -0)
(0 -0 -0)
(0 -0 -0)
(0 -0 -0)
(0 -0 -0)
(0 -0 -0)
(0 -0 -0)
(0 -0 -0)
(0 -0 -0)
(0 -0 -0)
(0 -0 -0)
(0 -0 -0)
(0 -0 -0)
(0 -0 -0)
(0 -0 -0)
(0 -0 -0)
(0 -0 -0)
(0 -0 -0)
(0 -0 -0)
(0 -0 -0)
(0 -0 -0)
(0 -0 -0)
(0 -0 -0)
(0 -0 -0)
(0 -0 -0)
(0 -0 -0)
(0 -0 -0)
(0 -0 -0)
(0 -0 -0)
(0 -0 -0)
(0 -0 -0)
(0 -0 -0)
(0 -0 -0)
(0 -0 -0)
(0 -0 -0)
(0 -0 -0)
(0 -0 -0)
(0 -0 0)
(0 -0 0)
(2.75279 -0 0.185344)
(2.6743 -0 0.291623)
(0 -0 0)
(0 -0 0)
(0 -0 0)
(0 -0 0)
(0 -0 0)
(0 -0 0)
(0 -0 0)
(0 -0 0)
(0 -0 0)
(0 -0 0)
(0 -0 0)
(0 -0 0)
(0 -0 0)
(0 -0 0)
(0 -0 0)
(0 -0 0)
(0 -0 0)
(0 -0 0)
(0 -0 0)
(0 -0 0)
(0 -0 0)
(0 -0 0)
(0 -0 0)
(0 -0 0)
(0 -0 0)
(0 -0 0)
(0 -0 0)
(0 -0 0)
(0 -0 0)
(0 -0 0)
(0 -0 0)
(0 -0 0)
(0 -0 0)
(0 -0 0)
(0 -0 0)
(0 -0 0)
(0 -0 0)
(0 -0 0)
(0 -0 0)
(1.0551e-15 -0 -2.10684e-17)
(0 -0 -0)
(0 -0 -0)
(0 -0 -0)
(0 -0 -0)
(0 -0 -0)
(0 -0 -0)
(0 -0 -0)
(0 -0 -0)
(0 -0 -0)
(0 -0 -0)
(0 -0 -0)
(0 -0 -0)
(0 -0 -0)
(0 -0 -0)
(0 -0 -0)
(0 -0 -0)
(0 -0 -0)
(0 -0 -0)
(0 -0 -0)
(0 -0 -0)
(0 -0 -0)
(0 -0 -0)
(0 -0 -0)
(0 -0 -0)
(0 -0 -0)
(0 -0 -0)
(0 -0 -0)
(0 -0 -0)
(0 -0 -0)
(0 -0 -0)
(0 -0 -0)
(0 -0 -0)
(0 -0 -0)
(0 -0 -0)
(0 -0 -0)
(0 -0 -0)
(0 -0 -0)
(0 -0 -0)
(0 -0 -0)
(0 -0 -0)
(0 -0 -0)
(0 -0 -0)
(0 -0 -0)
(0 -0 -0)
(0 -0 -0)
(0 -0 -0)
(0 -0 -0)
(0 -0 -0)
(0 -0 -0)
(0 -0 -0)
(0 -0 -0)
(0 -0 -0)
(0 -0 -0)
(0 -0 -0)
(0 -0 -0)
(0 -0 -0)
(0 -0 -0)
(0 -0 -0)
(0 -0 -0)
(0 -0 -0)
(0 -0 -0)
(0 -0 -0)
(0 -0 -0)
(0 -0 -0)
(0 -0 -0)
(0 -0 -0)
(0 -0 -0)
(0 -0 -0)
(0 -0 -0)
(0 -0 -0)
(0 -0 -0)
(0 -0 -0)
(0 -0 -0)
(0 -0 -0)
(0 -0 -0)
(0 -0 -0)
(0 -0 -0)
(0 -0 0)
(2.89345 -0 0.194127)
(3.239 -0 0.727072)
(0 -0 0)
(0 -0 0)
(0 -0 0)
(0 -0 0)
(0 -0 0)
(0 -0 0)
(0 -0 0)
(0 -0 0)
(0 -0 0)
(0 -0 0)
(0 -0 0)
(0 -0 0)
(0 -0 0)
(0 -0 0)
(0 -0 0)
(0 -0 0)
(0 -0 0)
(0 -0 0)
(0 -0 0)
(0 -0 0)
(0 -0 0)
(0 -0 0)
(0 -0 0)
(0 -0 0)
(0 -0 0)
(0 -0 0)
(0 -0 0)
(0 -0 0)
(0 -0 0)
(0 -0 0)
(0 -0 0)
(0 -0 0)
(0 -0 0)
(0 -0 0)
(0 -0 0)
(0 -0 0)
(0 -0 0)
(0 -0 0)
(0 -0 0)
(0 -0 -0)
(0 -0 -0)
(0 -0 -0)
(0 -0 -0)
(0 -0 -0)
(0 -0 -0)
(0 -0 -0)
(0 -0 -0)
(0 -0 -0)
(0 -0 -0)
(0 -0 -0)
(0 -0 -0)
(0 -0 -0)
(0 -0 -0)
(0 -0 -0)
(0 -0 -0)
(0 -0 -0)
(0 -0 -0)
(0 -0 -0)
(0 -0 -0)
(0 -0 -0)
(0 -0 -0)
(0 -0 -0)
(0 -0 -0)
(0 -0 -0)
(0 -0 -0)
(0 -0 -0)
(0 -0 -0)
(0 -0 -0)
(0 -0 -0)
(0 -0 -0)
(0 -0 -0)
(0 -0 -0)
(0 -0 -0)
(0 -0 -0)
(0 -0 -0)
(0 -0 -0)
(0 -0 -0)
(0 -0 -0)
(0 -0 -0)
(0 -0 -0)
(0 -0 -0)
(0 -0 -0)
(0 -0 -0)
(0 -0 -0)
(0 -0 -0)
(0 -0 -0)
(0 -0 -0)
(0 -0 -0)
(0 -0 -0)
(0 -0 -0)
(0 -0 -0)
(0 -0 -0)
(0 -0 -0)
(0 -0 -0)
(0 -0 -0)
(0 -0 -0)
(0 -0 -0)
(0 -0 -0)
(0 -0 -0)
(0 -0 -0)
(0 -0 -0)
(0 -0 -0)
(0 -0 -0)
(0 -0 -0)
(0 -0 -0)
(0 -0 -0)
(0 -0 -0)
(0 -0 -0)
(0 -0 -0)
(0 -0 -0)
(0 -0 -0)
(0 -0 -0)
(0 -0 -0)
(0 -0 -0)
(0 -0 -0)
(0 -0 -0)
(0 -0 -0)
(0 -0 -0)
(1.05922 -0 -0.0154666)
(3.78513 -0 -0.108816)
(1.39718 -0 -0.046087)
(0 -0 -0)
(0 -0 -0)
(0 -0 -0)
(0 -0 0)
(0 -0 0)
(0 -0 0)
(0 -0 0)
(0 -0 0)
(0 -0 0)
(0 -0 0)
(0 -0 0)
(0 -0 0)
(0 -0 0)
(0 -0 0)
(0 -0 0)
(0 -0 0)
(0 -0 0)
(0 -0 0)
(0 -0 0)
(0 -0 0)
(0 -0 0)
(0 -0 0)
(0 -0 0)
(0 -0 0)
(0 -0 0)
(0 -0 0)
(0 -0 0)
(0 -0 0)
(0 -0 0)
(0 -0 0)
(0 -0 0)
(0 -0 0)
(0 -0 0)
(0 -0 0)
(0 -0 0)
(0 -0 0)
(0 -0 0)
(0 -0 0)
(0 -0 -0)
(0 -0 -0)
(0 -0 -0)
(0 -0 -0)
(0 -0 -0)
(0 -0 -0)
(0 -0 -0)
(0 -0 -0)
(0 -0 -0)
(0 -0 -0)
(0 -0 -0)
(0 -0 -0)
(0 -0 -0)
(0 -0 -0)
(0 -0 -0)
(0 -0 -0)
(0 -0 -0)
(0 -0 -0)
(0 -0 -0)
(0 -0 -0)
(0 -0 -0)
(0 -0 -0)
(0 -0 -0)
(0 -0 -0)
(0 -0 -0)
(0 -0 -0)
(0 -0 -0)
(0 -0 -0)
(0 -0 -0)
(0 -0 -0)
(0 -0 -0)
(0 -0 -0)
(0 -0 -0)
(0 -0 -0)
(0 -0 -0)
(0 -0 -0)
(0 -0 -0)
(0 -0 -0)
(0 -0 -0)
(0 -0 -0)
(0 -0 -0)
(0 -0 -0)
(0 -0 -0)
(0 -0 -0)
(0 -0 -0)
(0 -0 -0)
(0 -0 -0)
(0 -0 -0)
(0 -0 -0)
(0 -0 -0)
(0 -0 -0)
(0 -0 -0)
(0 -0 -0)
(0 -0 -0)
(0 -0 -0)
(0 -0 -0)
(0 -0 -0)
(0 -0 -0)
(0 -0 -0)
(0 -0 -0)
(0 -0 -0)
(0 -0 -0)
(0 -0 -0)
(0 -0 -0)
(0 -0 -0)
(0 -0 -0)
(0 -0 -0)
(0 -0 -0)
(0 -0 -0)
(0 -0 -0)
(0 -0 -0)
(0 -0 -0)
(0 -0 -0)
(0 -0 -0)
(0 -0 -0)
(0 -0 -0)
(0 -0 -0)
(0 -0 -0)
(0 -0 -0)
(0.00019681 -0 -1.95258e-05)
(2.79295 -0 -0.766198)
(2.48323 -0 -0.317682)
(0 -0 -0)
(0 -0 -0)
(0 -0 -0)
(0 -0 -0)
(0 -0 0)
(0 -0 0)
(0 -0 0)
(0 -0 0)
(0 -0 0)
(0 -0 0)
(0 -0 0)
(0 -0 0)
(0 -0 0)
(0 -0 0)
(0 -0 0)
(0 -0 0)
(0 -0 0)
(0 -0 0)
(0 -0 0)
(0 -0 0)
(0 -0 0)
(0 -0 0)
(0 -0 0)
(0 -0 0)
(0 -0 0)
(0 -0 0)
(0 -0 0)
(0 -0 0)
(0 -0 0)
(0 -0 0)
(0 -0 0)
(0 -0 0)
(0 -0 0)
(0 -0 0)
(0 -0 0)
(0 -0 0)
(0 -0 0)
(0 -0 0)
(0 -0 -0)
(0 -0 -0)
(0 -0 -0)
(0 -0 -0)
(0 -0 -0)
(0 -0 -0)
(0 -0 -0)
(0 -0 -0)
(0 -0 -0)
(0 -0 -0)
(0 -0 -0)
(0 -0 -0)
(0 -0 -0)
(0 -0 -0)
(0 -0 -0)
(0 -0 -0)
(0 -0 -0)
(0 -0 -0)
(0 -0 -0)
(0 -0 -0)
(0 -0 -0)
(0 -0 -0)
(0 -0 -0)
(0 -0 -0)
(0 -0 -0)
(0 -0 -0)
(0 -0 -0)
(0 -0 -0)
(0 -0 -0)
(0 -0 -0)
(0 -0 -0)
(0 -0 -0)
(0 -0 -0)
(0 -0 -0)
(0 -0 -0)
(0 -0 -0)
(0 -0 -0)
(0 -0 -0)
(0 -0 -0)
(0 -0 -0)
(0 -0 -0)
(0 -0 -0)
(0 -0 -0)
(0 -0 -0)
(0 -0 -0)
(0 -0 -0)
(0 -0 -0)
(0 -0 -0)
(0 -0 -0)
(0 -0 -0)
(0 -0 -0)
(0 -0 -0)
(0 -0 -0)
(0 -0 -0)
(0 -0 -0)
(0 -0 -0)
(0 -0 -0)
(0 -0 -0)
(0 -0 -0)
(0 -0 -0)
(0 -0 -0)
(0 -0 -0)
(0 -0 -0)
(0 -0 -0)
(0 -0 -0)
(0 -0 -0)
(0 -0 -0)
(0 -0 -0)
(0 -0 -0)
(0 -0 -0)
(0 -0 -0)
(0 -0 -0)
(0 -0 -0)
(0 -0 -0)
(0 -0 -0)
(0 -0 -0)
(0 -0 -0)
(0 -0 -0)
(0 -0 -0)
(1.85862e-05 -0 -1.41515e-06)
(2.64219 -0 -0.344502)
(2.61836 -0 -0.265045)
(0 -0 -0)
(0 -0 -0)
(0 -0 -0)
(0 -0 -0)
(0 -0 0)
(0 -0 0)
(0 -0 0)
(0 -0 0)
(0 -0 0)
(0 -0 0)
(0 -0 0)
(0 -0 0)
(0 -0 0)
(0 -0 0)
(0 -0 0)
(0 -0 0)
(0 -0 0)
(0 -0 0)
(0 -0 0)
(0 -0 0)
(0 -0 0)
(0 -0 0)
(0 -0 0)
(0 -0 0)
(0 -0 0)
(0 -0 0)
(0 -0 0)
(0 -0 0)
(0 -0 0)
(0 -0 0)
(0 -0 0)
(0 -0 0)
(0 -0 0)
(0 -0 0)
(0 -0 0)
(0 -0 0)
(0 -0 0)
(0 -0 0)
(0 -0 -0)
(0 -0 -0)
(0 -0 -0)
(0 -0 -0)
(0 -0 -0)
(0 -0 -0)
(0 -0 -0)
(0 -0 -0)
(0 -0 -0)
(0 -0 -0)
(0 -0 -0)
(0 -0 -0)
(0 -0 -0)
(0 -0 -0)
(0 -0 -0)
(0 -0 -0)
(0 -0 -0)
(0 -0 -0)
(0 -0 -0)
(0 -0 -0)
(0 -0 -0)
(0 -0 -0)
(0 -0 -0)
(0 -0 -0)
(0 -0 -0)
(0 -0 -0)
(0 -0 -0)
(0 -0 -0)
(0 -0 -0)
(0 -0 -0)
(0 -0 -0)
(0 -0 -0)
(0 -0 -0)
(0 -0 -0)
(0 -0 -0)
(0 -0 -0)
(0 -0 -0)
(0 -0 -0)
(0 -0 -0)
(0 -0 -0)
(0 -0 -0)
(0 -0 -0)
(0 -0 -0)
(0 -0 -0)
(0 -0 -0)
(0 -0 -0)
(0 -0 -0)
(0 -0 -0)
(0 -0 -0)
(0 -0 -0)
(0 -0 -0)
(0 -0 -0)
(0 -0 -0)
(0 -0 -0)
(0 -0 -0)
(0 -0 -0)
(0 -0 -0)
(0 -0 -0)
(0 -0 -0)
(0 -0 -0)
(0 -0 -0)
(0 -0 -0)
(0 -0 -0)
(0 -0 -0)
(0 -0 -0)
(0 -0 -0)
(0 -0 -0)
(0 -0 -0)
(0 -0 -0)
(0 -0 -0)
(0 -0 -0)
(0 -0 -0)
(0 -0 -0)
(0 -0 -0)
(0 -0 0)
(0 -0 0)
(0 -0 0)
(0 -0 0)
(0 -0 0)
(7.99998e-06 -0 1.58391e-07)
(2.59947 -0 -0.0765233)
(2.64872 -0 -0.141712)
(0 -0 -0)
(0 -0 -0)
(0 -0 -0)
(0 -0 -0)
(0 -0 0)
(0 -0 0)
(0 -0 0)
(0 -0 0)
(0 -0 0)
(0 -0 0)
(0 -0 0)
(0 -0 0)
(0 -0 0)
(0 -0 0)
(0 -0 0)
(0 -0 0)
(0 -0 0)
(0 -0 0)
(0 -0 0)
(0 -0 0)
(0 -0 0)
(0 -0 0)
(0 -0 0)
(0 -0 0)
(0 -0 0)
(0 -0 0)
(0 -0 0)
(0 -0 0)
(0 -0 0)
(0 -0 0)
(0 -0 0)
(0 -0 0)
(0 -0 0)
(0 -0 0)
(0 -0 0)
(0 -0 0)
(0 -0 0)
(0 -0 0)
(0 -0 -0)
(0 -0 -0)
(0 -0 -0)
(0 -0 -0)
(0 -0 -0)
(0 -0 -0)
(0 -0 -0)
(0 -0 -0)
(0 -0 -0)
(0 -0 -0)
(0 -0 -0)
(0 -0 -0)
(0 -0 -0)
(0 -0 -0)
(0 -0 -0)
(0 -0 -0)
(0 -0 -0)
(0 -0 -0)
(0 -0 -0)
(0 -0 -0)
(0 -0 -0)
(0 -0 -0)
(0 -0 -0)
(0 -0 -0)
(0 -0 -0)
(0 -0 -0)
(0 -0 -0)
(0 -0 -0)
(0 -0 -0)
(0 -0 -0)
(0 -0 -0)
(0 -0 -0)
(0 -0 -0)
(0 -0 -0)
(0 -0 -0)
(0 -0 -0)
(0 -0 -0)
(0 -0 -0)
(0 -0 -0)
(0 -0 -0)
(0 -0 -0)
(0 -0 -0)
(0 -0 -0)
(0 -0 -0)
(0 -0 -0)
(0 -0 -0)
(0 -0 -0)
(0 -0 -0)
(0 -0 -0)
(0 -0 -0)
(0 -0 -0)
(0 -0 -0)
(0 -0 -0)
(0 -0 -0)
(0 -0 -0)
(0 -0 -0)
(0 -0 -0)
(0 -0 -0)
(0 -0 -0)
(0 -0 -0)
(0 -0 -0)
(0 -0 -0)
(0 -0 -0)
(0 -0 0)
(0 -0 0)
(0 -0 0)
(0 -0 0)
(0 -0 0)
(0 -0 0)
(0 -0 0)
(0 -0 0)
(0 -0 0)
(0 -0 0)
(0 -0 0)
(0 -0 0)
(0 -0 0)
(0 -0 0)
(0 -0 0)
(0 -0 0)
(1.08193e-05 -0 2.54317e-06)
(2.44891 -0 0.291423)
(2.57708 -0 -0.0116211)
(0 -0 -0)
(0 -0 0)
(0 -0 0)
(0 -0 0)
(0 -0 0)
(0 -0 0)
(0 -0 0)
(0 -0 0)
(0 -0 0)
(0 -0 0)
(0 -0 0)
(0 -0 0)
(0 -0 0)
(0 -0 0)
(0 -0 0)
(0 -0 0)
(0 -0 0)
(0 -0 0)
(0 -0 0)
(0 -0 0)
(0 -0 0)
(0 -0 0)
(0 -0 0)
(0 -0 0)
(0 -0 0)
(0 -0 0)
(0 -0 0)
(0 -0 0)
(0 -0 0)
(0 -0 0)
(0 -0 0)
(0 -0 0)
(0 -0 0)
(0 -0 0)
(0 -0 0)
(0 -0 0)
(0 -0 0)
(0 -0 0)
(0 -0 -0)
(0 -0 -0)
(0 -0 -0)
(0 -0 -0)
(0 -0 -0)
(0 -0 -0)
(0 -0 -0)
(0 -0 -0)
(0 -0 -0)
(0 -0 -0)
(0 -0 -0)
(0 -0 -0)
(0 -0 -0)
(0 -0 -0)
(0 -0 -0)
(0 -0 -0)
(0 -0 -0)
(0 -0 -0)
(0 -0 -0)
(0 -0 -0)
(0 -0 -0)
(0 -0 -0)
(0 -0 -0)
(0 -0 -0)
(0 -0 -0)
(0 -0 -0)
(0 -0 -0)
(0 -0 -0)
(0 -0 -0)
(0 -0 -0)
(0 -0 -0)
(0 -0 -0)
(0 -0 -0)
(0 -0 -0)
(0 -0 -0)
(0 -0 -0)
(0 -0 -0)
(0 -0 -0)
(0 -0 -0)
(0 -0 -0)
(0 -0 -0)
(0 -0 -0)
(0 -0 -0)
(0 -0 -0)
(0 -0 -0)
(0 -0 -0)
(0.0025958 -0 -3.13313e-06)
(0.0055826 -0 -1.0471e-05)
(0.00946175 -0 -5.20332e-05)
(0.00978578 -0 -0.000161469)
(0.0219977 -0 -0.000506589)
(0.0562563 -0 -0.000254208)
(0.0759689 -0 -7.08201e-05)
(0.0855677 -0 -0.000120445)
(0.102225 -0 -0.000105427)
(0.102626 -0 -5.60877e-05)
(0.0996005 -0 -5.25116e-05)
(0.106149 -0 -2.40738e-05)
(0.115144 -0 5.21892e-07)
(0.123227 -0 -6.1405e-07)
(0.130282 -0 -1.34939e-06)
(0.150962 -0 -1.77796e-06)
(0.172928 -0 -1.84831e-08)
(0.177602 -0 3.54173e-08)
(0.167517 -0 3.30372e-06)
(0.153776 -0 5.43858e-06)
(0.144727 -0 5.88762e-06)
(0.14398 -0 1.89389e-05)
(0.132327 -0 5.74336e-05)
(0.117664 -0 4.31754e-05)
(0.113525 -0 6.48657e-05)
(0.103221 -0 7.59016e-05)
(0.0916909 -0 0.000109627)
(0.0689596 -0 8.68388e-05)
(0.0548806 -0 0.000193566)
(0.034856 -0 0.000108564)
(0.0284085 -0 0.000149424)
(0.0137724 -0 6.87183e-05)
(0.0099982 -0 0.000160551)
(0.000850796 -0 0.0004468)
(1.99542 -0 0.818804)
(2.35589 -0 -0.143012)
(0 -0 0)
(0 -0 0)
(0 -0 0)
(0 -0 0)
(0 -0 0)
(0 -0 0)
(0 -0 0)
(0 -0 0)
(0 -0 0)
(0 -0 0)
(0 -0 0)
(0 -0 0)
(0 -0 0)
(0 -0 0)
(0 -0 0)
(0 -0 0)
(0 -0 0)
(0 -0 0)
(0 -0 0)
(0 -0 0)
(0 -0 0)
(0 -0 0)
(0 -0 0)
(0 -0 0)
(0 -0 0)
(0 -0 0)
(0 -0 0)
(0 -0 0)
(0 -0 0)
(0 -0 0)
(0 -0 0)
(0 -0 0)
(0 -0 0)
(0 -0 0)
(0 -0 0)
(0 -0 0)
(0 -0 0)
(0 -0 0)
(0 -0 -0)
(0 -0 -0)
(0 -0 -0)
(0 -0 -0)
(0 -0 -0)
(0 -0 -0)
(0 -0 -0)
(0 -0 -0)
(0 -0 -0)
(0 -0 -0)
(0 -0 -0)
(0 -0 -0)
(0 -0 -0)
(0 -0 -0)
(0 -0 -0)
(0 -0 -0)
(0 -0 -0)
(0 -0 -0)
(0 -0 -0)
(0 -0 -0)
(0 -0 -0)
(0 -0 -0)
(0 -0 -0)
(0 -0 -0)
(0 -0 -0)
(0 -0 -0)
(0 -0 -0)
(0 -0 -0)
(0 -0 -0)
(0 -0 -0)
(0 -0 -0)
(0 -0 -0)
(0 -0 -0)
(0 -0 -0)
(0 -0 -0)
(0 -0 -0)
(0 -0 -0)
(0 -0 -0)
(0 -0 -0)
(0 -0 -0)
(0.00756368 -0 -4.48825e-05)
(0.0171389 -0 -8.86583e-05)
(0.0343585 -0 -0.000204752)
(0.0532958 -0 -0.000152385)
(0.0696951 -0 -0.0017729)
(0.087538 -0 -0.00684446)
(0.0786177 -0 -0.00901024)
(0.0661512 -0 -0.00846323)
(0.051742 -0 -0.0074198)
(-0.0245896 -0 0.00491223)
(0.0350789 -0 -0.00461209)
(0.289749 -0 -0.0350185)
(0.268946 -0 -0.0254218)
(0.222514 -0 -0.0204757)
(0.287391 -0 -0.0278015)
(0.241548 -0 -0.0223703)
(0.222123 -0 -0.0194358)
(0.246316 -0 -0.0193983)
(0.216309 -0 -0.0131229)
(0.188852 -0 -0.00817616)
(0.17537 -0 -0.00565375)
(0.225541 -0 -0.00458703)
(0.312856 -0 -0.00241174)
(0.306251 -0 0.00122001)
(0.236366 -0 0.00414557)
(0.218837 -0 0.00600028)
(0.198623 -0 0.00765012)
(0.241078 -0 0.0145437)
(0.22248 -0 0.0172755)
(0.188665 -0 0.01713)
(0.181545 -0 0.0209624)
(0.207819 -0 0.0303619)
(0.182119 -0 0.0305794)
(0.230135 -0 0.0400943)
(0.166485 -0 0.0290118)
(0.15464 -0 0.0281612)
(0.127623 -0 0.0246498)
(0.149089 -0 0.0295095)
(0.0570347 -0 0.0127658)
(0.0471934 -0 0.0104893)
(0.741014 -0 1.14421)
(1.92078 -0 0.38314)
(0.0941961 -0 0.017357)
(0 -0 0)
(0 -0 0)
(0 -0 0)
(0 -0 0)
(0 -0 0)
(0 -0 0)
(0 -0 0)
(0 -0 0)
(0 -0 0)
(0 -0 0)
(0 -0 0)
(0 -0 0)
(0 -0 0)
(0 -0 0)
(0 -0 0)
(0 -0 0)
(0 -0 0)
(0 -0 0)
(0 -0 0)
(0 -0 0)
(0 -0 0)
(0 -0 0)
(0 -0 0)
(0 -0 0)
(0 -0 0)
(0 -0 0)
(0 -0 0)
(0 -0 0)
(0 -0 0)
(0 -0 0)
(0 -0 0)
(0 -0 0)
(0 -0 0)
(0 -0 0)
(0 -0 0)
(0 -0 0)
(0 -0 0)
(7.03438e-16 -0 -1.35873e-17)
(0 -0 -0)
(0 -0 -0)
(0 -0 -0)
(0 -0 -0)
(0 -0 -0)
(0 -0 -0)
(0 -0 -0)
(0 -0 -0)
(0 -0 -0)
(0 -0 -0)
(0 -0 -0)
(0 -0 -0)
(0 -0 -0)
(0 -0 -0)
(0 -0 -0)
(0 -0 -0)
(0 -0 -0)
(0 -0 -0)
(0 -0 -0)
(0 -0 -0)
(0 -0 -0)
(0 -0 -0)
(0 -0 -0)
(0 -0 -0)
(0 -0 -0)
(0 -0 -0)
(0 -0 -0)
(0 -0 -0)
(0 -0 -0)
(0 -0 -0)
(0 -0 -0)
(0 -0 -0)
(0.0016526 -0 -1.21494e-05)
(0.005172 -0 -4.04643e-05)
(0.0179493 -0 -0.000164977)
(0.0278455 -0 -0.000227379)
(0.0504563 -0 -0.000263442)
(0.068758 -0 -0.00293793)
(0.105124 -0 -0.0131464)
(0.124789 -0 -0.022355)
(0.137432 -0 -0.0266707)
(0.172777 -0 -0.0340344)
(0.215272 -0 -0.0428018)
(0.213174 -0 -0.0406571)
(0.197319 -0 -0.0329915)
(0.128858 -0 -0.0196876)
(0.0589951 -0 -0.00875058)
(0.0422121 -0 -0.00583258)
(0.0150113 -0 -0.00206454)
(0.0793276 -0 -0.00894486)
(0.183205 -0 -0.0187033)
(0.233945 -0 -0.0211763)
(0.313791 -0 -0.0214131)
(0.327781 -0 -0.015616)
(0.240945 -0 -0.00931937)
(0.222698 -0 -0.00733759)
(0.222711 -0 -0.00482646)
(0.217504 -0 -0.00228503)
(0.211364 -0 -0.00139691)
(0.170573 -0 -0.000506472)
(0.198022 -0 0.00146697)
(0.284072 -0 0.0060115)
(0.270358 -0 0.00984263)
(0.251788 -0 0.0121938)
(0.257786 -0 0.0132374)
(0.237767 -0 0.011858)
(0.209685 -0 0.0105034)
(0.194967 -0 0.0105133)
(0.136508 -0 0.00827335)
(0.118586 -0 0.00794954)
(0.160713 -0 0.0130728)
(0.229336 -0 0.0225701)
(0.269468 -0 0.0333583)
(0.292869 -0 0.0435499)
(0.233335 -0 0.0405703)
(0.341004 -0 0.0710336)
(0.300554 -0 0.0725733)
(0.216578 -0 0.0536616)
(0.039306 -0 0.008832)
(-0.440193 -0 -0.187924)
(1.90829 -0 1.90063)
(0.181805 -0 0.0633842)
(0 -0 0)
(0 -0 0)
(0 -0 0)
(0 -0 0)
(0 -0 0)
(0 -0 0)
(0 -0 0)
(0 -0 0)
(0 -0 0)
(0 -0 0)
(0 -0 0)
(0 -0 0)
(0 -0 0)
(0 -0 0)
(0 -0 0)
(0 -0 0)
(0 -0 0)
(0 -0 0)
(0 -0 0)
(0 -0 0)
(0 -0 0)
(0 -0 0)
(0 -0 0)
(0 -0 0)
(0 -0 0)
(0 -0 0)
(0 -0 0)
(0 -0 0)
(0 -0 0)
(0 -0 0)
(0 -0 0)
(0 -0 0)
(0 -0 0)
(0 -0 0)
(0 -0 0)
(0 -0 0)
(0 -0 0)
(0 -0 -0)
(0 -0 -0)
(0 -0 -0)
(0 -0 -0)
(0 -0 -0)
(0 -0 0)
(0 -0 0)
(0 -0 0)
(0 -0 0)
(0 -0 -0)
(0 -0 -0)
(0 -0 -0)
(0 -0 -0)
(0 -0 -0)
(0 -0 -0)
(0 -0 -0)
(0 -0 -0)
(0 -0 -0)
(0 -0 -0)
(0 -0 -0)
(0 -0 -0)
(0 -0 -0)
(0 -0 -0)
(0 -0 -0)
(0 -0 -0)
(0 -0 -0)
(0 -0 -0)
(0 -0 -0)
(0 -0 -0)
(0.00662711 -0 -0.000134767)
(0.0201234 -0 -0.000223534)
(0.035139 -0 -0.00176713)
(0.0650055 -0 -0.00802157)
(0.110661 -0 -0.0156053)
(0.142323 -0 -0.0208614)
(0.164465 -0 -0.0256269)
(0.227854 -0 -0.0381724)
(0.303324 -0 -0.0566648)
(0.269446 -0 -0.0578056)
(0.230642 -0 -0.0496458)
(0.208479 -0 -0.039347)
(0.188499 -0 -0.03166)
(0.292615 -0 -0.045055)
(0.329021 -0 -0.0463098)
(0.224353 -0 -0.030953)
(0.190582 -0 -0.0266024)
(0.120659 -0 -0.0159506)
(0.0189654 -0 -0.00219529)
(0.00556161 -0 -0.000695619)
(0.027291 -0 -0.00258739)
(0.0727605 -0 -0.00658198)
(0.123699 -0 -0.0102706)
(0.16453 -0 -0.0126347)
(0.325071 -0 -0.0206039)
(0.403753 -0 -0.0207261)
(0.338871 -0 -0.0143077)
(0.294398 -0 -0.0120049)
(0.346379 -0 -0.0128117)
(0.389621 -0 -0.00921572)
(0.393239 -0 -0.00520586)
(0.274709 -0 -0.00178535)
(0.292498 -0 0.00137506)
(0.459638 -0 0.0061274)
(0.562787 -0 0.00978186)
(0.506021 -0 0.0122074)
(0.591524 -0 0.0197134)
(0.577854 -0 0.0243877)
(0.512093 -0 0.0236539)
(0.396518 -0 0.0161714)
(0.226144 -0 0.00807539)
(0.155012 -0 0.00618604)
(0.218408 -0 0.00972368)
(0.263695 -0 0.0137378)
(0.492022 -0 0.0317807)
(0.438823 -0 0.0333307)
(0.459924 -0 0.0417339)
(0.584808 -0 0.0655954)
(0.705285 -0 0.0965865)
(0.274532 -0 0.0415377)
(-0.3555 -0 -0.0771595)
(-0.379085 -0 -0.0801239)
(2.93441 -0 0.881275)
(1.47572 -0 0.196777)
(0 -0 0)
(0 -0 0)
(0 -0 0)
(0 -0 0)
(0 -0 0)
(0 -0 0)
(0 -0 0)
(0 -0 0)
(0 -0 0)
(0 -0 0)
(0 -0 0)
(0 -0 0)
(0 -0 0)
(0 -0 0)
(0 -0 0)
(0 -0 0)
(0 -0 0)
(0 -0 0)
(0 -0 0)
(0 -0 0)
(0 -0 0)
(0 -0 0)
(0 -0 0)
(0 -0 0)
(0 -0 0)
(0 -0 0)
(0 -0 0)
(0 -0 0)
(0 -0 0)
(0 -0 0)
(0 -0 0)
(0 -0 0)
(0 -0 0)
(0 -0 0)
(0 -0 0)
(0 -0 0)
(0 -0 0)
(0 -0 0)
(0 -0 0)
(0 -0 -0)
(0 -0 -0)
(0 -0 0)
(0.00180098 -0 8.21651e-08)
(0.00312761 -0 2.35136e-07)
(0.0063117 -0 2.32807e-07)
(0.00236998 -0 1.98634e-07)
(0.00469784 -0 -3.0603e-06)
(0.0119842 -0 -1.00556e-07)
(0.0139508 -0 -1.24198e-07)
(0.0114602 -0 -6.87859e-08)
(0.00500055 -0 2.53472e-08)
(-0.00398042 -0 -3.85155e-07)
(-0.00724064 -0 -1.39841e-06)
(0.00337579 -0 -9.74211e-07)
(0.0201485 -0 -1.467e-07)
(0.0280473 -0 -2.50248e-07)
(0.0279207 -0 -1.04829e-07)
(0.0202508 -0 -4.16376e-08)
(0.016559 -0 -6.19701e-07)
(0.0198117 -0 -1.04833e-06)
(0.0362157 -0 -2.04082e-06)
(0.0584073 -0 9.29116e-07)
(0.0531325 -0 2.07012e-05)
(0.0393375 -0 6.69778e-05)
(0.0430526 -0 -0.00134129)
(0.0533539 -0 -0.00529336)
(0.116591 -0 -0.0166867)
(0.254039 -0 -0.0363469)
(0.215923 -0 -0.0311637)
(0.132371 -0 -0.0187675)
(0.218201 -0 -0.027899)
(0.4798 -0 -0.064365)
(0.719101 -0 -0.105129)
(0.686676 -0 -0.107556)
(0.624174 -0 -0.0919198)
(0.587493 -0 -0.0716746)
(0.443132 -0 -0.0462941)
(0.291073 -0 -0.0309789)
(0.231161 -0 -0.025604)
(0.386583 -0 -0.0420672)
(0.459115 -0 -0.0472069)
(0.351467 -0 -0.0325846)
(0.286981 -0 -0.023433)
(0.0948928 -0 -0.00722039)
(-0.119887 -0 0.00924845)
(-0.136117 -0 0.0102209)
(-0.0486252 -0 0.00347941)
(0.131275 -0 -0.00822796)
(0.210725 -0 -0.0123227)
(0.167076 -0 -0.0098507)
(0.461504 -0 -0.0256915)
(0.697951 -0 -0.0371641)
(0.598596 -0 -0.0317236)
(0.597159 -0 -0.0300772)
(0.856416 -0 -0.0405892)
(0.927869 -0 -0.0432349)
(0.813658 -0 -0.0359859)
(0.538488 -0 -0.021735)
(0.347782 -0 -0.0124011)
(0.639664 -0 -0.0176654)
(1.10199 -0 -0.021223)
(0.90171 -0 -0.0105288)
(1.19943 -0 -0.00901213)
(1.62816 -0 -0.0106892)
(1.36748 -0 -0.00526035)
(0.701787 -0 0.00550723)
(0.0753367 -0 0.0030138)
(0.313513 -0 0.0073049)
(0.51631 -0 0.011494)
(-0.0884612 -0 0.00114504)
(0.375798 -0 0.0102447)
(0.952372 -0 0.025842)
(2.91421 -0 0.093862)
(5.88352 -0 0.205382)
(5.11723 -0 0.167985)
(-3.05951 -0 -0.0716304)
(-8.13593 -0 -0.143606)
(-1.53025 -0 -0.0372511)
(2.20752 -0 0.0963438)
(2.10998 -0 0.137365)
(1.30493 -0 0.323429)
(0 -0 0)
(0 -0 0)
(0 -0 0)
(0 -0 0)
(0 -0 0)
(0 -0 0)
(0 -0 0)
(0 -0 0)
(0 -0 0)
(0 -0 0)
(0 -0 0)
(0 -0 0)
(0 -0 0)
(0 -0 0)
(0 -0 0)
(0 -0 0)
(0 -0 0)
(0 -0 0)
(0 -0 0)
(0 -0 0)
(0 -0 0)
(0 -0 0)
(0 -0 0)
(0 -0 0)
(0 -0 0)
(0 -0 0)
(0 -0 0)
(0 -0 0)
(0 -0 0)
(0 -0 0)
(0 -0 0)
(0 -0 0)
(0 -0 0)
(0 -0 0)
(0 -0 0)
(0 -0 0)
(0.350409 -0 5.82732e-09)
(0.325348 -0 -0.000687397)
(0.33584 -0 -0.00232602)
(0.37235 -0 -0.00410562)
(0.53265 -0 -0.0070944)
(0.557959 -0 -0.00824245)
(0.495723 -0 -0.0067818)
(0.223823 -0 -0.00258344)
(-0.40087 -0 0.00593363)
(-0.387163 -0 0.0059862)
(0.269681 -0 -0.00156761)
(0.712879 -0 0.000108605)
(0.799083 -0 -0.00244333)
(0.196453 -0 -0.0014032)
(-0.199864 -0 0.00210034)
(-0.149389 -0 0.00182504)
(0.0231595 -0 -0.000181541)
(0.4283 -0 9.61881e-05)
(0.688899 -0 0.0025472)
(0.743677 -0 0.00166855)
(0.234583 -0 -0.000471227)
(0.297802 -0 -0.00194776)
(0.696828 -0 -0.00710585)
(1.29948 -0 -0.0164282)
(2.18367 -0 -0.0374)
(1.51568 -0 -0.0433647)
(-0.636281 -0 0.0262373)
(-1.0538 -0 0.0469312)
(-0.0548123 -0 0.0025788)
(-0.182395 -0 0.00840677)
(0.659757 -0 -0.0333097)
(1.48395 -0 -0.07562)
(-0.0553665 -0 0.00240351)
(-1.20938 -0 0.0644648)
(1.20532 -0 -0.0643283)
(3.23542 -0 -0.153874)
(2.61308 -0 -0.10932)
(1.69468 -0 -0.0695397)
(2.14005 -0 -0.0992391)
(2.30641 -0 -0.126851)
(0.891068 -0 -0.0520091)
(0.254469 -0 -0.0137657)
(1.10504 -0 -0.0511872)
(1.40157 -0 -0.0569706)
(1.16153 -0 -0.0473164)
(0.933052 -0 -0.0421185)
(0.0937594 -0 -0.00439938)
(-0.60128 -0 0.0282813)
(-0.741533 -0 0.0320198)
(-0.457569 -0 0.0190143)
(0.198202 -0 -0.00764004)
(0.629713 -0 -0.0196586)
(0.6108 -0 -0.0149018)
(0.948877 -0 -0.0199969)
(1.27326 -0 -0.0267783)
(0.591157 -0 -0.0136409)
(0.883417 -0 -0.0220137)
(2.6634 -0 -0.0625627)
(3.46791 -0 -0.0715279)
(2.42634 -0 -0.052988)
(1.66513 -0 -0.0460356)
(0.732366 -0 -0.0242703)
(0.863702 -0 -0.0317753)
(2.45192 -0 -0.105003)
(2.5748 -0 -0.123988)
(2.30123 -0 -0.112637)
(3.29184 -0 -0.154025)
(3.52718 -0 -0.174571)
(1.38983 -0 -0.0874889)
(-1.13828 -0 0.0885497)
(0.289071 -0 -0.0247372)
(1.19598 -0 -0.102123)
(-1.03165 -0 0.0952295)
(-1.41167 -0 0.137518)
(1.43925 -0 -0.146058)
(2.70089 -0 -0.287889)
(2.21893 -0 -0.242577)
(1.52905 -0 -0.165408)
(0.179443 -0 -0.0118034)
(-1.16682 -0 0.144334)
(-0.704269 -0 0.0920374)
(0.152551 -0 -0.0244766)
(0.183514 -0 -0.035113)
(0.0220205 -0 0.00803844)
(0 -0 0)
(0 -0 0)
(0 -0 0)
(0 -0 0)
(0 -0 0)
(0 -0 0)
(0 -0 0)
(0 -0 0)
(0 -0 0)
(0 -0 0)
(0 -0 0)
(0 -0 0)
(0 -0 0)
(0 -0 0)
(0 -0 0)
(0 -0 0)
(0 -0 0)
(0 -0 0)
(0 -0 0)
(0 -0 0)
(0 -0 0)
(0 -0 0)
(0 -0 0)
(0 -0 0)
(0 -0 0)
(0 -0 0)
(0 -0 0)
(0 -0 0)
(0 -0 0)
(0 -0 0)
(0 -0 0)
(0 -0 0)
(0 -0 0)
(0 -0 0)
(0 -0 0)
(0 -0 -0)
(1.86261 -0 -0.00402253)
(1.49835 -0 -0.00800728)
(1.4637 -0 -0.00732188)
(1.61623 -0 -0.00750321)
(1.9056 -0 -0.011521)
(2.00826 -0 -0.011979)
(1.84827 -0 -0.0124142)
(1.26507 -0 -0.0128424)
(0.384046 -0 -0.00540922)
(0.302256 -0 -0.00484528)
(1.14365 -0 -0.0186142)
(1.61374 -0 -0.0242781)
(1.25366 -0 -0.0137068)
(0.27471 -0 -0.00227474)
(-0.870486 -0 0.00867473)
(-1.35171 -0 0.0149391)
(-0.593811 -0 0.00707343)
(0.715929 -0 -0.0113436)
(1.56771 -0 -0.0304274)
(1.88571 -0 -0.0383751)
(1.36552 -0 -0.028947)
(0.835982 -0 -0.0172561)
(0.772691 -0 -0.0148095)
(1.39439 -0 -0.0283107)
(2.27269 -0 -0.0476338)
(1.96632 -0 -0.036624)
(0.889935 -0 -0.0141995)
(0.759999 -0 -0.0131411)
(1.27395 -0 -0.0269241)
(1.07991 -0 -0.0225934)
(0.744719 -0 -0.0118293)
(0.689822 -0 -0.00877798)
(0.647277 -0 -0.00945913)
(1.2837 -0 -0.0205247)
(2.77461 -0 -0.0382611)
(3.31785 -0 -0.0425507)
(2.45389 -0 -0.0359908)
(2.06825 -0 -0.0283204)
(2.44885 -0 -0.0171797)
(2.40448 -0 -0.000602031)
(1.71702 -0 -0.00143973)
(1.31021 -0 -0.00966337)
(1.3792 -0 -0.0197681)
(1.42071 -0 -0.0259256)
(1.35104 -0 -0.0232204)
(1.02807 -0 -0.0147852)
(0.220682 -0 -0.00330465)
(-0.409345 -0 0.00717818)
(-0.410436 -0 0.00888802)
(-0.0478535 -0 0.00112525)
(0.366133 -0 -0.00957108)
(0.713875 -0 -0.0206618)
(1.02726 -0 -0.0319029)
(1.41703 -0 -0.0470611)
(1.6396 -0 -0.06061)
(1.40135 -0 -0.0582701)
(1.26699 -0 -0.0544076)
(1.51996 -0 -0.0628198)
(1.64986 -0 -0.0674032)
(1.502 -0 -0.0637404)
(1.26352 -0 -0.0603344)
(1.08987 -0 -0.0614047)
(1.11973 -0 -0.0702301)
(1.24488 -0 -0.0771743)
(1.2709 -0 -0.0771952)
(1.13391 -0 -0.0734065)
(1.00591 -0 -0.0707116)
(0.94805 -0 -0.0700811)
(0.653031 -0 -0.0478619)
(0.32184 -0 -0.0236863)
(0.207889 -0 -0.0152032)
(0.16223 -0 -0.0121653)
(0.0938515 -0 -0.00769094)
(0.0454869 -0 -0.00375528)
(0.127123 -0 -0.0108516)
(0.180364 -0 -0.0160758)
(0.152443 -0 -0.0159147)
(0.132698 -0 -0.0154418)
(0.038179 -0 -0.00450741)
(-0.027893 -0 0.00360991)
(-0.0099086 -0 0.00143965)
(0.000737231 -0 -9.1935e-05)
(0.000328335 -0 -3.54298e-05)
(4.38051e-07 -0 1.5984e-07)
(0 -0 0)
(0 -0 0)
(0 -0 0)
(0 -0 0)
(0 -0 0)
(0 -0 0)
(0 -0 0)
(0 -0 0)
(0 -0 0)
(0 -0 0)
(0 -0 0)
(0 -0 0)
(0 -0 0)
(0 -0 0)
(0 -0 0)
(0 -0 0)
(0 -0 0)
(0 -0 0)
(0 -0 0)
(0 -0 0)
(0 -0 0)
(0 -0 0)
(0 -0 0)
(0 -0 0)
(0 -0 0)
(0 -0 0)
(0 -0 0)
(0 -0 0)
(0 -0 0)
(0 -0 0)
(0 -0 0)
(0 -0 0)
(0 -0 0)
(0 -0 0)
(0 -0 -0)
(0 -0 -0)
(0.0124783 -0 5.0128e-05)
(0.0152853 -0 0.000139184)
(0.023996 -0 0.00020324)
(0.0281025 -0 0.000188957)
(0.0388535 -0 0.000204452)
(0.0483391 -0 -1.41665e-05)
(0.0371989 -0 -0.000162834)
(0.0229864 -0 -5.11559e-05)
(0.00949659 -0 -1.14568e-05)
(0.00763937 -0 -2.38305e-05)
(0.0187456 -0 -5.29422e-05)
(0.0244099 -0 -2.70833e-05)
(0.0186322 -0 -2.19448e-05)
(0.0038113 -0 -2.54127e-06)
(-0.0116945 -0 -3.5439e-05)
(-0.0241967 -0 -0.000137729)
(-0.0129653 -0 -5.75073e-05)
(0.0128497 -0 2.97933e-05)
(0.0316498 -0 -7.25816e-06)
(0.039574 -0 -0.000124196)
(0.0242385 -0 -7.12812e-05)
(0.0156492 -0 -1.14154e-06)
(0.0122486 -0 3.43077e-05)
(0.0253709 -0 0.000113585)
(0.0427177 -0 0.000192173)
(0.0409054 -0 0.000138529)
(0.0248666 -0 7.08311e-05)
(0.0241418 -0 0.00012395)
(0.0396193 -0 0.000300376)
(0.0377824 -0 0.000267341)
(0.0290634 -0 0.000185736)
(0.029561 -0 0.000258737)
(0.0445272 -0 0.000635869)
(0.0897803 -0 0.0015926)
(0.159635 -0 0.00255922)
(0.169752 -0 0.0030225)
(0.142161 -0 0.00367161)
(0.150206 -0 0.00446335)
(0.186986 -0 0.00496934)
(0.202829 -0 0.00436046)
(0.17318 -0 0.00299116)
(0.158044 -0 0.0021118)
(0.14627 -0 0.00178579)
(0.147856 -0 0.00208207)
(0.146541 -0 0.00178082)
(0.119498 -0 0.000641816)
(0.0500062 -0 4.39531e-05)
(0.00026369 -0 9.48696e-07)
(0.00423158 -0 2.7642e-05)
(0.0401268 -0 3.35748e-05)
(0.0803989 -0 -0.000501815)
(0.125993 -0 -0.000824917)
(0.16755 -0 -9.10872e-05)
(0.214042 -0 0.000614213)
(0.224645 -0 0.000241415)
(0.204965 -0 -0.000158774)
(0.176839 -0 -0.000525252)
(0.17188 -0 -0.00101348)
(0.168043 -0 -0.00111957)
(0.173275 -0 -0.00103812)
(0.164415 -0 -0.000926937)
(0.16422 -0 -0.00119259)
(0.160721 -0 -0.00211825)
(0.153114 -0 -0.0037782)
(0.135518 -0 -0.0047712)
(0.114336 -0 -0.00418235)
(0.0923878 -0 -0.00282826)
(0.0773965 -0 -0.00191352)
(0.0616912 -0 -0.00199654)
(0.0475501 -0 -0.00242092)
(0.0334398 -0 -0.00206338)
(0.0241652 -0 -0.0016854)
(0.0196371 -0 -0.00167715)
(0.0150794 -0 -0.00145732)
(0.0107138 -0 -0.0012549)
(0.00796692 -0 -0.00123043)
(0.00535543 -0 -0.000993085)
(0.00399975 -0 -0.000767089)
(0.00145511 -0 -0.000276248)
(4.0267e-06 -0 3.0022e-06)
(-3.1937e-06 -0 7.22742e-07)
(6.54086e-07 -0 -7.02262e-08)
(5.90877e-07 -0 1.47623e-09)
(0 -0 0)
(0 -0 0)
(0 -0 0)
(0 -0 0)
(0 -0 0)
(0 -0 0)
(0 -0 0)
(0 -0 0)
(0 -0 0)
(0 -0 0)
(0 -0 0)
(0 -0 0)
(0 -0 0)
(0 -0 0)
(0 -0 0)
(0 -0 0)
(0 -0 0)
(0 -0 0)
(0 -0 0)
(0 -0 0)
(0 -0 0)
(0 -0 0)
(0 -0 0)
(0 -0 0)
(0 -0 0)
(0 -0 0)
(0 -0 0)
(0 -0 0)
(0 -0 0)
(0 -0 0)
(0 -0 0)
(0 -0 0)
(0 -0 0)
(0 -0 0)
(0 -0 0)
(0 -0 0)
(0 -0 0)
(2.29984e-06 -0 -3.12542e-12)
(3.15331e-06 -0 -2.74985e-11)
(4.94165e-06 -0 -2.36951e-11)
(5.62233e-06 -0 -1.1565e-11)
(8.03395e-06 -0 2.47937e-07)
(9.3547e-06 -0 8.78019e-07)
(0.000110356 -0 9.88459e-06)
(7.51178e-05 -0 1.58234e-06)
(3.95816e-05 -0 -1.05204e-07)
(5.34359e-05 -0 -1.06594e-06)
(4.60249e-05 -0 -2.46828e-06)
(4.46383e-05 -0 -1.83139e-06)
(3.18676e-05 -0 -6.58856e-07)
(6.88697e-06 -0 -1.02828e-09)
(-1.50726e-05 -0 -8.31133e-07)
(-5.56338e-05 -0 -5.66234e-06)
(-4.7187e-05 -0 -5.58113e-06)
(4.5364e-05 -0 5.03488e-06)
(0.000196434 -0 2.4756e-05)
(0.000318647 -0 3.90905e-05)
(0.000231355 -0 2.14694e-05)
(0.000158834 -0 5.06979e-06)
(0.000100141 -0 1.10371e-06)
(0.000174109 -0 1.26686e-05)
(0.000291228 -0 4.92736e-05)
(0.000400295 -0 8.70548e-05)
(0.000570754 -0 9.62685e-05)
(0.000716973 -0 7.95875e-05)
(0.00104212 -0 0.00010624)
(0.00120368 -0 0.000155424)
(0.00160095 -0 0.000243308)
(0.00228439 -0 0.000348871)
(0.0035754 -0 0.00047319)
(0.00474455 -0 0.000524221)
(0.00548083 -0 0.000612217)
(0.00508258 -0 0.000527859)
(0.00473756 -0 0.000333648)
(0.00588095 -0 0.000276483)
(0.00758877 -0 0.000340641)
(0.00859374 -0 0.000456227)
(0.00876438 -0 0.000575819)
(0.0090674 -0 0.000652819)
(0.00908051 -0 0.000578429)
(0.00964581 -0 0.000460979)
(0.0101114 -0 0.000381448)
(0.00966606 -0 0.000322034)
(0.00803523 -0 0.000224637)
(0.00729373 -0 0.000150788)
(0.00804377 -0 0.000107025)
(0.00988562 -0 2.03225e-05)
(0.011454 -0 -0.000146117)
(0.0131125 -0 -0.000295433)
(0.0141306 -0 -0.000247585)
(0.0159067 -0 -0.000104547)
(0.0161896 -0 -3.11001e-05)
(0.0149024 -0 -1.63003e-06)
(0.0137216 -0 -1.40723e-05)
(0.0130279 -0 -0.000165742)
(0.013441 -0 -0.000429562)
(0.0144524 -0 -0.0006364)
(0.0153215 -0 -0.000675653)
(0.0158116 -0 -0.000600474)
(0.0154758 -0 -0.000498842)
(0.0144511 -0 -0.000491029)
(0.0128305 -0 -0.00058575)
(0.0113008 -0 -0.000751221)
(0.00985889 -0 -0.000846138)
(0.00876192 -0 -0.000804548)
(0.00811886 -0 -0.00074097)
(0.00657057 -0 -0.000617343)
(0.00500702 -0 -0.000505441)
(0.00356429 -0 -0.000458113)
(0.00238495 -0 -0.000353012)
(0.00144572 -0 -0.000176611)
(0.00113028 -0 -0.000128224)
(0.000579372 -0 -9.45475e-05)
(0.000254794 -0 -6.14064e-05)
(0.000106594 -0 -3.19431e-05)
(4.79395e-06 -0 -1.20074e-06)
(1.3368e-06 -0 -1.28476e-07)
(0 -0 0)
(0 -0 0)
(0 -0 0)
(0 -0 0)
(0 -0 0)
(0 -0 0)
(0 -0 0)
(0 -0 0)
(0 -0 0)
(0 -0 0)
(0 -0 0)
(0 -0 0)
(0 -0 0)
(0 -0 0)
(0 -0 0)
(0 -0 0)
(0 -0 0)
(0 -0 0)
(0 -0 0)
(0 -0 0)
(0 -0 0)
(0 -0 0)
(0 -0 0)
(0 -0 0)
(0 -0 0)
(0 -0 0)
(0 -0 0)
(0 -0 0)
(0 -0 0)
(0 -0 0)
(0 -0 0)
(0 -0 0)
(0 -0 0)
(0 -0 0)
(0 -0 0)
(0 -0 0)
(0 -0 0)
(0 -0 0)
(0 -0 0)
(0 -0 0)
(0 -0 -0)
(0 -0 -0)
(0 -0 -0)
(0 -0 -0)
(0 -0 -0)
(0 -0 -0)
(9.22692e-07 -0 -5.18521e-09)
(7.38682e-07 -0 -5.23691e-10)
(4.32042e-07 -0 -6.56192e-11)
(6.00803e-07 -0 -1.33158e-11)
(3.82642e-07 -0 -1.33173e-09)
(3.46364e-07 -0 -1.20137e-10)
(2.49204e-07 -0 -7.35598e-11)
(1.03219e-07 -0 -7.35881e-11)
(-1.153e-08 -0 -4.55329e-10)
(-1.67437e-07 -0 -8.80081e-10)
(-1.53587e-07 -0 9.92092e-10)
(2.33386e-07 -0 2.55636e-09)
(1.20459e-06 -0 3.0865e-09)
(2.24231e-06 -0 5.12628e-10)
(2.1524e-06 -0 7.13564e-08)
(1.30197e-06 -0 1.3388e-07)
(6.90856e-06 -0 9.07302e-07)
(1.17829e-05 -0 1.27847e-06)
(3.09314e-05 -0 2.90844e-06)
(5.66574e-05 -0 5.27098e-06)
(0.000103582 -0 9.46599e-06)
(0.000157667 -0 1.21728e-05)
(0.000195195 -0 1.4368e-05)
(0.00029624 -0 2.14705e-05)
(0.000425954 -0 2.23524e-05)
(0.00051265 -0 2.71675e-05)
(0.000772461 -0 7.01293e-05)
(0.00113416 -0 0.00013283)
(0.00131395 -0 0.000125305)
(0.00108054 -0 6.98026e-05)
(0.00101675 -0 5.6635e-05)
(0.00107665 -0 6.64108e-05)
(0.00134712 -0 9.60643e-05)
(0.00162422 -0 0.000107979)
(0.00173556 -0 9.58752e-05)
(0.00185314 -0 8.40539e-05)
(0.00187073 -0 7.56765e-05)
(0.00199322 -0 8.05657e-05)
(0.00214271 -0 6.43688e-05)
(0.00223069 -0 4.60905e-05)
(0.00229282 -0 6.42041e-05)
(0.0025147 -0 0.000102917)
(0.00273451 -0 0.000110032)
(0.00308439 -0 4.96315e-05)
(0.00307333 -0 -3.36171e-05)
(0.00317662 -0 -7.4083e-05)
(0.00301849 -0 -7.26519e-05)
(0.00287455 -0 -3.93108e-05)
(0.00279073 -0 -3.01803e-06)
(0.00259872 -0 -3.35356e-06)
(0.00246317 -0 -4.84524e-05)
(0.00237181 -0 -0.00010569)
(0.00238296 -0 -0.000127995)
(0.00247516 -0 -0.0001157)
(0.00244459 -0 -7.93188e-05)
(0.00247476 -0 -7.92064e-05)
(0.00238104 -0 -0.000155636)
(0.00198333 -0 -0.000181753)
(0.00156076 -0 -0.000101854)
(0.00152643 -0 -4.87768e-05)
(0.00155311 -0 -7.62177e-05)
(0.0014366 -0 -0.000131967)
(0.00108444 -0 -0.000126021)
(0.000754163 -0 -8.85912e-05)
(0.0004118 -0 -4.55588e-05)
(0.000325605 -0 -4.30078e-05)
(0.000111087 -0 -1.46367e-05)
(6.34012e-05 -0 -2.20566e-06)
(8.04403e-05 -0 -3.02949e-06)
(4.18072e-05 -0 -8.91645e-06)
(1.98625e-06 -0 -5.84705e-07)
(1.11253e-06 -0 -1.45712e-07)
(0 -0 -0)
(0 -0 -0)
(0 -0 -0)
(0 -0 -0)
(0 -0 -0)
(0 -0 -0)
(0 -0 -0)
(0 -0 -0)
(0 -0 -0)
(0 -0 -0)
(0 -0 0)
(0 -0 0)
(0 -0 0)
(0 -0 0)
(0 -0 0)
(0 -0 0)
(0 -0 0)
(0 -0 0)
(0 -0 0)
(0 -0 0)
(0 -0 0)
(0 -0 0)
(0 -0 0)
(0 -0 0)
(0 -0 0)
(0 -0 0)
(0 -0 0)
(0 -0 0)
(0 -0 0)
(0 -0 0)
(0 -0 0)
(0 -0 0)
(0 -0 0)
(0 -0 0)
(0 -0 0)
(0 -0 0)
(0 -0 0)
(0 -0 0)
(0 -0 0)
(0 -0 0)
(0 -0 0)
(0 -0 0)
(0 -0 -0)
(0 -0 -0)
(0 -0 -0)
(0 -0 -0)
(0 -0 -0)
(0 -0 -0)
(0 -0 -0)
(0 -0 -0)
(0 -0 -0)
(0 -0 -0)
(0 -0 -0)
(0 -0 -0)
(0 -0 -0)
(0 -0 -0)
(0 -0 -0)
(0 -0 -0)
(0 -0 0)
(0 -0 0)
(0 -0 0)
(0 -0 0)
(0 -0 -0)
(0 -0 0)
(2.26215e-07 -0 7.69957e-10)
(2.87454e-07 -0 6.90662e-10)
(5.20591e-07 -0 1.48228e-09)
(6.80979e-07 -0 1.29991e-09)
(1.06086e-06 -0 2.72349e-09)
(1.73172e-06 -0 1.14175e-09)
(2.01358e-06 -0 1.09324e-09)
(2.77784e-06 -0 2.12574e-09)
(3.59034e-06 -0 3.42089e-10)
(4.09804e-06 -0 2.70025e-10)
(5.17856e-06 -0 1.30685e-09)
(6.93132e-06 -0 -9.05812e-11)
(7.68378e-06 -0 2.73458e-07)
(5.58523e-06 -0 6.62439e-07)
(5.16205e-05 -0 7.84625e-06)
(8.15736e-05 -0 9.25126e-06)
(0.000113083 -0 9.37896e-06)
(0.000177948 -0 1.10524e-05)
(0.000182756 -0 8.68002e-06)
(0.000211479 -0 1.06543e-05)
(0.000219857 -0 1.15302e-05)
(0.000246704 -0 1.28221e-05)
(0.000295741 -0 1.53498e-05)
(0.000344006 -0 1.64796e-05)
(0.000382446 -0 1.79957e-05)
(0.000454706 -0 2.25508e-05)
(0.000534157 -0 2.49928e-05)
(0.000606619 -0 2.30544e-05)
(0.000628826 -0 1.29174e-05)
(0.000615782 -0 -1.76234e-06)
(0.000571483 -0 -1.53086e-05)
(0.000500714 -0 -2.56102e-05)
(0.000392998 -0 -2.44562e-05)
(0.000340176 -0 -1.74453e-05)
(0.00029977 -0 -8.80764e-06)
(0.000302175 -0 -9.45201e-06)
(0.000289083 -0 -1.88323e-05)
(0.000230382 -0 -1.63221e-05)
(0.000221069 -0 -9.34512e-06)
(0.000213817 -0 -9.01448e-06)
(0.00019898 -0 -1.60267e-05)
(0.000132331 -0 -1.61654e-05)
(7.35224e-05 -0 -1.03451e-05)
(5.11544e-05 -0 -6.8152e-06)
(8.01912e-06 -0 -6.88767e-07)
(7.55203e-06 -0 -1.90524e-07)
(6.07799e-06 -0 -6.0007e-09)
(4.42843e-06 -0 -8.39565e-09)
(2.84715e-06 -0 -4.39378e-09)
(2.57356e-06 -0 -7.2799e-09)
(1.17121e-06 -0 -8.0158e-09)
(8.82801e-07 -0 -8.72444e-11)
(1.1485e-06 -0 -3.15808e-10)
(7.12837e-07 -0 -1.51047e-08)
(0 -0 -0)
(0 -0 -0)
(0 -0 -0)
(0 -0 -0)
(0 -0 -0)
(0 -0 -0)
(0 -0 -0)
(0 -0 -0)
(0 -0 -0)
(0 -0 -0)
(0 -0 -0)
(0 -0 -0)
(0 -0 -0)
(0 -0 -0)
(0 -0 0)
(0 -0 0)
(0 -0 0)
(0 -0 0)
(0 -0 0)
(0 -0 0)
(0 -0 0)
(0 -0 0)
(0 -0 0)
(0 -0 0)
(0 -0 0)
(0 -0 0)
(0 -0 0)
(0 -0 0)
(0 -0 0)
(0 -0 0)
(0 -0 0)
(0 -0 0)
(0 -0 0)
(0 -0 0)
(0 -0 0)
(0 -0 0)
(0 -0 0)
(0 -0 0)
(0 -0 0)
(0 -0 0)
(0 -0 0)
(0 -0 0)
(0 -0 0)
(0 -0 0)
(0 -0 -0)
(0 -0 -0)
(0 -0 -0)
(0 -0 -0)
(0 -0 -0)
(0 -0 -0)
(0 -0 -0)
(0 -0 -0)
(0 -0 -0)
(0 -0 -0)
(0 -0 -0)
(0 -0 -0)
(0 -0 -0)
(0 -0 -0)
(0 -0 -0)
(0 -0 -0)
(0 -0 -0)
(0 -0 0)
(0 -0 0)
(0 -0 0)
(0 -0 0)
(0 -0 0)
(0 -0 0)
(0 -0 0)
(0 -0 0)
(0 -0 0)
(0 -0 0)
(0 -0 0)
(0 -0 0)
(0 -0 0)
(0 -0 0)
(0 -0 0)
(0 -0 0)
(0 -0 -0)
(0 -0 -0)
(0 -0 -0)
(8.7432e-07 -0 -2.14466e-09)
(1.25741e-06 -0 -1.18968e-10)
(1.42901e-06 -0 2.0749e-10)
(1.90023e-06 -0 1.64072e-10)
(1.89538e-06 -0 5.36458e-11)
(2.06379e-06 -0 2.25069e-10)
(2.22927e-06 -0 3.47244e-10)
(2.37167e-06 -0 5.78705e-10)
(2.65992e-06 -0 1.01719e-09)
(3.04254e-06 -0 9.09035e-10)
(3.35447e-06 -0 9.48608e-10)
(3.71415e-06 -0 1.66636e-09)
(4.07641e-06 -0 1.31605e-09)
(4.26901e-06 -0 1.11834e-09)
(4.59702e-06 -0 3.85006e-10)
(4.56114e-06 -0 4.71687e-11)
(4.4326e-06 -0 2.28955e-10)
(4.10574e-06 -0 1.4161e-09)
(3.39074e-06 -0 1.62246e-09)
(2.88089e-06 -0 1.09379e-09)
(2.41607e-06 -0 2.89198e-10)
(2.43894e-06 -0 2.75687e-11)
(2.57369e-06 -0 2.43861e-09)
(2.07561e-06 -0 1.64237e-09)
(2.0256e-06 -0 9.16665e-11)
(1.91157e-06 -0 9.19565e-11)
(1.79721e-06 -0 5.62943e-11)
(1.35932e-06 -0 -7.6602e-10)
(9.45552e-07 -0 -9.06023e-10)
(6.46841e-07 -0 -5.42805e-10)
(0 -0 -0)
(0 -0 -0)
(0 -0 -0)
(0 -0 -0)
(0 -0 -0)
(0 -0 -0)
(0 -0 -0)
(0 -0 -0)
(0 -0 -0)
(0 -0 -0)
(0 -0 -0)
(0 -0 -0)
(0 -0 -0)
(0 -0 -0)
(0 -0 -0)
(0 -0 -0)
(0 -0 -0)
(0 -0 -0)
(0 -0 -0)
(0 -0 -0)
(0 -0 -0)
(0 -0 -0)
(0 -0 -0)
(0 -0 -0)
(0 -0 -0)
(0 -0 0)
(0 -0 0)
(0 -0 0)
(0 -0 0)
(0 -0 0)
(0 -0 0)
(0 -0 0)
(0 -0 0)
(0 -0 0)
(0 -0 0)
(0 -0 0)
(0 -0 0)
(0 -0 0)
(0 -0 0)
(0 -0 0)
(0 -0 0)
(0 -0 0)
(0 -0 0)
(0 -0 0)
(0 -0 0)
(0 -0 0)
(0 -0 0)
(0 -0 0)
(0 -0 0)
(0 -0 0)
(0 -0 0)
(0 -0 0)
(0 -0 0)
(0 -0 0)
(0 -0 -0)
(0 -0 -0)
(0 -0 -0)
(0 -0 -0)
(0 -0 -0)
(0 -0 -0)
(0 -0 -0)
(0 -0 -0)
(0 -0 -0)
(0 -0 -0)
(0 -0 -0)
(0 -0 -0)
(0 -0 -0)
(0 -0 -0)
(0 -0 -0)
(0 -0 -0)
(0 -0 -0)
(0 -0 0)
(0 -0 0)
(0 -0 0)
(0 -0 0)
(0 -0 0)
(0 -0 0)
(0 -0 0)
(0 -0 0)
(0 -0 0)
(0 -0 0)
(0 -0 0)
(0 -0 0)
(0 -0 0)
(0 -0 0)
(0 -0 0)
(0 -0 -0)
(0 -0 -0)
(0 -0 -0)
(0 -0 -0)
(0 -0 -0)
(0 -0 -0)
(0 -0 -0)
(0 -0 -0)
(0 -0 0)
(0 -0 0)
(0 -0 0)
(0 -0 0)
(0 -0 0)
(0 -0 0)
(0 -0 0)
(0 -0 0)
(0 -0 0)
(0 -0 0)
(0 -0 0)
(0 -0 0)
(0 -0 0)
(0 -0 0)
(0 -0 0)
(0 -0 0)
(0 -0 0)
(0 -0 0)
(0 -0 0)
(0 -0 0)
(0 -0 0)
(0 -0 0)
(0 -0 0)
(0 -0 0)
(0 -0 0)
(0 -0 0)
(0 -0 0)
(0 -0 -0)
(0 -0 -0)
(0 -0 -0)
(0 -0 -0)
(0 -0 -0)
(0 -0 -0)
(0 -0 -0)
(0 -0 -0)
(0 -0 -0)
(0 -0 -0)
(0 -0 -0)
(0 -0 -0)
(0 -0 -0)
(0 -0 -0)
(0 -0 -0)
(0 -0 -0)
(0 -0 -0)
(0 -0 -0)
(0 -0 -0)
(0 -0 -0)
(0 -0 -0)
(0 -0 -0)
(0 -0 -0)
(0 -0 -0)
(0 -0 -0)
(0 -0 -0)
(0 -0 0)
(0 -0 0)
(0 -0 0)
(0 -0 0)
(0 -0 0)
(0 -0 0)
(0 -0 0)
(0 -0 0)
(0 -0 0)
(0 -0 0)
(0 -0 0)
(0 -0 0)
(0 -0 0)
(0 -0 0)
(0 -0 0)
(0 -0 0)
(0 -0 0)
(0 -0 0)
(0 -0 0)
(0 -0 0)
(0 -0 0)
(0 -0 0)
(0 -0 0)
(0 -0 0)
(0 -0 0)
(0 -0 0)
(0 -0 0)
(0 -0 0)
(0 -0 -0)
(0 -0 -0)
(0 -0 -0)
(0 -0 -0)
(0 -0 -0)
(0 -0 -0)
(0 -0 -0)
(0 -0 -0)
(0 -0 -0)
(0 -0 -0)
(0 -0 -0)
(0 -0 -0)
(0 -0 -0)
(0 -0 -0)
(0 -0 -0)
(0 -0 -0)
(0 -0 -0)
(0 -0 0)
(0 -0 0)
(0 -0 0)
(0 -0 0)
(0 -0 0)
(0 -0 0)
(0 -0 0)
(0 -0 0)
(0 -0 0)
(0 -0 0)
(0 -0 0)
(0 -0 0)
(0 -0 0)
(0 -0 0)
(0 -0 -0)
(0 -0 -0)
(0 -0 -0)
(0 -0 -0)
(0 -0 -0)
(0 -0 -0)
(0 -0 -0)
(0 -0 -0)
(0 -0 -0)
(0 -0 0)
(0 -0 0)
(0 -0 0)
(0 -0 0)
(0 -0 0)
(0 -0 0)
(0 -0 0)
(0 -0 0)
(0 -0 0)
(0 -0 0)
(0 -0 0)
(0 -0 0)
(0 -0 0)
(0 -0 0)
(0 -0 0)
(0 -0 0)
(0 -0 0)
(0 -0 0)
(0 -0 0)
(0 -0 0)
(0 -0 0)
(0 -0 0)
(0 -0 0)
(0 -0 0)
(0 -0 0)
(0 -0 0)
(0 -0 -0)
(0 -0 -0)
(0 -0 -0)
(0 -0 -0)
(0 -0 -0)
(0 -0 -0)
(0 -0 -0)
(0 -0 -0)
(0 -0 -0)
(0 -0 -0)
(0 -0 -0)
(0 -0 -0)
(0 -0 -0)
(0 -0 -0)
(0 -0 -0)
(0 -0 -0)
(0 -0 -0)
(0 -0 -0)
(0 -0 -0)
(0 -0 -0)
(0 -0 -0)
(0 -0 -0)
(0 -0 -0)
(0 -0 -0)
(0 -0 -0)
(0 -0 -0)
(0 -0 -0)
(0 -0 -0)
(0 -0 0)
(0 -0 0)
(0 -0 0)
(0 -0 0)
(0 -0 0)
(0 -0 0)
(0 -0 0)
(0 -0 0)
(0 -0 0)
(0 -0 0)
(0 -0 0)
(0 -0 0)
(0 -0 0)
(0 -0 0)
(0 -0 0)
(0 -0 0)
(0 -0 0)
(0 -0 0)
(0 -0 0)
(0 -0 0)
(0 -0 0)
(0 -0 0)
(0 -0 0)
(0 -0 0)
(0 -0 -0)
)
;

boundaryField
{
    hot
    {
        type            calculated;
        value           nonuniform List<vector> 
32
(
(0 -0 -0)
(0 -0 -0)
(0 -0 -0)
(0 -0 -0)
(0 -0 -0)
(0 -0 -0)
(0 -0 -0)
(0 -0 -0)
(0 -0 -0)
(0 -0 -0)
(0 -0 -0)
(0 -0 -0)
(0 -0 -0)
(0 -0 -0)
(0 -0 -0)
(0 -0 -0)
(0 -0 -0)
(0 -0 -0)
(0 -0 -0)
(0 -0 -0)
(0 -0 -0)
(0 -0 -0)
(0 -0 -0)
(0 -0 -0)
(0 -0 -0)
(0 -0 -0)
(0 -0 -0)
(0 -0 -0)
(0 -0 -0)
(0 -0 -0)
(0 -0 0)
(0.366968 -0 5.82732e-09)
)
;
    }
    hotTop
    {
        type            calculated;
        value           nonuniform List<vector> 8((2.1765 -0 -0.00470036) (0.0146607 -0 5.88947e-05) (2.49424e-06 -0 -3.12542e-12) (0 -0 -0) (0 -0 -0) (0 -0 -0) (0 -0 -0) (0 -0 0));
    }
    cold
    {
        type            calculated;
        value           uniform (0 -0 0);
    }
    coldTop
    {
        type            calculated;
        value           uniform (0 -0 -0);
    }
    top
    {
        type            calculated;
        value           uniform (0 -0 -0);
    }
    btm
    {
        type            calculated;
        value           nonuniform List<vector> 
120
(
(0 -0 -0)
(0 -0 -0)
(0 -0 -0)
(0 -0 -0)
(0 -0 -0)
(0 -0 -0)
(0 -0 -0)
(0 -0 -0)
(0 -0 -0)
(0 -0 -0)
(0 -0 -0)
(0 -0 -0)
(0 -0 -0)
(0 -0 -0)
(0 -0 -0)
(0 -0 -0)
(0 -0 -0)
(0 -0 -0)
(0 -0 -0)
(0 -0 -0)
(0 -0 -0)
(0 -0 -0)
(0 -0 -0)
(0 -0 -0)
(0 -0 -0)
(0 -0 -0)
(0 -0 -0)
(0 -0 -0)
(0 -0 -0)
(0 -0 -0)
(0 -0 -0)
(0 -0 -0)
(0 -0 -0)
(0 -0 -0)
(0 -0 -0)
(0 -0 -0)
(0 -0 -0)
(0 -0 -0)
(0 -0 -0)
(0 -0 -0)
(0 -0 -0)
(0 -0 -0)
(0 -0 -0)
(0 -0 -0)
(0 -0 -0)
(0 -0 -0)
(0 -0 -0)
(0 -0 -0)
(0 -0 -0)
(0 -0 -0)
(0 -0 -0)
(0 -0 -0)
(0 -0 -0)
(0 -0 -0)
(0 -0 -0)
(0 -0 -0)
(0 -0 -0)
(0 -0 -0)
(0 -0 -0)
(0 -0 -0)
(0 -0 -0)
(0 -0 -0)
(0 -0 -0)
(0 -0 -0)
(0 -0 -0)
(0 -0 -0)
(0 -0 -0)
(0 -0 -0)
(0 -0 -0)
(0 -0 -0)
(0 -0 -0)
(0 -0 -0)
(0 -0 -0)
(0 -0 -0)
(0 -0 -0)
(0 -0 -0)
(0 -0 -0)
(0 -0 -0)
(0 -0 -0)
(2.67588 -0 -0)
(2.70287 -0 -0)
(0 -0 -0)
(0 -0 -0)
(0 -0 -0)
(0 -0 -0)
(0 -0 -0)
(0 -0 -0)
(0 -0 -0)
(0 -0 -0)
(0 -0 -0)
(0 -0 -0)
(0 -0 -0)
(0 -0 -0)
(0 -0 -0)
(0 -0 -0)
(0 -0 -0)
(0 -0 -0)
(0 -0 -0)
(0 -0 -0)
(0 -0 -0)
(0 -0 -0)
(0 -0 -0)
(0 -0 -0)
(0 -0 -0)
(0 -0 -0)
(0 -0 -0)
(0 -0 -0)
(0 -0 -0)
(0 -0 -0)
(0 -0 -0)
(0 -0 -0)
(0 -0 -0)
(0 -0 -0)
(0 -0 -0)
(0 -0 -0)
(0 -0 -0)
(0 -0 -0)
(0 -0 -0)
(0 -0 -0)
(0 -0 -0)
)
;
    }
    frontAndBack
    {
        type            empty;
    }
}


// ************************************************************************* //
