/*--------------------------------*- C++ -*----------------------------------*\
  =========                 |
  \\      /  F ield         | OpenFOAM: The Open Source CFD Toolbox
   \\    /   O peration     | Website:  https://openfoam.org
    \\  /    A nd           | Version:  6
     \\/     M anipulation  |
\*---------------------------------------------------------------------------*/
FoamFile
{
    version     2.0;
    format      ascii;
    class       volScalarField;
    location    "1950";
    object      stFactor;
}
// * * * * * * * * * * * * * * * * * * * * * * * * * * * * * * * * * * * * * //

dimensions      [0 0 0 0 0 0 0];

internalField   nonuniform List<scalar> 
4800
(
1
1
1
1
1
1
1
1
1
1
1
1
1
1
1
1
1
1
1
1
1
1
1
1
1
1
1
1
1
1
1
1
1
1
1
1
1
1
1
1
1
1
1
1
1
1
1
1
1
1
1
1
1
1
1
1
1
1
1
1
1
1
1
1
1
1
1
1
1
1
1
1
1
1
1
1
1
1
1
1
0.999834
0.999872
0.99991
0.999946
0.999982
1
1
1
1
1
1
1
1
1
1
1
1
1
1
1
1
1
1
1
1
1
1
1
1
1
1
1
1
1
1
1
1
1
1
1
1
1
1
1
1
1
1
1
1
1
1
1
1
1
1
1
1
1
1
1
1
1
1
1
1
1
1
1
1
1
1
1
1
1
1
1
1
1
1
1
1
1
1
1
1
1
1
1
1
1
1
1
1
1
1
1
1
1
1
1
1
1
1
1
1
1
1
1
1
1
1
1
1
1
1
1
1
1
1
1
0.999835
0.999874
0.999911
0.999948
0.999983
1
1
1
1
1
1
1
1
1
1
1
1
1
1
1
1
1
1
1
1
1
1
1
1
1
1
1
1
1
1
1
1
1
1
1
1
1
1
1
1
1
1
1
1
1
1
1
1
1
1
1
1
1
1
1
1
1
1
1
1
1
1
1
1
1
1
1
1
1
1
1
1
1
1
1
1
1
1
1
1
1
1
1
1
1
1
1
1
1
1
1
1
1
1
1
1
1
1
1
1
1
1
1
1
1
1
1
1
1
1
1
1
1
1
1
0.999838
0.999877
0.999914
0.99995
0.999985
1
1
1
1
1
1
1
1
1
1
1
1
1
1
1
1
1
1
1
1
1
1
1
1
1
1
1
1
1
1
1
1
1
1
1
1
1
1
1
1
1
1
1
1
1
1
1
1
1
1
1
1
1
1
1
1
1
1
1
1
1
1
1
1
1
1
1
1
1
1
1
1
1
1
1
1
1
1
1
1
1
1
1
1
1
1
1
1
1
1
1
1
1
1
1
1
1
1
1
1
1
1
1
1
1
1
1
1
1
1
1
1
1
1
1
0.999843
0.999882
0.999919
0.999954
0.999988
1
1
1
1
1
1
1
1
1
1
1
1
1
1
1
1
1
1
1
1
1
1
1
1
1
1
1
1
1
1
1
1
1
1
1
1
1
1
1
1
1
1
1
1
1
1
1
1
1
1
1
1
1
1
1
1
1
1
1
1
1
1
1
1
1
1
1
1
1
1
1
1
1
1
1
1
1
1
1
1
1
1
1
1
1
1
1
1
1
1
1
1
1
1
1
1
1
1
1
1
1
1
1
1
1
1
1
1
1
1
1
1
1
1
1
0.999851
0.99989
0.999926
0.99996
0.999993
1
1
1
1
1
1
1
1
1
1
1
1
1
1
1
1
1
1
1
1
1
1
1
1
1
1
1
1
1
1
1
1
1
1
1
1
1
1
1
1
1
1
1
1
1
1
1
1
1
1
1
1
1
1
1
1
1
1
1
1
1
1
1
1
1
1
1
1
1
1
1
1
1
1
1
1
1
1
1
1
1
1
1
1
1
1
1
1
1
1
1
1
1
1
1
1
1
1
1
1
1
1
1
1
1
1
1
1
1
1
1
1
1
1
1
0.999862
0.9999
0.999934
0.999967
0.999998
1
1
1
1
1
1
1
1
1
1
1
1
1
1
1
1
1
1
1
1
1
1
1
1
1
1
1
1
1
1
1
1
1
1
1
1
1
1
1
1
1
1
1
1
1
1
1
1
1
1
1
1
1
1
1
1
1
1
1
1
1
1
1
1
1
1
1
1
1
1
1
1
1
1
1
1
1
1
1
1
1
1
1
1
1
1
1
1
1
1
1
1
1
1
1
1
1
1
1
1
1
1
1
1
1
1
1
1
1
1
1
1
1
1
1
0.999878
0.999913
0.999945
0.999975
1
1
1
1
1
1
1
1
1
1
1
1
1
1
1
1
1
1
1
1
1
1
1
1
1
1
1
1
1
1
1
1
1
1
1
1
1
1
1
1
1
1
1
1
1
1
1
1
1
1
1
1
1
1
1
1
1
1
1
1
1
1
1
1
1
1
1
1
1
1
1
1
1
1
1
1
1
1
1
1
1
1
1
1
1
1
1
1
1
1
1
1
1
1
1
1
1
1
1
1
1
1
1
1
1
1
1
1
1
1
1
1
1
1
1
1
0.999905
0.999931
0.999956
0.999983
1
1
1
1
1
1
1
1
1
1
1
1
1
1
1
1
1
1
1
1
1
1
1
1
1
1
1
1
1
1
1
1
1
1
1
1
1
1
1
1
1
1
1
1
1
1
1
1
1
1
1
1
1
1
1
1
1
1
1
1
1
1
1
1
1
1
1
1
1
1
1
1
1
1
1
1
1
1
1
1
1
1
1
1
1
1
1
1
1
1
1
1
1
1
1
1
1
1
1
1
1
1
1
1
1
1
1
1
1
1
1
1
1
1
1
1
1
0.999951
0.999967
0.99999
1
1
1
1
1
1
1
1
1
1
1
1
1
1
1
1
1
1
1
1
1
1
1
1
1
1
1
1
1
1
1
1
1
1
1
1
1
1
1
1
1
1
1
1
1
1
1
1
1
1
1
1
1
1
1
1
1
1
1
1
1
1
1
1
1
1
1
1
1
1
1
1
1
1
1
1
1
1
1
1
1
1
1
1
1
1
1
1
1
1
1
1
1
1
1
1
1
1
1
1
1
1
1
1
1
1
1
1
1
1
1
1
1
1
1
1
1
0.999946
0.999969
0.999994
1
1
1
1
1
1
1
1
1
1
1
1
1
1
1
1
1
1
1
1
1
1
1
1
1
1
1
1
1
1
1
1
1
1
1
1
1
1
1
1
1
1
1
1
1
1
1
1
1
1
1
1
1
1
1
1
1
1
1
1
1
1
1
1
1
1
1
1
1
1
1
1
1
1
1
1
1
1
1
1
1
1
1
1
1
1
1
1
1
1
1
1
1
1
1
1
1
1
1
1
1
1
1
1
1
1
1
1
1
1
1
1
1
1
1
1
1
0.999942
0.999971
0.999997
1
1
1
1
1
1
1
1
1
1
1
1
1
1
1
1
1
1
1
1
1
1
1
1
1
1
1
1
1
1
1
1
1
1
1
1
1
1
1
1
1
1
1
1
1
1
1
1
1
1
1
1
1
1
1
1
1
1
1
1
1
1
1
1
1
1
1
1
1
1
1
1
1
1
1
1
1
1
1
1
1
1
1
1
1
1
1
1
1
1
1
1
1
1
1
1
1
1
1
1
1
1
1
1
1
1
1
1
1
1
1
1
1
1
1
1
1
0.999944
0.999973
1
1
1
1
1
1
1
1
1
1
1
1
1
1
1
1
1
1
1
1
1
1
1
1
1
1
1
1
1
1
1
1
1
1
1
1
1
1
1
1
1
1
1
1
1
1
1
1
1
1
1
1
1
1
1
1
1
1
1
1
1
1
1
1
1
1
1
1
1
1
1
1
1
1
1
1
1
1
1
1
1
1
1
1
1
1
1
1
1
1
1
1
1
1
1
1
1
1
1
1
1
1
1
1
1
1
1
1
1
1
1
1
1
1
1
1
1
1
0.999951
0.999978
1
1
1
1
1
1
1
1
1
1
1
1
1
1
1
1
1
1
1
1
1
1
1
1
1
1
1
1
1
1
1
1
1
1
1
1
1
1
1
1
1
1
1
1
1
1
1
1
1
1
1
1
1
1
1
1
1
1
1
1
1
1
1
1
1
1
1
1
1
1
1
1
1
1
1
1
1
1
1
1
1
1
1
1
1
1
1
1
1
1
1
1
1
1
1
1
1
1
1
1
1
1
1
1
1
1
1
1
1
1
1
1
1
1
1
1
1
1
0.999964
0.999985
1
1
1
1
1
1
1
1
1
1
1
1
1
1
1
1
1
1
1
1
1
1
1
1
1
1
1
1
1
1
1
1
1
1
1
1
1
1
1
1
1
1
1
1
1
1
1
1
1
1
1
1
1
1
1
1
1
1
1
1
1
1
1
1
1
1
1
1
1
1
1
1
1
1
1
1
1
1
1
1
1
1
1
1
1
1
1
1
1
1
1
1
1
1
1
1
1
1
1
1
1
1
1
1
1
1
1
1
1
1
1
1
1
1
1
1
1
1
0.999977
0.999989
1
1
1
1
1
1
1
1
1
1
1
1
1
1
1
1
1
1
1
1
1
1
1
1
1
1
1
1
1
1
1
1
1
1
1
1
1
1
1
1
1
1
1
1
1
1
1
1
1
1
1
1
1
1
1
1
1
1
1
1
1
1
1
1
1
1
1
1
1
1
1
1
1
1
1
1
1
1
1
1
1
1
1
1
1
1
1
1
1
1
1
1
1
1
1
1
1
1
1
1
1
1
1
1
1
1
1
1
1
1
1
1
1
1
1
1
1
0.999855
0.999963
0.999984
1
1
1
1
1
1
1
1
1
1
1
1
1
1
1
1
1
1
1
1
1
1
1
1
1
1
1
1
1
1
1
1
1
1
1
1
1
1
1
1
1
1
1
1
1
1
1
1
1
1
1
1
1
1
1
1
1
1
1
1
1
1
1
1
1
1
1
1
1
1
1
1
1
1
1
1
1
1
1
1
1
1
1
1
1
1
1
1
1
1
1
1
1
1
1
1
1
1
1
1
1
1
1
1
1
1
1
1
1
1
1
1
1
1
1
1
1
1
0.999949
0.999977
1
1
1
1
1
1
1
1
1
1
1
1
1
1
1
1
1
1
1
1
1
1
1
1
1
1
1
1
1
1
1
1
1
1
1
1
1
1
1
1
1
1
1
1
1
1
1
1
1
1
1
1
1
1
1
1
1
1
1
1
1
1
1
1
1
1
1
1
1
1
1
1
1
1
1
1
1
1
1
1
1
1
1
1
1
1
1
1
1
1
1
1
1
1
1
1
1
1
1
1
1
1
1
1
1
1
1
1
1
1
1
1
1
1
1
1
1
1
0.999939
0.99997
1
1
1
1
1
1
1
1
1
1
1
1
1
1
1
1
1
1
1
1
1
1
1
1
1
1
1
1
1
1
1
1
1
1
1
1
1
1
1
1
1
1
1
1
1
1
1
1
1
1
1
1
1
1
1
1
1
1
1
1
1
1
1
1
1
1
1
1
1
1
1
1
1
1
1
1
1
1
1
1
1
1
1
1
1
1
1
1
1
1
1
1
1
1
1
1
1
1
1
1
1
1
1
1
1
1
1
1
1
1
1
1
1
1
1
1
1
1
0.999931
0.999965
0.999997
1
1
1
1
1
1
1
1
1
1
1
1
1
1
1
1
1
1
1
1
1
1
1
1
1
1
1
1
1
1
1
1
1
1
1
1
1
1
1
1
1
1
1
1
1
1
1
1
1
1
1
1
1
1
1
1
1
1
1
1
1
1
1
1
1
1
1
1
1
1
1
1
1
1
1
1
1
1
1
1
1
1
1
1
1
1
1
1
1
1
1
1
1
1
1
1
1
1
1
1
1
1
1
1
1
1
1
1
1
1
1
1
1
1
1
1
1
0.999925
0.99996
0.999995
1
1
1
1
1
1
1
1
1
1
1
1
1
1
1
1
1
1
1
1
1
1
1
1
1
1
1
1
1
1
1
1
1
1
1
1
1
1
1
1
1
1
1
1
1
1
1
1
1
1
1
1
1
1
1
1
1
1
1
1
1
1
1
1
1
1
1
1
1
1
1
1
1
1
1
1
1
1
1
1
1
1
1
1
1
1
1
1
1
1
1
1
1
1
1
1
1
1
1
1
1
1
1
1
1
1
1
1
1
1
1
1
1
1
1
1
1
0.999842
0.999957
0.999993
1
1
1
1
1
1
1
1
1
1
1
1
1
1
1
1
1
1
1
1
1
1
1
1
1
1
1
1
1
1
1
1
1
1
1
1
1
1
1
1
1
1
1
1
1
1
1
1
1
1
1
1
1
1
1
1
1
1
1
1
1
1
1
1
1
1
1
1
1
1
1
1
1
1
1
1
1
1
1
1
1
1
1
1
1
1
1
1
1
1
1
1
1
1
1
1
1
1
1
1
1
1
1
1
1
1
1
1
1
1
1
1
1
1
1
1
1
1
0.999955
0.999992
1
1
1
1
1
1
1
1
1
1
1
1
1
1
1
1
1
1
1
1
1
1
1
1
1
1
1
1
1
1
1
1
1
1
1
1
1
1
1
1
1
1
1
1
1
1
1
1
1
1
1
1
1
1
1
1
1
1
1
1
1
1
1
1
1
1
1
1
1
1
1
1
1
1
1
1
1
1
1
1
1
1
1
1
1
1
1
1
1
1
1
1
1
1
1
1
1
1
1
1
1
1
1
1
1
1
1
1
1
1
1
1
1
1
1
1
1
1
0.999955
0.999993
1
1
1
1
1
1
1
1
1
1
1
1
1
1
1
1
1
1
1
1
1
1
1
1
1
1
1
1
1
1
1
1
1
1
1
1
1
1
1
1
1
1
1
1
1
1
1
1
1
1
1
1
1
1
1
1
1
1
1
1
1
1
1
1
1
1
1
1
1
1
1
1
1
1
1
1
1
1
1
1
1
1
1
1
1
1
1
1
1
1
1
1
1
1
1
1
1
1
1
1
1
1
1
1
1
1
1
1
1
1
1
1
1
1
1
1
1
1
0.999955
0.999995
1
1
1
1
1
1
1
1
1
1
1
1
1
1
1
1
1
1
1
1
1
1
1
1
1
1
1
1
1
1
1
1
1
1
1
1
1
1
1
1
1
1
1
1
1
1
1
1
1
1
1
1
1
1
1
1
1
1
1
1
1
1
1
1
1
1
1
1
1
1
1
1
1
1
1
1
1
1
1
1
1
1
1
1
1
1
1
1
1
1
1
1
1
1
1
1
1
1
1
1
1
1
1
1
1
1
1
1
1
1
1
1
1
1
1
1
1
1
0.999925
0.999998
1
1
1
1
1
1
1
1
1
1
1
1
1
1
1
1
1
1
1
1
1
1
1
1
1
1
1
1
1
1
1
1
1
1
1
1
1
1
1
1
1
1
1
1
1
1
1
1
1
1
1
1
1
1
1
1
1
1
1
1
1
1
1
1
1
1
1
1
1
1
1
1
1
1
1
1
1
1
1
1
1
1
1
1
1
1
1
1
1
1
1
1
1
1
1
1
1
1
1
1
1
1
1
1
1
1
1
1
1
1
1
1
1
1
1
1
1
1
1
1
1
1
1
1
1
1
1
1
1
1
1
1
1
1
1
1
1
1
1
1
1
1
1
1
1
1
1
1
1
1
1
1
1
1
1
1
1
1
1
1
1
1
1
1
1
1
1
1
1
1
1
1
1
1
1
1
1
1
1
1
1
1
1
1
1
1
1
1
1
1
1
1
1
1
1
1
1
1
1
1
1
1
1
1
1
1
1
1
1
1
1
1
1
1
1
1
1
1
0.997844
1
0.996544
1
0.996379
1
0.996077
1
0.996437
1
0.997655
1
1
1
1
1
1
1
1
1
1
0.999709
1
1
1
1
1
1
1
1
1
1
1
1
1
1
1
1
1
1
1
1
1
1
1
1
1
1
1
1
1
1
1
1
1
1
1
1
1
1
1
1
1
1
1
1
1
1
1
1
1
1
1
1
1
1
1
1
1
1
1
1
1
1
1
1
1
1
1
1
1
1
1
1
1
0.997013
0.996066
0.992194
0.991467
0.987874
0.986949
0.983439
0.982641
0.979679
0.978557
0.976107
0.974664
0.972799
0.971142
0.969533
0.967308
0.96578
0.963229
0.961795
0.958684
0.956831
0.953779
0.950839
0.947869
0.944396
0.940406
0.936576
0.929706
0.92443
0.914831
0.908213
0.894759
0.885942
0.860162
0.850954
0.806485
0.79656
0.726066
0.718088
0.620162
0.61081
0.483674
0.472329
0.311074
0.294835
0.0916014
0.214859
1
1
1
1
1
1
1
1
1
1
1
1
1
1
1
1
1
1
1
1
1
1
1
1
1
1
1
1
1
1
1
1
1
1
1
1
1
1
1
1
1
1
1
1
1
1
1
1
1
1
1
1
1
1
1
1
1
1
1
1
1
1
1
1
1
0.997587
0.99572
0.992301
0.989379
0.986881
0.983063
0.981118
0.976803
0.974857
0.971992
0.9702
0.967936
0.96583
0.963991
0.961631
0.96027
0.957339
0.956149
0.95264
0.950986
0.946028
0.943904
0.936666
0.935106
0.927659
0.924634
0.915551
0.909738
0.898126
0.888122
0.872308
0.859588
0.837965
0.821665
0.795006
0.773346
0.737991
0.703295
0.665969
0.617768
0.576039
0.523561
0.472353
0.421803
0.364471
0.321772
0.258835
0.224035
0.165823
0.134991
0.0858523
0.0559135
0.0282225
0.000166952
0.0018429
0.44122
1
1
1
1
1
1
1
1
1
1
1
1
1
1
1
1
1
1
1
1
1
1
1
1
1
1
1
1
1
1
1
1
1
1
1
1
1
1
1
1
1
1
1
1
1
1
1
1
1
1
1
1
1
1
1
1
0.997956
0.996126
0.992495
0.989156
0.984907
0.981654
0.977491
0.973703
0.97113
0.967324
0.963978
0.960821
0.958033
0.95369
0.951071
0.94763
0.94576
0.94246
0.941256
0.937547
0.936413
0.931242
0.928348
0.921571
0.916581
0.906844
0.899666
0.887127
0.877332
0.861886
0.851739
0.830418
0.811102
0.787208
0.759707
0.732488
0.698373
0.67037
0.632867
0.600452
0.557722
0.520278
0.471594
0.430522
0.384972
0.355615
0.30248
0.280461
0.230258
0.210696
0.17183
0.153133
0.124677
0.107155
0.0860189
0.0693058
0.0515467
0.0371022
0.0219087
0.0120168
0.00147403
0.000167011
0.000167045
0.0145529
0.150756
1
1
1
1
1
1
1
1
1
1
1
1
1
1
1
1
1
1
1
1
1
1
1
1
1
1
1
1
1
1
1
1
1
1
1
1
1
1
1
1
1
1
1
1
1
1
1
1
0.998504
0.997063
0.992475
0.989958
0.98466
0.980865
0.974687
0.970281
0.965392
0.959383
0.954297
0.947952
0.943101
0.937729
0.934219
0.929248
0.925589
0.919821
0.916455
0.912017
0.910857
0.907457
0.903634
0.895169
0.887066
0.87484
0.862477
0.845712
0.826799
0.805461
0.782533
0.75651
0.7308
0.702349
0.673651
0.642632
0.60919
0.567582
0.530478
0.49583
0.45765
0.426898
0.387122
0.360716
0.321162
0.295658
0.261185
0.237552
0.207568
0.191339
0.169198
0.156827
0.133716
0.126615
0.106216
0.101806
0.0854927
0.0802014
0.0665958
0.0578004
0.0469559
0.0362403
0.026159
0.0183632
0.00992467
0.00428677
0.00188902
0.000167045
0.000167045
0.00016698
0.00317188
0.0221309
0.0872393
1
1
1
1
1
1
1
1
1
1
1
1
1
1
1
1
1
1
1
1
1
1
1
1
1
1
1
1
1
1
1
1
1
1
1
1
1
0.998937
0.996275
0.991792
0.987485
0.983973
0.978555
0.974653
0.972967
0.96502
0.958741
0.949368
0.944156
0.935848
0.930403
0.924623
0.922498
0.91445
0.910846
0.902256
0.898681
0.890458
0.887376
0.877293
0.86898
0.858015
0.848817
0.83394
0.820643
0.8024
0.784429
0.754993
0.721021
0.686189
0.649507
0.614611
0.578186
0.541816
0.506018
0.472778
0.438482
0.408317
0.376912
0.349406
0.319039
0.292748
0.264469
0.241537
0.223595
0.207266
0.189379
0.177646
0.160484
0.150411
0.135449
0.129579
0.117902
0.113618
0.10454
0.100241
0.0914861
0.0855348
0.0772291
0.0737408
0.0642743
0.0597062
0.0499041
0.0434304
0.0353348
0.0284658
0.0213238
0.0151826
0.0110736
0.00566086
0.00271067
0.000166962
0.000167004
0.000167045
0.000167045
0.000167045
0.000167045
0.000167045
0.000167045
0.000167045
0.00201327
0.0859443
0.258444
1
1
1
1
1
1
1
1
1
1
1
1
1
1
1
1
1
1
1
1
1
1
1
1
1
1
1
1
1
1
0.842615
0.83417
0.830196
0.823736
0.817516
0.809793
0.803609
0.797046
0.789154
0.779019
0.763021
0.742285
0.731879
0.718009
0.701302
0.683291
0.666005
0.647305
0.629009
0.605924
0.585753
0.560065
0.536158
0.508798
0.485197
0.457931
0.432477
0.404411
0.375708
0.347069
0.318574
0.289931
0.261672
0.233333
0.213362
0.198025
0.185506
0.17617
0.165309
0.158429
0.150567
0.144723
0.137941
0.133597
0.12871
0.124949
0.120946
0.119184
0.117204
0.116141
0.114283
0.110791
0.106888
0.103906
0.0979666
0.0944735
0.0879399
0.0849384
0.0788272
0.0745521
0.0685729
0.0634463
0.0570858
0.0518917
0.0467359
0.0412187
0.0347874
0.0302542
0.0245085
0.0206265
0.0157152
0.0119712
0.00831523
0.00582823
0.00282381
0.001557
0.000167006
0.000167026
0.000167045
0.000167045
0.000167045
0.000167045
0.000167045
0.000167045
0.000167045
0.000167045
0.000167045
0.000167017
0.000167045
0.000167045
0.000167045
0.000167045
0.000167045
0.000167045
0.000167045
0.000167045
0.000167045
0.000167045
0.000167045
0.000167045
0.000167045
0.000167045
0.000167045
0.000167045
0.000167045
0.000167045
0.000167045
0.000167045
0.000167045
0.000167045
0.000167045
0.000167045
0.000167045
0.000167045
0.000167045
0.000167045
0.000167045
0.000167045
0.000167045
0.000167045
0.0232924
0.0302731
0.0329238
0.0348587
0.0359739
0.0358715
0.0366511
0.0361177
0.0386534
0.0398083
0.0481029
0.0554517
0.0553098
0.0538771
0.0561161
0.0570889
0.0592424
0.0604318
0.0630906
0.0651297
0.0673688
0.0686704
0.0709399
0.0734455
0.0767859
0.0799086
0.0840102
0.0875266
0.0911332
0.0930726
0.0958905
0.0994219
0.103388
0.1072
0.10826
0.109303
0.108976
0.108185
0.107577
0.105679
0.103675
0.101304
0.0991707
0.0964879
0.0935117
0.0903315
0.0867014
0.0827141
0.0781448
0.0734004
0.0684482
0.0642057
0.0603684
0.0558962
0.052231
0.0476557
0.0441968
0.0406269
0.0385588
0.0351447
0.0324064
0.0289063
0.0254876
0.0225855
0.0184688
0.0156636
0.0131524
0.0100818
0.007653
0.00444799
0.00265226
0.00243164
0.000166991
0.000167038
0.000167045
0.000167045
0.000167045
0.000167045
0.000167045
0.000167045
0.000167045
0.000167045
0.000167045
0.000167045
0.000167045
0.000167045
0.000167045
0.000167045
0.000167045
0.000167045
0.000167045
0.000167045
0.000167045
0.000167045
0.000167045
0.000167045
0.000167045
0.000167045
0.000167045
0.000167045
0.000167045
0.000167045
0.000167045
0.000167045
0.000167045
0.000167045
0.000167045
0.000167045
0.000167045
0.000167045
0.000167045
0.000167045
0.000167045
0.000167045
0.000167045
0.000167045
0.000167045
0.000167045
0.000167045
0.000167045
0.0104899
0.0106976
0.0111505
0.012136
0.0126926
0.0141168
0.0148675
0.0167605
0.0178872
0.0202986
0.0215971
0.0223905
0.0228611
0.0233669
0.0237132
0.0238554
0.0247091
0.0253892
0.0264673
0.0275175
0.0289507
0.0301901
0.0312754
0.0322152
0.0333677
0.0345441
0.035929
0.0369165
0.0385951
0.0397146
0.0410116
0.0421835
0.0427648
0.043469
0.0445266
0.0459972
0.0465032
0.0477582
0.0488128
0.0489341
0.0491926
0.0488077
0.047335
0.0459892
0.0438396
0.0422613
0.0403903
0.0384592
0.0366987
0.0346585
0.0339709
0.0318181
0.0306698
0.0285735
0.0265743
0.0243228
0.0217231
0.0201499
0.0172278
0.0144121
0.0116797
0.0111112
0.00815352
0.00632487
0.00460468
0.00316069
0.00192506
0.000167014
0.000166979
0.000167021
0.000167045
0.00016703
0.000167045
0.000167045
0.000167045
0.000167045
0.000167045
0.000167045
0.000167045
0.000167045
0.000167045
0.000167045
0.000167045
0.000167045
0.000167045
0.000167045
0.000167045
0.000167045
0.000167045
0.000167045
0.000167045
0.000167045
0.000167045
0.000167045
0.000167045
0.000167045
0.000167045
0.000167045
0.000167045
0.000167045
0.000167045
0.000167045
0.000167045
0.000167045
0.000167045
0.000167045
0.000167045
0.000167045
0.000167045
0.000167045
0.000167045
0.000167045
0.000167045
0.000167045
0.000167045
0.000167045
0.000167045
0.000167045
0.000167045
0.000167045
0.000167045
0.000167042
0.00016704
0.000167045
0.000167045
0.000167045
0.000167045
0.000167045
0.000167045
0.000167045
0.000166974
0.00140957
0.00206494
0.00340599
0.00417083
0.00535111
0.00611332
0.00719673
0.00802469
0.00922563
0.00997642
0.0107989
0.0112272
0.0118746
0.0120276
0.0123754
0.0124553
0.0127667
0.0128939
0.0128626
0.0126812
0.0126763
0.0125968
0.0126823
0.0125983
0.0120672
0.0118103
0.0114351
0.0114154
0.0116178
0.0117919
0.0114635
0.0112951
0.0113504
0.0113174
0.0113336
0.0108612
0.010451
0.00953639
0.00908582
0.00841039
0.00808746
0.00705962
0.00660631
0.00586814
0.00528551
0.00456738
0.00347056
0.00288013
0.00200892
0.00128381
0.000166966
0.000166977
0.000167018
0.000167045
0.000167045
0.000167045
0.000167045
0.000167045
0.000167045
0.000167045
0.000167045
0.000167045
0.000167045
0.000167045
0.000167045
0.000167045
0.000167045
0.000167045
0.000167045
0.000167045
0.000167045
0.000167045
0.000167045
0.000167045
0.000167045
0.000167045
0.000167045
0.000167045
0.000167045
0.000167045
0.000167045
0.000167045
0.000167045
0.000167045
0.000167045
0.000167045
0.000167045
0.000167045
0.000167045
0.000167045
0.000167045
0.000167045
0.000167045
0.000167045
0.000167045
0.000167045
0.000167045
0.000167045
0.000167045
0.000167045
0.000167045
0.000167045
0.000167045
0.000167045
0.000167045
0.000167045
0.000167045
0.000167045
0.000167045
0.000167045
0.000167045
0.000167045
0.000167045
0.000167045
0.000167045
0.000167045
0.000167045
0.000167045
0.000167045
0.000167045
0.000167045
0.000167045
0.000167045
0.000167045
0.000167045
0.000167045
0.000167045
0.000167045
0.000167043
0.000167045
0.000167038
0.000167044
0.000167045
0.000167045
0.000167045
0.000167043
0.000167045
0.000167037
0.000167041
0.000167045
0.000167036
0.000167031
0.000167045
0.000167035
0.000167024
0.000167045
0.000167036
0.00016704
0.000167045
0.000167045
0.000167045
0.000167041
0.000167043
0.000167043
0.000167045
0.000167045
0.000167045
0.000167045
0.000167045
0.000167018
0.000167041
0.000167045
0.000167028
0.000167042
0.000167045
0.000167045
0.000167045
0.000167045
0.000167045
0.000167045
0.000167045
0.000167045
0.000167045
0.000167045
0.000167045
0.000167045
0.000167045
0.000167045
0.000167045
0.000167045
0.000167045
0.000167045
0.000167045
0.000167045
0.000167045
0.000167045
0.000167045
0.000167045
0.000167045
0.000167045
0.000167045
0.000167045
0.000167045
0.000167045
0.000167045
0.000167045
0.000167045
0.000167045
0.000167045
0.000167045
0.000167045
0.000167045
0.000167045
0.000167045
0.000167045
0.000167045
0.000167045
0.000167045
0.000167045
0.000167045
0.000167045
0.000167045
0.000167045
0.000167045
0.000167045
0.000167045
0.000167045
0.000167045
0.000167045
0.000167045
0.000167045
0.000167045
0.000167045
0.000167045
0.000167045
0.000167045
0.000167045
0.000167045
0.000167045
0.000167045
0.000167045
0.000167045
0.000167045
0.000167045
0.000167045
0.000167045
0.000167045
0.000167045
0.000167045
0.000167045
0.000167045
0.000167045
0.000167045
0.000167045
0.000167045
0.000167045
0.000167045
0.000167045
0.000167045
0.000167045
0.000167045
0.000167045
0.000167045
0.000167045
0.000167045
0.000167045
0.000167045
0.000167045
0.000167045
0.000167045
0.000167045
0.000167045
0.000167045
0.000167045
0.000167045
0.000167045
0.000167045
0.000167045
0.000167045
0.000167045
0.000167045
0.000167045
0.000167045
0.000167045
0.000167045
0.000167045
0.000167045
0.000167045
0.000167045
0.000167045
0.000167045
0.000167045
0.000167045
0.000167045
0.000167045
0.000167045
0.000167045
0.000167045
0.000167045
0.000167045
0.000167045
0.000167045
0.000167045
0.000167045
0.000167045
0.000167045
0.000167045
0.000167045
0.000167045
0.000167045
0.000167045
0.000167045
0.000167045
0.000167045
0.000167045
0.000167045
0.000167045
0.000167045
0.000167045
0.000167045
0.000167045
0.000167045
0.000167045
0.000167045
0.000167045
0.000167045
0.000167045
0.000167045
0.000167045
0.000167045
0.000167045
0.000167045
0.000167045
0.000167045
0.000167045
0.000167045
0.000167045
0.000167045
0.000167045
0.000167045
0.000167045
0.000167045
0.000167045
0.000167045
0.000167045
0.000167045
0.000167045
0.000167045
0.000167045
0.000167045
0.000167045
0.000167045
0.000167045
0.000167045
0.000167045
0.000167045
0.000167045
0.000167045
0.000167045
0.000167045
0.000167045
0.000167045
0.000167045
0.000167045
0.000167045
0.000167045
0.000167045
0.000167045
0.000167045
0.000167045
0.000167045
0.000167045
0.000167045
0.000167045
0.000167045
0.000167045
0.000167045
0.000167045
0.000167045
0.000167045
0.000167045
0.000167045
0.000167045
0.000167045
0.000167045
0.000167045
0.000167045
0.000167045
0.000167045
0.000167045
0.000167045
0.000167045
0.000167045
0.000167045
0.000167045
0.000167045
0.000167045
0.000167045
0.000167045
0.000167045
0.000167045
0.000167045
0.000167045
0.000167045
0.000167045
0.000167045
0.000167045
0.000167045
0.000167045
0.000167045
0.000167045
0.000167045
0.000167045
0.000167045
0.000167045
0.000167045
0.000167045
0.000167045
0.000167045
0.000167045
0.000167045
0.000167045
0.000167045
0.000167045
0.000167045
0.000167045
0.000167045
0.000167045
0.000167045
0.000167045
0.000167045
0.000167045
0.000167045
0.000167045
0.000167045
0.000167045
0.000167045
0.000167045
0.000167045
0.000167045
0.000167045
0.000167045
0.000167045
0.000167045
0.000167045
0.000167045
0.000167045
0.000167045
0.000167045
0.000167045
0.000167045
0.000167045
0.000167045
0.000167045
0.000167045
0.000167045
0.000167045
0.000167045
0.000167045
0.000167045
0.000167045
0.000167045
0.000167045
0.000167045
0.000167045
0.000167045
0.000167045
0.000167045
0.000167045
0.000167045
0.000167045
0.000167045
0.000167045
0.000167045
0.000167045
0.000167045
0.000167045
0.000167045
0.000167045
0.000167045
0.000167045
0.000167045
0.000167045
0.000167045
0.000167045
0.000167045
0.000167045
0.000167045
0.000167045
0.000167045
0.000167045
0.000167045
0.000167045
0.000167045
0.000167045
0.000167045
0.000167045
0.000167045
0.000167045
0.000167045
0.000167045
0.000167045
0.000167045
0.000167045
0.000167045
0.000167045
0.000167045
0.000167045
0.000167045
0.000167045
0.000167045
0.000167045
0.000167045
0.000167045
0.000167045
0.000167045
0.000167045
0.000167045
0.000167045
0.000167045
0.000167045
0.000167045
0.000167045
0.000167045
0.000167045
0.000167045
0.000167045
0.000167045
0.000167045
0.000167045
0.000167045
0.000167045
0.000167045
0.000167045
0.000167045
0.000167045
0.000167045
0.000167045
0.000167045
0.000167045
0.000167045
0.000167045
0.000167045
0.000167045
0.000167045
0.000167045
0.000167045
0.000167045
0.000167045
0.000167045
0.000167045
0.000167045
0.000167045
0.000167045
0.000167045
0.000167045
0.000167045
0.000167045
0.000167045
0.000167045
0.000167045
0.000167045
0.000167045
0.000167045
0.000167045
0.000167045
0.000167045
0.000167045
0.000167045
0.000167045
0.000167045
0.000167045
0.000167045
0.000167045
0.000167045
0.000167045
0.000167045
0.000167045
0.000167045
0.000167045
0.000167045
0.000167045
0.000167045
0.000167045
0.000167045
0.000167045
0.000167045
0.000167045
0.000167045
0.000167045
0.000167045
0.000167045
0.000167045
0.000167045
0.000167045
0.000167045
0.000167045
0.000167045
0.000167045
)
;

boundaryField
{
    hot
    {
        type            calculated;
        value           uniform 1;
    }
    hotTop
    {
        type            calculated;
        value           nonuniform List<scalar> 8(0.842615 0.0232924 0.0104899 0.000168516 0.000167045 0.000167045 0.000167045 0.000167045);
    }
    cold
    {
        type            calculated;
        value           uniform 1;
    }
    coldTop
    {
        type            calculated;
        value           nonuniform List<scalar> 8(0.000167045 0.000167045 0.000167045 0.000167045 0.000167045 0.000167045 0.000167045 0.000167045);
    }
    top
    {
        type            calculated;
        value           nonuniform List<scalar> 
120
(
0.000167045
0.000167045
0.000167045
0.000167045
0.000167045
0.000167045
0.000167045
0.000167045
0.000167045
0.000167045
0.000167045
0.000167045
0.000167045
0.000167045
0.000167045
0.000167045
0.000167045
0.000167045
0.000167045
0.000167045
0.000167045
0.000167045
0.000167045
0.000167045
0.000167045
0.000167045
0.000167045
0.000167045
0.000167045
0.000167045
0.000167045
0.000167045
0.000167045
0.000167045
0.000167045
0.000167045
0.000167045
0.000167045
0.000167045
0.000167045
0.000167045
0.000167045
0.000167045
0.000167045
0.000167045
0.000167045
0.000167045
0.000167045
0.000167045
0.000167045
0.000167045
0.000167045
0.000167045
0.000167045
0.000167045
0.000167045
0.000167045
0.000167045
0.000167045
0.000167045
0.000167045
0.000167045
0.000167045
0.000167045
0.000167045
0.000167045
0.000167045
0.000167045
0.000167045
0.000167045
0.000167045
0.000167045
0.000167045
0.000167045
0.000167045
0.000167045
0.000167045
0.000167045
0.000167045
0.000167045
0.000167045
0.000167045
0.000167045
0.000167045
0.000167045
0.000167045
0.000167045
0.000167045
0.000167045
0.000167045
0.000167045
0.000167045
0.000167045
0.000167045
0.000167045
0.000167045
0.000167045
0.000167045
0.000167045
0.000167045
0.000167045
0.000167045
0.000167045
0.000167045
0.000167045
0.000167045
0.000167045
0.000167045
0.000167045
0.000167045
0.000167045
0.000167045
0.000167045
0.000167045
0.000167045
0.000167045
0.000167045
0.000167045
0.000167045
0.000167045
)
;
    }
    btm
    {
        type            calculated;
        value           nonuniform List<scalar> 
120
(
1
1
1
1
1
1
1
1
1
1
1
1
1
1
1
1
1
1
1
1
1
1
1
1
1
1
1
1
1
1
1
1
1
1
1
1
1
1
1
1
1
1
1
1
1
1
1
1
1
1
1
1
1
1
1
1
1
1
1
1
1
1
1
1
1
1
1
1
1
1
1
1
1
1
1
1
1
1
1
1
1
1
1
1
1
1
1
1
1
1
1
1
1
1
1
1
1
1
1
1
1
1
1
1
1
1
1
1
1
1
1
1
1
1
1
1
1
1
1
1
)
;
    }
    frontAndBack
    {
        type            empty;
    }
}


// ************************************************************************* //
