/*--------------------------------*- C++ -*----------------------------------*\
  =========                 |
  \\      /  F ield         | OpenFOAM: The Open Source CFD Toolbox
   \\    /   O peration     | Website:  https://openfoam.org
    \\  /    A nd           | Version:  6
     \\/     M anipulation  |
\*---------------------------------------------------------------------------*/
FoamFile
{
    version     2.0;
    format      ascii;
    class       volScalarField;
    location    "4750";
    object      dmdt;
}
// * * * * * * * * * * * * * * * * * * * * * * * * * * * * * * * * * * * * * //

dimensions      [0 0 0 0 0 0 0];

internalField   nonuniform List<scalar> 
4800
(
-0.21844
-0.214131
-0.209805
-0.205452
-0.201072
-0.196682
-0.192301
-0.187953
-0.183657
-0.179438
-0.175315
-0.171308
-0.167435
-0.163715
-0.160175
-0.156833
-0.153716
-0.150844
-0.148211
-0.145804
-0.143601
-0.14158
-0.139716
-0.137985
-0.136367
-0.134846
-0.133406
-0.132033
-0.130711
-0.129427
-0.128168
-0.126919
-0.125666
-0.124399
-0.123108
-0.121783
-0.120412
-0.118989
-0.117508
-0.115966
-0.114359
-0.112688
-0.110953
-0.109157
-0.107303
-0.105398
-0.103445
-0.101452
-0.0994229
-0.0973644
-0.0952829
-0.0931855
-0.0910802
-0.0889746
-0.0868747
-0.0847842
-0.0827054
-0.0806381
-0.0785789
-0.0765235
-0.0744677
-0.0724053
-0.0703265
-0.06822
-0.0660713
-0.0638651
-0.0615821
-0.0591996
-0.0567071
-0.0540953
-0.0513483
-0.0484531
-0.0453895
-0.0421624
-0.0387802
-0.035227
-0.0315058
-0.0276391
-0.0236509
-0.0195868
-0.0155152
-0.0115066
-0.0076002
-0.00378825
-6.35035e-05
0.00358198
0.00715629
0.0106673
0.0141222
0.0175275
0.0208887
0.0242103
0.0274962
0.0307494
0.0339726
0.0371677
0.0403366
0.0434809
0.0466019
0.0497009
0.0527792
0.0558381
0.0588786
0.0619021
0.0649096
0.0679024
0.0708815
0.0738482
0.0768035
0.0797485
0.0826843
0.0856119
0.0885322
0.0914463
0.094355
0.0972593
0.10016
0.103058
0.105954
0.108848
-0.21844
-0.214132
-0.209806
-0.205455
-0.201083
-0.196698
-0.192318
-0.187966
-0.183668
-0.179439
-0.175295
-0.171259
-0.167363
-0.163635
-0.160103
-0.156792
-0.153711
-0.150864
-0.148253
-0.145859
-0.143665
-0.141651
-0.139794
-0.138069
-0.13646
-0.134948
-0.13352
-0.132159
-0.130851
-0.129582
-0.128339
-0.127106
-0.12587
-0.124621
-0.123348
-0.12204
-0.120685
-0.119277
-0.117809
-0.116278
-0.11468
-0.113017
-0.11129
-0.109502
-0.107656
-0.105758
-0.103813
-0.101824
-0.099798
-0.097741
-0.0956601
-0.0935636
-0.09146
-0.0893563
-0.0872578
-0.0851673
-0.083087
-0.0810178
-0.0789584
-0.0769049
-0.0748518
-0.0727902
-0.0707086
-0.0685959
-0.0664375
-0.0642167
-0.0619115
-0.0595066
-0.0569918
-0.0543499
-0.0515674
-0.0486339
-0.0455417
-0.0422903
-0.0388697
-0.0352813
-0.0315346
-0.0276465
-0.0236485
-0.0195833
-0.0155074
-0.0114956
-0.00758892
-0.00377843
-5.61658e-05
0.0035863
0.00715753
0.0106657
0.0141184
0.017522
0.0208821
0.0242032
0.0274891
0.0307427
0.0339664
0.0371623
0.0403321
0.0434772
0.046599
0.0496989
0.0527779
0.0558374
0.0588785
0.0619024
0.0649103
0.0679033
0.0708827
0.0738495
0.0768048
0.0797499
0.0826857
0.0856132
0.0885335
0.0914474
0.094356
0.0972601
0.100161
0.103058
0.105954
0.108848
-0.218439
-0.21413
-0.209802
-0.205453
-0.201087
-0.196709
-0.192335
-0.187987
-0.183684
-0.179443
-0.175285
-0.171236
-0.167331
-0.163607
-0.160093
-0.156808
-0.15376
-0.150943
-0.148351
-0.145975
-0.143799
-0.141799
-0.139954
-0.138245
-0.136654
-0.135165
-0.133761
-0.132427
-0.131148
-0.12991
-0.128699
-0.127498
-0.126295
-0.125082
-0.123843
-0.122568
-0.121245
-0.119863
-0.11842
-0.116911
-0.115333
-0.113686
-0.111974
-0.110201
-0.10837
-0.106486
-0.104553
-0.102574
-0.100555
-0.098502
-0.0964238
-0.0943292
-0.0922272
-0.0901247
-0.088026
-0.0859334
-0.0838495
-0.081776
-0.0797128
-0.0776574
-0.0756047
-0.0735419
-0.0714553
-0.0693336
-0.0671585
-0.0649093
-0.0625657
-0.0601182
-0.057552
-0.0548468
-0.0519932
-0.0489852
-0.0458241
-0.0425062
-0.0390206
-0.0353784
-0.0315876
-0.0276626
-0.0236383
-0.0195604
-0.0154813
-0.011469
-0.00756349
-0.00375661
-3.99559e-05
0.00359591
0.00716051
0.0106628
0.0141106
0.0175107
0.0208687
0.0241888
0.0274747
0.030729
0.0339539
0.0371514
0.0403229
0.0434697
0.0465933
0.0496947
0.0527752
0.055836
0.0588782
0.061903
0.0649116
0.0679052
0.0708849
0.073852
0.0768075
0.0797527
0.0826884
0.0856158
0.0885359
0.0914496
0.094358
0.0972618
0.100162
0.103059
0.105955
0.108849
-0.218437
-0.214123
-0.209793
-0.205444
-0.20108
-0.196712
-0.19235
-0.18801
-0.183707
-0.179459
-0.175294
-0.171247
-0.167352
-0.163643
-0.160148
-0.156883
-0.153859
-0.151068
-0.148502
-0.146152
-0.143999
-0.142021
-0.1402
-0.138519
-0.13696
-0.135506
-0.13414
-0.132847
-0.131612
-0.13042
-0.129255
-0.128101
-0.126947
-0.125784
-0.124593
-0.123368
-0.122089
-0.120747
-0.119341
-0.117865
-0.116315
-0.114693
-0.113003
-0.111252
-0.109439
-0.107574
-0.105658
-0.103692
-0.101683
-0.0996354
-0.0975589
-0.095463
-0.0933575
-0.0912504
-0.0891465
-0.0870484
-0.0849595
-0.0828824
-0.0808167
-0.0787596
-0.0767037
-0.0746327
-0.0725352
-0.0703981
-0.0681964
-0.0659085
-0.063516
-0.0610056
-0.0583599
-0.055563
-0.052608
-0.0494955
-0.0462303
-0.0428085
-0.0392318
-0.0355091
-0.0316531
-0.027681
-0.0236238
-0.0195274
-0.0154391
-0.0114216
-0.00751761
-0.0037174
-1.07351e-05
0.00361371
0.00716708
0.0106595
0.0140995
0.0174941
0.0208487
0.0241673
0.0274531
0.0307085
0.0339354
0.0371352
0.0403093
0.0434589
0.046585
0.0496888
0.0527714
0.0558341
0.0588778
0.0619039
0.0649136
0.067908
0.0708884
0.0738559
0.0768116
0.0797568
0.0826925
0.0856197
0.0885396
0.091453
0.0943609
0.0972642
0.100164
0.103061
0.105955
0.108849
-0.218434
-0.214116
-0.209788
-0.205447
-0.201094
-0.196737
-0.192386
-0.188052
-0.183748
-0.179496
-0.175329
-0.171288
-0.167412
-0.163726
-0.160254
-0.157014
-0.154012
-0.151245
-0.148706
-0.146385
-0.144261
-0.142316
-0.140533
-0.138894
-0.13738
-0.135976
-0.134662
-0.133424
-0.132245
-0.131109
-0.130002
-0.128911
-0.127818
-0.126717
-0.125587
-0.124424
-0.123205
-0.121913
-0.120555
-0.119125
-0.117611
-0.116018
-0.114354
-0.112627
-0.110837
-0.108993
-0.107096
-0.105144
-0.103144
-0.1011
-0.0990213
-0.0969196
-0.0948058
-0.0926888
-0.0905747
-0.0884679
-0.0863724
-0.084291
-0.0822226
-0.0801631
-0.0781026
-0.0760222
-0.073915
-0.0717571
-0.0695201
-0.0671838
-0.0647283
-0.0621357
-0.0593887
-0.056475
-0.0533931
-0.0501477
-0.0467455
-0.0431909
-0.0394935
-0.0356616
-0.0317163
-0.0276772
-0.0235775
-0.0194596
-0.015362
-0.0113402
-0.00744038
-0.00365211
3.7793e-05
0.00364385
0.0071798
0.0106574
0.014086
0.0174726
0.0208224
0.024139
0.0274248
0.0306818
0.0339113
0.0371143
0.0402919
0.043445
0.0465745
0.0496814
0.0527668
0.0558319
0.0588778
0.0619056
0.0649166
0.0679121
0.0708932
0.0738611
0.0768172
0.0797624
0.082698
0.085625
0.0885445
0.0914574
0.0943647
0.0972674
0.100166
0.103062
0.105956
0.108849
-0.218431
-0.214108
-0.209785
-0.20546
-0.20113
-0.196795
-0.192459
-0.18813
-0.183826
-0.179572
-0.175405
-0.17137
-0.167506
-0.163842
-0.160399
-0.157191
-0.154218
-0.151477
-0.148968
-0.146678
-0.14459
-0.142689
-0.140956
-0.139372
-0.137918
-0.136575
-0.135325
-0.13415
-0.133035
-0.131965
-0.130926
-0.129907
-0.128884
-0.127854
-0.126796
-0.125703
-0.124558
-0.123324
-0.122026
-0.12065
-0.119176
-0.117616
-0.115979
-0.114278
-0.112515
-0.110694
-0.108819
-0.106883
-0.10489
-0.102844
-0.100757
-0.0986436
-0.0965164
-0.0943863
-0.0922604
-0.0901446
-0.088042
-0.0859562
-0.0838852
-0.0818242
-0.0797611
-0.077672
-0.0755519
-0.0733651
-0.0710884
-0.0686979
-0.0661676
-0.063476
-0.0606075
-0.0575532
-0.0543191
-0.0509146
-0.0473469
-0.0436287
-0.0397791
-0.0358168
-0.0317702
-0.0276648
-0.0235224
-0.019365
-0.0152394
-0.0112075
-0.00731595
-0.00354854
0.000113981
0.00369149
0.0072015
0.0106579
0.0140706
0.0174466
0.0207902
0.0241042
0.0273903
0.0306494
0.0338822
0.0370894
0.0402713
0.0434287
0.0465624
0.0496731
0.052762
0.05583
0.0588783
0.0619082
0.0649208
0.0679175
0.0708994
0.073868
0.0768243
0.0797696
0.082705
0.0856316
0.0885506
0.0914629
0.0943696
0.0972715
0.10017
0.103065
0.105958
0.10885
-0.218428
-0.214104
-0.209787
-0.205477
-0.20117
-0.196857
-0.192537
-0.188218
-0.183919
-0.179674
-0.17552
-0.171501
-0.167656
-0.164012
-0.160593
-0.157412
-0.15447
-0.151764
-0.149293
-0.147044
-0.145004
-0.143158
-0.141486
-0.139966
-0.13858
-0.137306
-0.136127
-0.135023
-0.133979
-0.132983
-0.13202
-0.13108
-0.130135
-0.129179
-0.128202
-0.127183
-0.126115
-0.124948
-0.123716
-0.122399
-0.120964
-0.119437
-0.117827
-0.116153
-0.114417
-0.112621
-0.110771
-0.108853
-0.106865
-0.104815
-0.102716
-0.100587
-0.0984422
-0.0962962
-0.0941572
-0.0920329
-0.0899227
-0.0878329
-0.0857593
-0.0836974
-0.0816328
-0.0795358
-0.0774014
-0.0751848
-0.0728659
-0.0704124
-0.0677945
-0.0649875
-0.0619778
-0.0587629
-0.0553544
-0.0517642
-0.0480041
-0.0440935
-0.0400621
-0.0359457
-0.0317766
-0.0275762
-0.0233643
-0.0191688
-0.0150294
-0.0109935
-0.00712126
-0.00339055
0.000227735
0.0037619
0.0072346
0.0106618
0.0140537
0.0174162
0.0207525
0.0240637
0.0273503
0.0306122
0.0338492
0.0370613
0.0402485
0.0434111
0.0465496
0.0496648
0.0527575
0.0558289
0.05888
0.0619121
0.0649265
0.0679245
0.0709074
0.0738765
0.076833
0.0797783
0.0827135
0.0856397
0.0885581
0.0914696
0.0943754
0.0972764
0.100173
0.103068
0.10596
0.10885
-0.218435
-0.214123
-0.209814
-0.205513
-0.201219
-0.196924
-0.19262
-0.188314
-0.184028
-0.179799
-0.175666
-0.17167
-0.167845
-0.164224
-0.160832
-0.157682
-0.154777
-0.152116
-0.149695
-0.147503
-0.145526
-0.143747
-0.142143
-0.140695
-0.139381
-0.138181
-0.137075
-0.136048
-0.135082
-0.134166
-0.133286
-0.13243
-0.131567
-0.130691
-0.129796
-0.128856
-0.12786
-0.126771
-0.125606
-0.124344
-0.122946
-0.121449
-0.119861
-0.11821
-0.116504
-0.114736
-0.112916
-0.111016
-0.109031
-0.10697
-0.104853
-0.102702
-0.100537
-0.0983742
-0.0962218
-0.094089
-0.0919711
-0.0898786
-0.0878036
-0.0857418
-0.0836744
-0.0815709
-0.0794191
-0.0771734
-0.0748077
-0.0722819
-0.0695633
-0.0666253
-0.0634571
-0.060062
-0.0564595
-0.0526647
-0.0486917
-0.0445682
-0.040335
-0.0360384
-0.0317152
-0.0273965
-0.0231054
-0.0188635
-0.0147016
-0.0106607
-0.00682582
-0.00315872
0.000388992
0.00385889
0.00727978
0.0106688
0.0140348
0.0173815
0.0207095
0.0240181
0.0273059
0.0305715
0.0338137
0.0370316
0.0402248
0.0433932
0.0465371
0.0496572
0.0527542
0.0558292
0.0588833
0.0619178
0.0649341
0.0679335
0.0709173
0.0738869
0.0768436
0.0797888
0.0827236
0.0856492
0.0885668
0.0914775
0.0943823
0.0972821
0.100178
0.103071
0.105962
0.108851
-0.218447
-0.214157
-0.209864
-0.205574
-0.201288
-0.196999
-0.192704
-0.18841
-0.184136
-0.179918
-0.175804
-0.171838
-0.168053
-0.164474
-0.161121
-0.158009
-0.15515
-0.152545
-0.150191
-0.148072
-0.146168
-0.144463
-0.142935
-0.141566
-0.140331
-0.139208
-0.138182
-0.137236
-0.13635
-0.135519
-0.134727
-0.133956
-0.133179
-0.132388
-0.131572
-0.130713
-0.129791
-0.12878
-0.127676
-0.126454
-0.125088
-0.123608
-0.122032
-0.120402
-0.118728
-0.116986
-0.115192
-0.113307
-0.111321
-0.109246
-0.10711
-0.104937
-0.102751
-0.100572
-0.0984074
-0.0962664
-0.0941425
-0.0920474
-0.0899724
-0.0879109
-0.0858408
-0.083732
-0.0815612
-0.0792836
-0.076862
-0.0742546
-0.071424
-0.0683435
-0.0650063
-0.061422
-0.0576147
-0.0536007
-0.0493998
-0.0450499
-0.0405988
-0.0360946
-0.0315853
-0.0271171
-0.0227097
-0.0183843
-0.0141874
-0.0101495
-0.00638811
-0.00283206
0.000604343
0.00398186
0.00733411
0.0106761
0.0140123
0.017342
0.020662
0.0239688
0.0272589
0.0305292
0.0337774
0.0370019
0.0402018
0.0433766
0.0465263
0.0496516
0.0527531
0.0558318
0.058889
0.061926
0.0649441
0.0679447
0.0709294
0.0738994
0.0768562
0.0798011
0.0827353
0.0856602
0.0885769
0.0914865
0.0943901
0.0972886
0.100183
0.103075
0.105964
0.108852
-0.218457
-0.214183
-0.209905
-0.205625
-0.201347
-0.197066
-0.192782
-0.188501
-0.184242
-0.180045
-0.175957
-0.172023
-0.168283
-0.164758
-0.161465
-0.158416
-0.155619
-0.15308
-0.150799
-0.148759
-0.146935
-0.145311
-0.143865
-0.142581
-0.141429
-0.140388
-0.139442
-0.13858
-0.13778
-0.137038
-0.136335
-0.135653
-0.134964
-0.134261
-0.133528
-0.13275
-0.1319
-0.130959
-0.129911
-0.128729
-0.127394
-0.12592
-0.124345
-0.122725
-0.121071
-0.119344
-0.117562
-0.115675
-0.113678
-0.111587
-0.109435
-0.107246
-0.105045
-0.102851
-0.100673
-0.0985207
-0.096391
-0.094295
-0.0922228
-0.0901627
-0.088091
-0.0859749
-0.0837805
-0.0814622
-0.0789764
-0.0762776
-0.0733246
-0.0700941
-0.0665836
-0.062809
-0.0587945
-0.0545564
-0.0501216
-0.0455378
-0.0408582
-0.0361355
-0.0314264
-0.0267716
-0.0221956
-0.0177331
-0.0134385
-0.00937072
-0.00575365
-0.00239458
0.000869611
0.00412076
0.00738853
0.0106777
0.0139832
0.017297
0.0206109
0.0239178
0.0272116
0.0304878
0.033743
0.0369748
0.0401818
0.0433631
0.0465189
0.0496493
0.0527553
0.0558377
0.0588978
0.0619371
0.0649569
0.0679587
0.0709439
0.0739142
0.0768709
0.0798153
0.0827489
0.0856728
0.0885884
0.0914967
0.0943989
0.097296
0.100189
0.103079
0.105966
0.108853
-0.218462
-0.214202
-0.209935
-0.20566
-0.201379
-0.197097
-0.192818
-0.188546
-0.18431
-0.180149
-0.176108
-0.172225
-0.168538
-0.165073
-0.161848
-0.158873
-0.156156
-0.153701
-0.151508
-0.149557
-0.147823
-0.146285
-0.144926
-0.143728
-0.142663
-0.141707
-0.140842
-0.140071
-0.139363
-0.138713
-0.138107
-0.137519
-0.136924
-0.136312
-0.135663
-0.134962
-0.134182
-0.133308
-0.132311
-0.13117
-0.129862
-0.128387
-0.126802
-0.125175
-0.123515
-0.12178
-0.119975
-0.11806
-0.116038
-0.113923
-0.111751
-0.109546
-0.107336
-0.105135
-0.102954
-0.100797
-0.0986699
-0.096578
-0.0945104
-0.0924523
-0.0903778
-0.0882493
-0.0860258
-0.0836586
-0.0810996
-0.0782985
-0.0752158
-0.0718316
-0.0681485
-0.0641856
-0.0599645
-0.0555046
-0.0508395
-0.0460242
-0.0411122
-0.0361658
-0.0312519
-0.0264044
-0.0216269
-0.0169218
-0.0123557
-0.00813101
-0.00485288
-0.00185461
0.00115503
0.00424902
0.00742555
0.0106643
0.013944
0.0172467
0.0205584
0.023868
0.0271676
0.030451
0.0337138
0.0369532
0.0401673
0.0433552
0.0465166
0.049652
0.0527621
0.0558479
0.0589107
0.0619519
0.064973
0.0679757
0.0709613
0.0739315
0.0768878
0.0798316
0.0827642
0.085687
0.0886013
0.0915082
0.0944088
0.0973042
0.100195
0.103083
0.105969
0.108854
-0.218461
-0.2142
-0.209935
-0.205658
-0.20137
-0.19708
-0.192798
-0.18854
-0.184337
-0.180224
-0.176244
-0.172433
-0.168821
-0.165433
-0.16229
-0.159404
-0.156781
-0.15442
-0.152322
-0.150465
-0.148825
-0.14738
-0.146112
-0.145003
-0.144029
-0.143163
-0.142388
-0.141715
-0.141106
-0.140556
-0.140054
-0.139571
-0.139075
-0.138557
-0.137994
-0.137368
-0.136653
-0.135832
-0.134881
-0.133775
-0.132484
-0.131006
-0.129391
-0.127731
-0.126026
-0.124247
-0.122382
-0.120414
-0.11835
-0.1162
-0.113998
-0.111779
-0.109564
-0.107365
-0.10519
-0.103042
-0.10093
-0.0988504
-0.0967906
-0.0947327
-0.0926512
-0.0905031
-0.0882414
-0.0858135
-0.0831685
-0.0802535
-0.0770363
-0.0735031
-0.069656
-0.0655075
-0.0610839
-0.0564163
-0.0515371
-0.0465008
-0.0413743
-0.0362402
-0.0311513
-0.0261142
-0.0211021
-0.0160196
-0.010797
-0.00591968
-0.00364977
-0.00130271
0.0013798
0.00431711
0.00741977
0.0106253
0.0138923
0.0171931
0.0205083
0.0238244
0.0271317
0.0304231
0.0336938
0.0369406
0.0401614
0.0433552
0.0465217
0.0496614
0.0527749
0.0558635
0.0589284
0.061971
0.0649931
0.0679961
0.0709818
0.0739516
0.0769072
0.07985
0.0827814
0.0857029
0.0886156
0.0915208
0.0944196
0.0973131
0.100202
0.103088
0.105972
0.108855
-0.218441
-0.214149
-0.209866
-0.205584
-0.201295
-0.197001
-0.192723
-0.188487
-0.184326
-0.180278
-0.176378
-0.172656
-0.169139
-0.165849
-0.162801
-0.160012
-0.15749
-0.155235
-0.153242
-0.151485
-0.149945
-0.148598
-0.147428
-0.146415
-0.145538
-0.144772
-0.1441
-0.143528
-0.143028
-0.142589
-0.142201
-0.141829
-0.14144
-0.141022
-0.140545
-0.139985
-0.139325
-0.138546
-0.137625
-0.136536
-0.13524
-0.133735
-0.132066
-0.130344
-0.128561
-0.126701
-0.124749
-0.122702
-0.120579
-0.118379
-0.116145
-0.113911
-0.111693
-0.109499
-0.107338
-0.105212
-0.103122
-0.101057
-0.0990075
-0.0969476
-0.0948522
-0.0926708
-0.0903563
-0.0878528
-0.085109
-0.0820769
-0.078731
-0.0750585
-0.0710592
-0.0667422
-0.0621316
-0.0572625
-0.0521819
-0.0469665
-0.0416924
-0.0364329
-0.0312315
-0.0260938
-0.0209285
-0.0154428
-0.00866325
-0.000789907
-0.00249335
-0.00104923
0.00138973
0.00425887
0.00734643
0.0105546
0.0138305
0.0171418
0.0204677
0.0237939
0.0271103
0.03041
0.0336881
0.0369412
0.0401676
0.0433661
0.0465365
0.0496794
0.0527954
0.0558858
0.0589519
0.0619953
0.0650176
0.0680205
0.0710057
0.0739747
0.0769292
0.0798706
0.0828006
0.0857203
0.0886313
0.0915345
0.0944314
0.0973229
0.10021
0.103094
0.105975
0.108856
-0.218409
-0.214058
-0.209732
-0.205428
-0.201131
-0.196842
-0.192588
-0.188396
-0.1843
-0.180332
-0.176526
-0.172907
-0.169498
-0.166316
-0.163378
-0.160698
-0.15829
-0.156152
-0.154273
-0.15263
-0.151202
-0.149963
-0.148896
-0.147986
-0.147214
-0.146557
-0.146
-0.145537
-0.145156
-0.144841
-0.144573
-0.144321
-0.144047
-0.143731
-0.143335
-0.142837
-0.142218
-0.141467
-0.14056
-0.139462
-0.138134
-0.136576
-0.134829
-0.133001
-0.131102
-0.129123
-0.127059
-0.124912
-0.122709
-0.120441
-0.118168
-0.115915
-0.113694
-0.111508
-0.109365
-0.107263
-0.105196
-0.103151
-0.101106
-0.0990342
-0.0969087
-0.0946748
-0.0922886
-0.089695
-0.0868442
-0.0836944
-0.0802222
-0.0764162
-0.0722759
-0.0678115
-0.0630502
-0.0580251
-0.0527915
-0.0474536
-0.0421017
-0.0368051
-0.0316065
-0.0265316
-0.0215
-0.0164069
-0.0111747
-0.00647523
-0.00416723
-0.00174097
0.00102476
0.00403695
0.00720288
0.0104603
0.0137693
0.017104
0.0204468
0.0237855
0.0271113
0.0304183
0.033702
0.0369597
0.0401895
0.0433908
0.0465634
0.0497078
0.0528249
0.0559158
0.0589821
0.0620253
0.0650471
0.0680491
0.0710331
0.0740008
0.0769538
0.0798935
0.0828216
0.0857394
0.0886483
0.0915495
0.0944441
0.0973333
0.100218
0.1031
0.105979
0.108857
-0.218375
-0.213958
-0.209577
-0.205234
-0.20092
-0.196639
-0.192415
-0.188276
-0.184255
-0.180387
-0.176693
-0.173193
-0.169905
-0.166847
-0.164037
-0.161489
-0.159213
-0.157204
-0.15545
-0.153931
-0.152623
-0.1515
-0.150547
-0.149748
-0.149089
-0.14855
-0.148112
-0.147772
-0.147516
-0.147332
-0.147194
-0.147069
-0.146916
-0.146701
-0.146382
-0.145935
-0.145343
-0.144605
-0.143686
-0.142546
-0.141151
-0.139505
-0.137645
-0.135678
-0.133632
-0.13151
-0.12931
-0.127041
-0.124733
-0.122385
-0.120058
-0.117773
-0.115538
-0.113355
-0.11123
-0.10915
-0.107104
-0.105068
-0.103014
-0.100916
-0.0987404
-0.0964383
-0.0939665
-0.0912736
-0.0883138
-0.0850516
-0.0814635
-0.0775398
-0.0732825
-0.0687095
-0.0638548
-0.0587612
-0.0534962
-0.0481563
-0.0428332
-0.0376093
-0.0325326
-0.0276289
-0.0228254
-0.0181153
-0.0135291
-0.00937186
-0.00590252
-0.00270741
0.000481698
0.00372868
0.00703071
0.0103702
0.01373
0.0170965
0.0204592
0.0238102
0.0271437
0.0304552
0.0337415
0.0370006
0.0402311
0.0434324
0.0466047
0.0497485
0.0528648
0.0559547
0.0590198
0.0620616
0.0650819
0.0680822
0.0710644
0.0740302
0.0769811
0.0799187
0.0828446
0.0857601
0.0886667
0.0915654
0.0944577
0.0973445
0.100227
0.103106
0.105983
0.108858
-0.218348
-0.213873
-0.209431
-0.205041
-0.200706
-0.196433
-0.192247
-0.188177
-0.18425
-0.180491
-0.176921
-0.173555
-0.170405
-0.167485
-0.164811
-0.162401
-0.160266
-0.158401
-0.156788
-0.155407
-0.154232
-0.15324
-0.152412
-0.151734
-0.151195
-0.150779
-0.15047
-0.150259
-0.150132
-0.150083
-0.150081
-0.150086
-0.15005
-0.149931
-0.149681
-0.149274
-0.148697
-0.147943
-0.146977
-0.145761
-0.144265
-0.142493
-0.140486
-0.138346
-0.136126
-0.133832
-0.13147
-0.129059
-0.126629
-0.124193
-0.121794
-0.119456
-0.117187
-0.114995
-0.112878
-0.110813
-0.108775
-0.106731
-0.104651
-0.102507
-0.100267
-0.0978842
-0.0953178
-0.0925231
-0.0894596
-0.0860976
-0.0824201
-0.0784223
-0.0741109
-0.0695102
-0.0646581
-0.0595914
-0.0543768
-0.0491234
-0.0439251
-0.0388548
-0.0339602
-0.0292279
-0.0245793
-0.020022
-0.0155651
-0.0113085
-0.00730064
-0.0035988
-4.63669e-05
0.0034385
0.00689087
0.0103235
0.0137398
0.0171393
0.0205201
0.02388
0.0272167
0.030528
0.0338124
0.0370685
0.0402957
0.0434937
0.0466626
0.0498032
0.0529164
0.0560034
0.0590657
0.0621047
0.0651223
0.06812
0.0710996
0.0740627
0.077011
0.0799461
0.0828694
0.0857823
0.0886862
0.0915824
0.094472
0.0973562
0.100236
0.103113
0.105987
0.108859
-0.218323
-0.213799
-0.20931
-0.204874
-0.200515
-0.196257
-0.192123
-0.188137
-0.184319
-0.180688
-0.177258
-0.174037
-0.171036
-0.168265
-0.16574
-0.163481
-0.161499
-0.159787
-0.158327
-0.157097
-0.15607
-0.155222
-0.154533
-0.153986
-0.153572
-0.153282
-0.153103
-0.153022
-0.153026
-0.153109
-0.153242
-0.153367
-0.153434
-0.153401
-0.153211
-0.152833
-0.152254
-0.151453
-0.150403
-0.149074
-0.147439
-0.145504
-0.143309
-0.140964
-0.13855
-0.136067
-0.133524
-0.130956
-0.128392
-0.125846
-0.123349
-0.120929
-0.118601
-0.116375
-0.114244
-0.112175
-0.110127
-0.108057
-0.105931
-0.103722
-0.101401
-0.0989293
-0.0962679
-0.0933788
-0.0902303
-0.0868011
-0.0830816
-0.0790734
-0.0747896
-0.0702519
-0.0654826
-0.0605191
-0.0554418
-0.0503553
-0.0453399
-0.0404557
-0.0357219
-0.0310851
-0.0264724
-0.0218629
-0.0172604
-0.0127262
-0.00835172
-0.00428695
-0.000443771
0.00324882
0.00683934
0.0103587
0.0138258
0.0172521
0.0206443
0.024006
0.0273388
0.0306434
0.0339196
0.0371674
0.0403864
0.0435767
0.0467387
0.0498731
0.0529806
0.0560625
0.0591201
0.0621549
0.0651685
0.0681626
0.0711387
0.0740985
0.0770436
0.0799756
0.0828959
0.0858059
0.0887069
0.0916003
0.0944871
0.0973685
0.100246
0.103119
0.105991
0.108861
-0.218305
-0.213748
-0.209234
-0.20478
-0.200424
-0.196204
-0.19214
-0.188248
-0.184548
-0.181054
-0.177769
-0.174699
-0.17185
-0.169236
-0.16687
-0.16477
-0.162954
-0.161413
-0.160125
-0.159061
-0.158195
-0.157502
-0.15696
-0.156552
-0.156266
-0.156097
-0.15604
-0.156084
-0.156212
-0.15642
-0.156666
-0.156889
-0.157037
-0.157065
-0.156915
-0.156538
-0.155926
-0.155052
-0.153885
-0.152406
-0.150598
-0.148469
-0.146064
-0.143505
-0.140891
-0.138207
-0.135466
-0.13272
-0.12999
-0.1273
-0.124678
-0.122144
-0.119718
-0.117414
-0.115232
-0.113135
-0.111059
-0.108949
-0.106763
-0.104478
-0.102068
-0.0995028
-0.096753
-0.09379
-0.0905915
-0.0871446
-0.0834432
-0.0794894
-0.0752978
-0.0708924
-0.0662931
-0.0615418
-0.0567047
-0.0518589
-0.0470634
-0.0423597
-0.0377325
-0.0330995
-0.0283843
-0.0235674
-0.0186846
-0.0138105
-0.00910364
-0.00473711
-0.000654121
0.00321116
0.00691634
0.0105054
0.0140098
0.0174511
0.0208438
0.0241972
0.027517
0.0308064
0.0340672
0.0373
0.0405053
0.0436832
0.0468342
0.0499588
0.0530578
0.0561322
0.0591832
0.0622122
0.0652205
0.0682097
0.0711815
0.0741372
0.0770786
0.080007
0.0829239
0.0858306
0.0887286
0.0916188
0.0945027
0.0973812
0.100255
0.103126
0.105995
0.108862
-0.218303
-0.213748
-0.209244
-0.204816
-0.200504
-0.196344
-0.192364
-0.188588
-0.185022
-0.181672
-0.178538
-0.175625
-0.172939
-0.170488
-0.16829
-0.166362
-0.164722
-0.16336
-0.162253
-0.161368
-0.160675
-0.160146
-0.159757
-0.159487
-0.159325
-0.159268
-0.159315
-0.159462
-0.159695
-0.159996
-0.160316
-0.160599
-0.16079
-0.160839
-0.160691
-0.160282
-0.159601
-0.158623
-0.157305
-0.15564
-0.153629
-0.15128
-0.148641
-0.145845
-0.143009
-0.140122
-0.137185
-0.134251
-0.131346
-0.128496
-0.125724
-0.12305
-0.12049
-0.118057
-0.115763
-0.113586
-0.111458
-0.109296
-0.107044
-0.104679
-0.102182
-0.0995353
-0.0967214
-0.0937242
-0.0905322
-0.0871408
-0.0835483
-0.0797536
-0.0757599
-0.0715823
-0.0672375
-0.062766
-0.0582172
-0.0536493
-0.0490824
-0.0445276
-0.0399417
-0.0352313
-0.0303339
-0.0252335
-0.019977
-0.0146794
-0.00960214
-0.00494406
-0.000652275
0.00335293
0.00714522
0.0107821
0.0143058
0.0177468
0.0211264
0.0244594
0.0277555
0.0310203
0.0342573
0.0374681
0.0406535
0.0438138
0.0469495
0.0500607
0.0531482
0.0562126
0.0592549
0.0622762
0.0652779
0.0682612
0.0712277
0.0741787
0.0771157
0.0800401
0.0829532
0.0858564
0.0887509
0.091638
0.0945187
0.0973942
0.100265
0.103133
0.105999
0.108864
-0.218336
-0.213844
-0.209409
-0.205061
-0.200838
-0.196779
-0.192917
-0.189271
-0.185847
-0.182649
-0.179673
-0.176923
-0.174402
-0.172122
-0.170096
-0.168346
-0.166891
-0.165721
-0.164807
-0.164108
-0.163591
-0.163228
-0.162989
-0.162844
-0.162789
-0.162822
-0.162946
-0.163159
-0.163449
-0.163787
-0.164127
-0.164414
-0.164591
-0.164603
-0.164397
-0.163906
-0.163107
-0.161976
-0.160473
-0.1586
-0.156361
-0.153771
-0.15089
-0.147858
-0.144801
-0.141709
-0.138572
-0.135449
-0.132364
-0.129346
-0.126412
-0.123577
-0.120856
-0.118251
-0.115769
-0.113426
-0.111204
-0.108989
-0.10668
-0.104249
-0.101686
-0.0989872
-0.0961514
-0.0931801
-0.0900783
-0.0868499
-0.0834911
-0.079989
-0.0763255
-0.0724955
-0.0684976
-0.0643616
-0.0601225
-0.0558221
-0.0514482
-0.0470115
-0.0424393
-0.0376251
-0.0325028
-0.0270317
-0.0212708
-0.015412
-0.009858
-0.00489184
-0.000420338
0.00368755
0.00753533
0.0111954
0.0147187
0.0181427
0.0214948
0.0247946
0.0280554
0.0312856
0.0344902
0.0376715
0.0408307
0.0439682
0.047084
0.0501782
0.053251
0.0563029
0.0593345
0.0623466
0.0653403
0.0683166
0.0712769
0.0742225
0.0771545
0.0800744
0.0829835
0.0858829
0.0887739
0.0916575
0.0945351
0.0974074
0.100276
0.103141
0.106003
0.108865
-0.218419
-0.214087
-0.209799
-0.205596
-0.201523
-0.197618
-0.193911
-0.190422
-0.187159
-0.184125
-0.181318
-0.178741
-0.176394
-0.174289
-0.172442
-0.170872
-0.1696
-0.16862
-0.167894
-0.167374
-0.167033
-0.166829
-0.166718
-0.16667
-0.166687
-0.166769
-0.166919
-0.167136
-0.16741
-0.16771
-0.167996
-0.168208
-0.168291
-0.168191
-0.16785
-0.167205
-0.166229
-0.164893
-0.163167
-0.161059
-0.158585
-0.155765
-0.152661
-0.1494
-0.146098
-0.14278
-0.13946
-0.136166
-0.132907
-0.129716
-0.126612
-0.123604
-0.120691
-0.117859
-0.1151
-0.112512
-0.110163
-0.107915
-0.105573
-0.103103
-0.100503
-0.0977953
-0.0950104
-0.0921714
-0.0892962
-0.086392
-0.0834429
-0.0804077
-0.0772262
-0.0738644
-0.0702987
-0.0665525
-0.0626564
-0.0586353
-0.0544624
-0.0501454
-0.0455805
-0.0406397
-0.0352197
-0.0292414
-0.0227685
-0.0160767
-0.00978529
-0.00451185
7.10424e-05
0.00422166
0.00808483
0.0117416
0.0152453
0.0186364
0.0219468
0.0252006
0.0284149
0.0316006
0.034764
0.0379085
0.0410353
0.0441447
0.0472363
0.0503099
0.0533652
0.0564021
0.0594211
0.0624224
0.0654068
0.0683752
0.0713285
0.074268
0.0771946
0.0801097
0.0830144
0.0859098
0.088797
0.0916772
0.0945514
0.0974206
0.100286
0.103148
0.106008
0.108866
-0.21857
-0.214533
-0.210522
-0.206565
-0.202711
-0.199013
-0.195505
-0.192207
-0.189133
-0.186286
-0.183666
-0.18127
-0.179102
-0.177172
-0.175499
-0.174106
-0.17301
-0.172206
-0.171645
-0.171285
-0.171099
-0.171026
-0.170999
-0.171001
-0.171033
-0.171093
-0.171188
-0.171318
-0.171477
-0.171638
-0.171765
-0.1718
-0.17169
-0.171377
-0.170805
-0.169919
-0.168698
-0.16711
-0.16514
-0.162791
-0.160087
-0.157058
-0.15376
-0.150285
-0.146731
-0.143178
-0.13969
-0.136247
-0.132816
-0.129437
-0.126142
-0.122928
-0.119772
-0.116649
-0.113564
-0.110704
-0.108238
-0.105976
-0.103639
-0.101172
-0.0985884
-0.095941
-0.0933116
-0.0907476
-0.0882799
-0.085916
-0.0836086
-0.0812663
-0.0787332
-0.0759483
-0.0728875
-0.0695703
-0.0660621
-0.0623786
-0.0584903
-0.054355
-0.0498566
-0.0447917
-0.0389993
-0.0323339
-0.0248056
-0.0167219
-0.00899727
-0.0036322
0.000866426
0.00495303
0.00878036
0.012408
0.0158754
0.0192197
0.0224758
0.025672
0.0288291
0.0319608
0.0350751
0.0381758
0.0412643
0.0443406
0.0474041
0.0504537
0.0534888
0.0565087
0.0595132
0.0625023
0.0654764
0.0684359
0.0713817
0.0743145
0.0772354
0.0801454
0.0830454
0.0859367
0.0888201
0.0916968
0.0945676
0.0974337
0.100296
0.103155
0.106012
0.108868
-0.218805
-0.215228
-0.211644
-0.208069
-0.204549
-0.201147
-0.197906
-0.194851
-0.192005
-0.189373
-0.186958
-0.184759
-0.182774
-0.181017
-0.179505
-0.17827
-0.177322
-0.176654
-0.176213
-0.175963
-0.175884
-0.175881
-0.175871
-0.175847
-0.175809
-0.175747
-0.17567
-0.175589
-0.175505
-0.175393
-0.175223
-0.174951
-0.174523
-0.17388
-0.172975
-0.171763
-0.170221
-0.168336
-0.166109
-0.163541
-0.160652
-0.157473
-0.154035
-0.150381
-0.146583
-0.142759
-0.139073
-0.135498
-0.131896
-0.128314
-0.124792
-0.12132
-0.117868
-0.11441
-0.111002
-0.107907
-0.10539
-0.103125
-0.100821
-0.0984023
-0.09588
-0.0933695
-0.0910209
-0.0889137
-0.0870868
-0.0855565
-0.0841847
-0.0828294
-0.0810681
-0.0788819
-0.0763423
-0.0734469
-0.0703976
-0.0671857
-0.0638075
-0.0600465
-0.0557981
-0.0506437
-0.0444275
-0.0369295
-0.0279766
-0.0175203
-0.00461142
-0.0020108
0.00197911
0.0058531
0.00959426
0.0131745
0.0165946
0.0198819
0.0230728
0.0262007
0.029291
0.0323601
0.0354177
0.0384683
0.0415133
0.0445523
0.0475841
0.050607
0.0536195
0.0566205
0.0596092
0.062585
0.0655479
0.0684979
0.0714355
0.0743614
0.0772762
0.0801809
0.0830762
0.0859632
0.0888428
0.0917159
0.0945835
0.0974464
0.100306
0.103162
0.106016
0.108869
-0.219156
-0.216264
-0.213316
-0.210302
-0.207268
-0.204285
-0.201404
-0.198662
-0.196092
-0.193709
-0.191518
-0.18952
-0.187712
-0.186109
-0.184727
-0.183606
-0.182755
-0.182161
-0.181762
-0.181535
-0.18147
-0.181432
-0.181339
-0.181182
-0.180958
-0.180635
-0.180233
-0.179782
-0.179293
-0.178741
-0.178108
-0.17737
-0.176478
-0.175387
-0.174063
-0.172471
-0.170584
-0.168407
-0.165931
-0.163157
-0.160121
-0.156838
-0.153305
-0.14952
-0.145505
-0.141386
-0.137434
-0.133714
-0.129963
-0.126181
-0.122394
-0.1186
-0.114794
-0.110978
-0.107281
-0.104084
-0.101831
-0.0995488
-0.0973267
-0.0949422
-0.09245
-0.0901249
-0.0881933
-0.0867851
-0.0858895
-0.0856271
-0.0854732
-0.0855306
-0.0844665
-0.082686
-0.0806566
-0.0780688
-0.075649
-0.0731428
-0.0708347
-0.0677199
-0.063921
-0.0586353
-0.0521373
-0.0437502
-0.0331244
-0.0196606
-0.00341432
-0.000149517
0.00326604
0.00685164
0.0104889
0.0140203
0.0173895
0.0206117
0.0237276
0.0267774
0.0297917
0.0327903
0.0357846
0.0387797
0.0417767
0.0447749
0.0477721
0.050766
0.0537543
0.0567351
0.0597069
0.0626686
0.0656196
0.0685597
0.071489
0.0744076
0.0773163
0.0802155
0.0831061
0.0859889
0.0888647
0.0917343
0.0945987
0.0974586
0.100315
0.103169
0.10602
0.10887
-0.219673
-0.217781
-0.21575
-0.213542
-0.211193
-0.208784
-0.20638
-0.204033
-0.201793
-0.199689
-0.197734
-0.195933
-0.19428
-0.192783
-0.191473
-0.1904
-0.189557
-0.18893
-0.188454
-0.188118
-0.187909
-0.187677
-0.187354
-0.186919
-0.186363
-0.185605
-0.184689
-0.183674
-0.182579
-0.181392
-0.180106
-0.178724
-0.177257
-0.175661
-0.173863
-0.171799
-0.169483
-0.166988
-0.164311
-0.161404
-0.158318
-0.15506
-0.151572
-0.147744
-0.143579
-0.139201
-0.13496
-0.131043
-0.127311
-0.123384
-0.119244
-0.11503
-0.110797
-0.10661
-0.102725
-0.0997329
-0.0999553
-0.0973147
-0.0956583
-0.0930878
-0.0903119
-0.0881126
-0.0866697
-0.0863474
-0.0865445
-0.0884631
-0.0892605
-0.0915364
-0.0906801
-0.0884231
-0.0874384
-0.0846243
-0.0836706
-0.0818416
-0.0822038
-0.0792153
-0.0747085
-0.0688759
-0.0631131
-0.0528305
-0.0396749
-0.0233573
0.00169528
0.0031287
0.00480692
0.00790888
0.0114427
0.0149371
0.018254
0.0214016
0.0244309
0.027392
0.0303214
0.0332423
0.0361675
0.0391024
0.042048
0.0450026
0.0479632
0.0509266
0.0538896
0.0568494
0.0598038
0.062751
0.06569
0.06862
0.0715408
0.0744523
0.0773548
0.0802487
0.0831347
0.0860133
0.0888854
0.0917517
0.094613
0.0974701
0.100324
0.103175
0.106024
0.108872
-0.220421
-0.219972
-0.219243
-0.218159
-0.216747
-0.215102
-0.213312
-0.21145
-0.209586
-0.207774
-0.206047
-0.204418
-0.202871
-0.201408
-0.20008
-0.198935
-0.197962
-0.197147
-0.196424
-0.195785
-0.1952
-0.194558
-0.193799
-0.1929
-0.191822
-0.190426
-0.188786
-0.186978
-0.185045
-0.183008
-0.18091
-0.178777
-0.176617
-0.174408
-0.172047
-0.16943
-0.166648
-0.163898
-0.161118
-0.158244
-0.155369
-0.15243
-0.14936
-0.145616
-0.141423
-0.13694
-0.132501
-0.1285
-0.127122
-0.123522
-0.118622
-0.113506
-0.108391
-0.103516
-0.0995586
-0.0964475
-0.0945589
-0.0923967
-0.0896225
-0.0867003
-0.0837237
-0.0815349
-0.0814072
-0.0825969
-0.0840391
-0.0876303
-0.0892348
-0.0924235
-0.0931091
-0.0895174
-0.0902929
-0.0873109
-0.0904671
-0.0855443
-0.0942676
-0.0849496
-0.0865992
-0.0809692
-0.0783085
-0.0577924
-0.0397117
-0.0399255
-0.00747233
0.00319087
0.00593025
0.00886615
0.0124478
0.0159392
0.0191942
0.0222485
0.0251747
0.0280344
0.0308695
0.0337057
0.0365567
0.0394278
0.0423194
0.0452288
0.0481519
0.0510842
0.0540216
0.0569603
0.0598973
0.0628302
0.0657572
0.0686774
0.0715898
0.0744943
0.0773909
0.0802797
0.0831612
0.086036
0.0889046
0.0917678
0.0946263
0.0974807
0.100332
0.10318
0.106027
0.108873
-0.221487
-0.223073
-0.224146
-0.224589
-0.224429
-0.223774
-0.222749
-0.221454
-0.21998
-0.218429
-0.216881
-0.215364
-0.213841
-0.21229
-0.210792
-0.209408
-0.208135
-0.206925
-0.205711
-0.204505
-0.203259
-0.201929
-0.200465
-0.19887
-0.197015
-0.194769
-0.192194
-0.189334
-0.186308
-0.183254
-0.180198
-0.177215
-0.174396
-0.17158
-0.168568
-0.165231
-0.161947
-0.159431
-0.156708
-0.15418
-0.152068
-0.151068
-0.150803
-0.147136
-0.142753
-0.138258
-0.133528
-0.128985
-0.124358
-0.11912
-0.113301
-0.107568
-0.10222
-0.0977083
-0.094064
-0.0909353
-0.0882564
-0.0857945
-0.0830299
-0.0799441
-0.0775835
-0.0761567
-0.075948
-0.0765053
-0.0791
-0.0828753
-0.0845796
-0.0871853
-0.0921532
-0.0888759
-0.0939058
-0.0928436
-0.097223
-0.0883356
-0.093755
-0.0750031
-0.0830532
-0.0771225
-0.0840632
-0.0369386
-0.0456814
-0.0288182
-0.0154887
-0
0.00524697
0.00966931
0.0135906
0.0170802
0.0202286
0.0231518
0.0259503
0.0286933
0.0314241
0.0341689
0.0369413
0.0397461
0.0425825
0.0454463
0.048332
0.0512337
0.0541461
0.0570643
0.0599845
0.0629037
0.0658194
0.0687302
0.0716348
0.0745328
0.0774238
0.0803078
0.0831853
0.0860565
0.0889219
0.0917823
0.0946381
0.0974901
0.100339
0.103185
0.10603
0.108874
-0.223
-0.227425
-0.23093
-0.233369
-0.234808
-0.235377
-0.235235
-0.234543
-0.233412
-0.23201
-0.230524
-0.229009
-0.227359
-0.225484
-0.223597
-0.221786
-0.220019
-0.218141
-0.216116
-0.214023
-0.211814
-0.20948
-0.207007
-0.204378
-0.201441
-0.198245
-0.19462
-0.190446
-0.186004
-0.181709
-0.177663
-0.174021
-0.171316
-0.168099
-0.164222
-0.159864
-0.156086
-0.157002
-0.154586
-0.152552
-0.151872
-0.149753
-0.146969
-0.143077
-0.139336
-0.135742
-0.132136
-0.127272
-0.12257
-0.117071
-0.110237
-0.103271
-0.0975623
-0.0935971
-0.0902168
-0.0866976
-0.0838238
-0.0807821
-0.0767335
-0.0739726
-0.0737015
-0.0726501
-0.0733248
-0.0723372
-0.0787755
-0.0768288
-0.0693947
-0.07671
-0.0866521
-0.0789646
-0.0676347
-0.0792443
-0.0718733
-0.0640327
-0.0533233
-0.046883
-0.0379947
-0.0365779
-0.0278382
-0
-0
-0
-0
0
0.00497835
0.0114124
0.0151775
0.0184443
0.0213712
0.024103
0.0267443
0.0293553
0.0319719
0.0346188
0.0373091
0.0400464
0.0428279
0.0456472
0.048497
0.0513698
0.0542587
0.0571579
0.0600627
0.0629693
0.0658747
0.0687769
0.0716745
0.0745666
0.0774526
0.0803325
0.0832063
0.0860743
0.088937
0.0917948
0.0946484
0.0974983
0.100345
0.10319
0.106033
0.108875
-0.225215
-0.233611
-0.240271
-0.245151
-0.248496
-0.250436
-0.251123
-0.250938
-0.249998
-0.248533
-0.24693
-0.245241
-0.243149
-0.240452
-0.237815
-0.235353
-0.232919
-0.230088
-0.226887
-0.223611
-0.220192
-0.216549
-0.212878
-0.20872
-0.204756
-0.200985
-0.19659
-0.190925
-0.184457
-0.178501
-0.173628
-0.170188
-0.171804
-0.168892
-0.163551
-0.157332
-0.150897
-0.146868
-0.145002
-0.144588
-0.144751
-0.144485
-0.143397
-0.140379
-0.137053
-0.135452
-0.133436
-0.128513
-0.125192
-0.12012
-0.112214
-0.103241
-0.0959246
-0.0923688
-0.0887105
-0.0832616
-0.0802746
-0.0797046
-0.0691741
-0.0626259
-0.0654426
-0.0700193
-0.0547641
-0.0494039
-0.0657543
-0.064463
-0.0426858
-0.0490511
-0.0627705
-0.0496399
-0.0371514
-0.0371919
-0.031245
-0.0272814
-0
-0
-0
-0
-0
-0
-0
-0
-0
-0
0
0.00382203
0.0171911
0.0200061
0.0225886
0.0250698
0.0275341
0.0300044
0.0324977
0.0350403
0.0376461
0.0403164
0.0430453
0.0458232
0.0486403
0.0514871
0.0543553
0.0572379
0.0601292
0.0630248
0.0659214
0.0688163
0.0717079
0.0745949
0.0774767
0.080353
0.0832237
0.0860891
0.0889494
0.0918052
0.0946569
0.0975051
0.10035
0.103193
0.106035
0.108875
-0.228784
-0.242928
-0.253453
-0.260926
-0.266186
-0.269322
-0.270291
-0.27016
-0.269155
-0.267484
-0.265763
-0.263607
-0.260161
-0.255809
-0.251774
-0.248413
-0.245337
-0.241394
-0.236497
-0.232095
-0.22753
-0.222113
-0.2178
-0.211865
-0.210461
-0.207298
-0.202527
-0.195996
-0.185645
-0.176233
-0.169736
-0.166772
-0.164326
-0.16074
-0.154187
-0.146948
-0.13851
-0.134861
-0.132839
-0.135561
-0.137623
-0.139974
-0.14181
-0.138994
-0.135505
-0.13459
-0.132598
-0.128683
-0.127091
-0.120748
-0.109924
-0.100251
-0.0961569
-0.0940465
-0.0809165
-0.0659985
-0.0670337
-0.0693176
-0.050305
-0.0365159
-0.0434006
-0.0427726
-0.0297531
-0.0234445
-0.0290701
-0.0261446
-0.0216374
-0
-0
-0
-0
-0
-0
-0
-0
-0
-0
-0
-0
-0
-0
-0
-0
-0
0
0
0
0.0216515
0.0237964
0.0259888
0.0282899
0.0306275
0.032985
0.0354149
0.0379352
0.0405422
0.0432237
0.0459658
0.0487554
0.0515807
0.0544319
0.057301
0.0601815
0.0630684
0.0659579
0.068847
0.0717338
0.0746169
0.0774954
0.0803689
0.0832372
0.0861005
0.088959
0.0918132
0.0946634
0.0975103
0.100354
0.103196
0.106037
0.108876
-0.235448
-0.258315
-0.273119
-0.282642
-0.289428
-0.293192
-0.29278
-0.291213
-0.289546
-0.288122
-0.287525
-0.284155
-0.276453
-0.272425
-0.266304
-0.260628
-0.257768
-0.252847
-0.243826
-0.239868
-0.234208
-0.223938
-0.221436
-0.212829
-0.201365
-0.198398
-0.194626
-0.188127
-0.175847
-0.164763
-0.159912
-0.156998
-0.155333
-0.153319
-0.1464
-0.140606
-0.129686
-0.124504
-0.120722
-0.123099
-0.123882
-0.126999
-0.133735
-0.128475
-0.120561
-0.117902
-0.116025
-0.111205
-0.106558
-0.0997416
-0.0876629
-0.0728521
-0.0662915
-0.0629024
-0.0518449
-0.0393507
-0.0326047
-0.0295204
-0.0231131
-0.0176986
-0
-0
-0
-0
-0
-0
-0
-0
-0
-0
-0
-0
-0
-0
-0
-0
-0
-0
-0
-0
-0
-0
-0
-0
0
0
0
0
0.024865
0.0267482
0.0289908
0.0312331
0.0334136
0.0357172
0.0381554
0.040708
0.0433519
0.0460669
0.0488362
0.051646
0.0544852
0.0573448
0.0602177
0.0630985
0.065983
0.0688681
0.0717516
0.0746319
0.0775082
0.0803797
0.0832464
0.0861083
0.0889656
0.0918186
0.0946678
0.0975138
0.100357
0.103198
0.106038
0.108876
-0.248766
-0.284741
-0.304869
-0.316332
-0.327747
-0.33062
-0.325264
-0.315153
-0.308577
-0.306816
-0.312269
-0.301752
-0.279648
-0.261168
-0.252112
-0.249112
-0.244247
-0.237651
-0.228443
-0.227273
-0.220854
-0.207546
-0.209095
-0.201382
-0.186005
-0.180066
-0.177056
-0.177021
-0.164372
-0.150701
-0.142505
-0.14026
-0.141842
-0.141751
-0.130836
-0.126219
-0.114414
-0.100474
-0.0945658
-0.101229
-0.0953477
-0.0884602
-0.0856382
-0.0825518
-0.0757711
-0.0680064
-0.060839
-0.0537698
-0.0482306
-0.0406052
-0.0341987
-0.0275397
-0
-0
-0
-0
-0
-0
-0
-0
-0
-0
-0
-0
-0
-0
-0
-0
-0
-0
-0
-0
-0
-0
-0
-0
-0
-0
-0
-0
-0
-0
-0
-0
0
0
0
0
0
0
0.00770579
0.0319085
0.0337359
0.0359043
0.0382797
0.0407975
0.0434196
0.0461197
0.0488781
0.0516797
0.0545126
0.0573672
0.0602363
0.0631139
0.0659959
0.0688789
0.0717607
0.0746396
0.0775147
0.0803852
0.0832511
0.0861122
0.0889689
0.0918214
0.0946701
0.0975156
0.100358
0.103199
0.106038
0.108877
-0.236208
-0.282469
-0.314311
-0.32902
-0.32183
-0.323641
-0.3208
-0.293348
-0.267919
-0.267799
-0.25498
-0.24347
-0.223804
-0.216147
-0.21332
-0.21881
-0.207862
-0.198673
-0.190473
-0.180116
-0.170353
-0.160147
-0.161262
-0.156114
-0.13732
-0.125399
-0.120316
-0.10868
-0.0986835
-0.0888956
-0.0826912
-0.0788848
-0.0731158
-0.0687572
-0.0614232
-0.0545156
-0.0483843
-0.0405043
-0.0347955
-0.0311514
-0
-0
-0
-0
-0
-0
-0
-0
-0
-0
-0
-0
-0
-0
-0
-0
-0
-0
-0
-0
-0
-0
-0
-0
-0
-0
-0
-0
-0
-0
-0
-0
-0
-0
-0
-0
-0
-0
-0
-0
-0
-0
-0
-0
0
0
0
0
0
0
0
0
0
0
0
0
0
0
0
0
0
0
0
0
0
0
0
0
0
0
0
0
0
0
0
0
0
0
0
0
-0
-0
-0
-0
-0
-0
-0
-0
-0
-0
-0
-0
-0
-0
-0
-0
-0
-0
-0
-0
-0
-0
-0
-0
-0
-0
-0
-0
-0
-0
-0
-0
-0
-0
-0
-0
-0
-0
-0
-0
-0
-0
-0
-0
-0
-0
-0
-0
-0
-0
-0
-0
-0
-0
-0
-0
-0
-0
-0
-0
-0
-0
-0
-0
-0
-0
-0
-0
-0
-0
-0
-0
-0
-0
-0
-0
-0
-0
-0
-0
-0
-0
-0
-0
0
0
0
0
0
0
0
0
0
0
0
0
0
0
0
0
0
0
0
0
0
0
0
0
0
0
0
0
0
0
0
0
0
0
0
0
-0
-0
-0
-0
-0
-0
-0
-0
-0
-0
-0
-0
-0
-0
-0
-0
-0
-0
-0
-0
-0
-0
-0
-0
-0
-0
-0
-0
-0
-0
-0
-0
-0
-0
-0
-0
-0
-0
-0
-0
-0
-0
-0
-0
-0
-0
-0
-0
-0
-0
-0
-0
-0
-0
-0
-0
-0
-0
-0
-0
-0
-0
-0
-0
-0
-0
-0
-0
-0
-0
-0
-0
-0
-0
-0
-0
-0
-0
-0
-0
-0
-0
-0
-0
0
0
0
0
0
0
0
0
0
0
0
0
0
0
0
0
0
0
0
0
0
0
0
0
0
0
0
0
0
0
0
0
0
0
0
0
-0
-0
-0
-0
-0
-0
-0
-0
-0
-0
-0
-0
-0
-0
-0
-0
-0
-0
-0
-0
-0
-0
-0
-0
-0
-0
-0
-0
-0
-0
-0
-0
-0
-0
-0
-0
-0
-0
-0
-0
-0
-0
-0
-0
-0
-0
-0
-0
-0
-0
-0
-0
-0
-0
-0
-0
-0
-0
-0
-0
-0
-0
-0
-0
-0
-0
-0
-0
-0
-0
-0
-0
-0
-0
-0
-0
-0
-0
-0
-0
-0
-0
-0
-0
0
0
0
0
0
0
0
0
0
0
0
0
0
0
0
0
0
0
0
0
0
0
0
0
0
0
0
0
0
0
0
0
0
0
0
0
-0
-0
-0
-0
-0
-0
-0
-0
-0
-0
-0
-0
-0
-0
-0
-0
-0
-0
-0
-0
-0
-0
-0
-0
-0
-0
-0
-0
-0
-0
-0
-0
-0
-0
-0
-0
-0
-0
-0
-0
-0
-0
-0
-0
-0
-0
-0
-0
-0
-0
-0
-0
-0
-0
-0
-0
-0
-0
-0
-0
-0
-0
-0
-0
-0
-0
-0
-0
-0
-0
-0
-0
-0
-0
-0
-0
-0
-0
-0
-0
-0
-0
-0
-0
0
0
0
0
0
0
0
0
0
0
0
0
0
0
0
0
0
0
0
0
0
0
0
0
0
0
0
0
0
0
0
0
0
0
0
0
-0
-0
-0
-0
-0
-0
-0
-0
-0
-0
-0
-0
-0
-0
-0
-0
-0
-0
-0
-0
-0
-0
-0
-0
-0
-0
-0
-0
-0
-0
-0
-0
-0
-0
-0
-0
-0
-0
-0
-0
-0
-0
-0
-0
-0
-0
-0
-0
-0
-0
-0
-0
-0
-0
-0
-0
-0
-0
-0
-0
-0
-0
-0
-0
-0
-0
-0
-0
-0
-0
-0
-0
-0
-0
-0
-0
-0
-0
-0
-0
-0
-0
-0
-0
0
0
0
0
0
0
0
0
0
0
0
0
0
0
0
0
0
0
0
0
0
0
0
0
0
0
0
0
0
0
0
0
0
0
0
0
-0
-0
-0
-0
-0
-0
-0
-0
-0
-0
-0
-0
-0
-0
-0
-0
-0
-0
-0
-0
-0
-0
-0
-0
-0
-0
-0
-0
-0
-0
-0
-0
-0
-0
-0
-0
-0
-0
-0
-0
-0
-0
-0
-0
-0
-0
-0
-0
-0
-0
-0
-0
-0
-0
-0
-0
-0
-0
-0
-0
-0
-0
-0
-0
-0
-0
-0
-0
-0
-0
-0
-0
-0
-0
-0
-0
-0
-0
-0
-0
-0
-0
-0
0
0
0
0
0
0
0
0
0
0
0
0
0
0
0
0
0
0
0
0
0
0
0
0
0
0
0
0
0
0
0
0
0
0
0
0
0
-0
-0
-0
-0
-0
-0
-0
-0
-0
-0
-0
-0
-0
-0
-0
-0
-0
-0
-0
-0
-0
-0
-0
-0
-0
-0
-0
-0
-0
-0
-0
-0
-0
-0
-0
-0
-0
-0
-0
-0
-0
-0
-0
-0
-0
-0
-0
-0
-0
-0
-0
-0
-0
-0
-0
-0
-0
-0
-0
-0
-0
-0
-0
-0
-0
-0
-0
-0
-0
-0
-0
-0
-0
-0
-0
-0
-0
-0
-0
-0
-0
-0
-0
0
0
0
0
0
0
0
0
0
0
0
0
0
0
0
0
0
0
0
0
0
0
0
0
0
0
0
0
0
0
0
0
0
0
0
0
0
)
;

boundaryField
{
    hot
    {
        type            calculated;
        value           uniform 0.0220591;
    }
    hotTop
    {
        type            calculated;
        value           nonuniform List<scalar> 8(0.0193172 0.00119044 0.0932735 0.0932735 0.0932735 0.0932735 0.0932735 0.0932735);
    }
    cold
    {
        type            calculated;
        value           uniform -0.0110295;
    }
    coldTop
    {
        type            calculated;
        value           nonuniform List<scalar> 8(-0.0466368 -0.0466368 -0.0466368 -0.0466368 -0.0466368 -0.0466368 -0.0466368 -0.0466368);
    }
    top
    {
        type            calculated;
        value           nonuniform List<scalar> 
120
(
0.0973449
0.105236
0.112384
0.118486
0.123405
0.127121
0.129695
0.131299
0.132126
0.132327
0.132017
0.131284
0.130176
0.128703
0.126879
0.124707
0.122179
0.119274
0.115969
0.112265
0.10822
0.103973
0.0997482
0.0955675
0.0912458
0.0869423
0.0827926
0.0789076
0.0753208
0.0720281
0.0690243
0.0662639
0.0636887
0.0612832
0.0590057
0.0568111
0.0548064
0.0530014
0.0511719
0.04918
0.0470433
0.0448545
0.0427165
0.0407011
0.0388511
0.037221
0.0358571
0.0347599
0.0339057
0.0332584
0.0327715
0.0323804
0.0320235
0.031658
0.0312689
0.0308762
0.0305331
0.030284
0.0301299
0.0300221
0.0298969
0.0297204
0.0295146
0.0293052
0.0291005
0.0288175
0.0283554
0.0277388
0.0270615
0.0263511
0.0254803
0.0241584
0.0223184
0.0201139
0.0178376
0.0156174
0.0134309
0.0112995
0.00925288
0.00729119
0.00538369
0.00348817
0.00159417
-0.0002763
-0.00209011
-0.0038196
-0.0054504
-0.00698189
-0.00842245
-0.00978531
-0.0110859
-0.0123395
-0.0135609
-0.014762
-0.0159519
-0.0171375
-0.0183236
-0.0195129
-0.0207067
-0.0219051
-0.0231079
-0.0243141
-0.0255232
-0.0267343
-0.0279464
-0.029159
-0.0303716
-0.0315835
-0.0327945
-0.0340043
-0.0352128
-0.03642
-0.0376259
-0.0388304
-0.0400338
-0.0412361
-0.0424374
-0.0436379
-0.0448377
-0.0460372
)
;
    }
    btm
    {
        type            calculated;
        value           nonuniform List<scalar> 
120
(
0.021844
0.0214131
0.0209805
0.0205452
0.0201072
0.0196682
0.0192301
0.0187953
0.0183657
0.0179438
0.0175315
0.0171308
0.0167435
0.0163715
0.0160175
0.0156833
0.0153716
0.0150844
0.0148211
0.0145804
0.0143601
0.014158
0.0139716
0.0137985
0.0136367
0.0134846
0.0133406
0.0132033
0.0130711
0.0129427
0.0128168
0.0126919
0.0125666
0.0124399
0.0123108
0.0121783
0.0120412
0.0118989
0.0117508
0.0115966
0.0114359
0.0112688
0.0110953
0.0109157
0.0107303
0.0105398
0.0103445
0.0101452
0.00994229
0.00973644
0.00952829
0.00931855
0.00910802
0.00889746
0.00868747
0.00847842
0.00827054
0.00806381
0.00785789
0.00765235
0.00744677
0.00724053
0.00703265
0.006822
0.00660713
0.00638651
0.00615821
0.00591996
0.00567071
0.00540953
0.00513483
0.00484531
0.00453895
0.00421624
0.00387802
0.0035227
0.00315058
0.00276391
0.00236509
0.00195868
0.00155152
0.00115054
0.000759969
0.000378813
6.35035e-06
-0.000358198
-0.000715629
-0.00106673
-0.00141222
-0.00175275
-0.00208887
-0.00242103
-0.00274962
-0.00307494
-0.00339726
-0.00371677
-0.00403366
-0.00434809
-0.00466019
-0.00497009
-0.00527792
-0.00558381
-0.00588786
-0.00619021
-0.00649096
-0.00679024
-0.00708815
-0.00738482
-0.00768035
-0.00797485
-0.00826843
-0.00856119
-0.00885322
-0.00914463
-0.0094355
-0.00972593
-0.010016
-0.0103058
-0.0105954
-0.0108848
)
;
    }
    frontAndBack
    {
        type            empty;
    }
}


// ************************************************************************* //
