/*--------------------------------*- C++ -*----------------------------------*\
  =========                 |
  \\      /  F ield         | OpenFOAM: The Open Source CFD Toolbox
   \\    /   O peration     | Website:  https://openfoam.org
    \\  /    A nd           | Version:  6
     \\/     M anipulation  |
\*---------------------------------------------------------------------------*/
FoamFile
{
    version     2.0;
    format      ascii;
    class       volScalarField;
    location    "900";
    object      T;
}
// * * * * * * * * * * * * * * * * * * * * * * * * * * * * * * * * * * * * * //

dimensions      [0 0 0 1 0 0 0];

internalField   nonuniform List<scalar> 
5964
(
310.48
309.511
308.759
308.243
307.897
307.658
307.474
307.316
307.169
307.015
306.851
306.669
306.475
306.268
306.051
305.829
305.61
305.399
305.202
305.023
304.862
304.714
304.571
304.432
304.305
304.19
304.088
303.998
303.919
303.849
303.787
303.732
303.684
303.641
303.603
303.569
303.539
303.511
303.486
303.464
303.443
303.425
303.408
303.392
303.378
303.364
303.351
303.34
303.328
303.318
303.307
303.297
303.288
303.278
303.268
303.259
303.25
303.24
303.23
303.221
303.211
303.2
303.19
303.179
303.168
303.157
303.145
303.134
303.122
303.109
303.097
303.084
303.071
303.057
303.044
303.03
303.016
303.002
302.987
302.973
302.96
302.947
302.923
302.784
310.471
309.53
308.814
308.309
307.97
307.734
307.553
307.397
307.256
307.098
306.933
306.746
306.553
306.342
306.117
305.885
305.656
305.436
305.231
305.043
304.871
304.715
304.567
304.425
304.296
304.182
304.08
303.991
303.912
303.843
303.782
303.728
303.68
303.638
303.6
303.567
303.536
303.509
303.485
303.462
303.442
303.424
303.407
303.391
303.377
303.363
303.351
303.339
303.328
303.317
303.307
303.297
303.288
303.278
303.269
303.259
303.25
303.24
303.231
303.221
303.211
303.201
303.19
303.179
303.169
303.157
303.146
303.134
303.122
303.11
303.097
303.084
303.071
303.058
303.044
303.03
303.016
303.002
302.988
302.973
302.96
302.947
302.935
302.913
310.497
309.602
308.918
308.429
308.098
307.868
307.689
307.538
307.4
307.236
307.065
306.874
306.679
306.46
306.225
305.981
305.737
305.501
305.279
305.072
304.883
304.712
304.555
304.409
304.279
304.164
304.064
303.976
303.899
303.831
303.772
303.719
303.672
303.631
303.594
303.561
303.532
303.505
303.481
303.459
303.439
303.421
303.405
303.389
303.375
303.362
303.35
303.339
303.328
303.317
303.307
303.297
303.288
303.278
303.269
303.26
303.25
303.241
303.231
303.221
303.211
303.201
303.191
303.18
303.169
303.158
303.146
303.135
303.122
303.11
303.097
303.085
303.071
303.058
303.044
303.031
303.016
303.002
302.988
302.974
302.959
302.946
302.935
302.926
310.548
309.715
309.056
308.585
308.264
308.039
307.864
307.717
307.57
307.399
307.221
307.026
306.818
306.59
306.344
306.09
305.832
305.577
305.332
305.103
304.891
304.701
304.533
304.381
304.25
304.137
304.039
303.954
303.879
303.814
303.756
303.706
303.661
303.621
303.585
303.553
303.524
303.499
303.475
303.454
303.435
303.418
303.402
303.387
303.373
303.361
303.349
303.338
303.327
303.317
303.307
303.297
303.288
303.279
303.269
303.26
303.251
303.242
303.232
303.222
303.212
303.202
303.192
303.181
303.17
303.159
303.147
303.135
303.123
303.111
303.098
303.085
303.072
303.059
303.045
303.031
303.017
303.003
302.988
302.974
302.959
302.945
302.933
302.926
310.581
309.818
309.208
308.764
308.453
308.231
308.059
307.904
307.741
307.56
307.364
307.152
306.927
306.689
306.435
306.174
305.907
305.64
305.376
305.123
304.886
304.675
304.494
304.338
304.208
304.099
304.005
303.924
303.853
303.791
303.737
303.688
303.645
303.607
303.573
303.543
303.515
303.491
303.468
303.448
303.43
303.413
303.398
303.384
303.371
303.358
303.347
303.336
303.326
303.316
303.307
303.297
303.288
303.279
303.27
303.261
303.252
303.243
303.233
303.223
303.214
303.203
303.193
303.182
303.171
303.16
303.149
303.137
303.124
303.112
303.099
303.086
303.073
303.06
303.046
303.032
303.018
303.003
302.989
302.974
302.96
302.945
302.933
302.925
310.623
309.931
309.37
308.953
308.652
308.43
308.251
308.08
307.897
307.693
307.472
307.237
306.993
306.744
306.486
306.222
305.949
305.672
305.396
305.123
304.862
304.625
304.43
304.275
304.151
304.05
303.963
303.887
303.821
303.764
303.712
303.667
303.627
303.591
303.559
303.53
303.504
303.481
303.459
303.44
303.423
303.407
303.393
303.38
303.367
303.356
303.345
303.335
303.325
303.316
303.307
303.298
303.289
303.28
303.271
303.262
303.253
303.244
303.235
303.225
303.215
303.205
303.195
303.184
303.173
303.162
303.15
303.138
303.126
303.113
303.101
303.088
303.074
303.061
303.047
303.033
303.019
303.004
302.99
302.975
302.96
302.946
302.933
302.924
310.667
310.044
309.529
309.135
308.845
308.621
308.429
308.234
308.023
307.786
307.533
307.273
307.014
306.756
306.497
306.232
305.96
305.681
305.395
305.103
304.815
304.547
304.328
304.184
304.078
303.989
303.912
303.844
303.785
303.732
303.685
303.643
303.606
303.572
303.542
303.515
303.491
303.469
303.449
303.431
303.415
303.401
303.387
303.375
303.363
303.353
303.343
303.333
303.324
303.315
303.307
303.298
303.289
303.281
303.272
303.264
303.255
303.246
303.236
303.227
303.217
303.207
303.197
303.186
303.175
303.164
303.152
303.14
303.128
303.115
303.102
303.089
303.076
303.062
303.048
303.034
303.02
303.005
302.99
302.976
302.96
302.945
302.931
302.923
310.7
310.14
309.672
309.306
309.027
308.798
308.582
308.355
308.103
307.828
307.545
307.262
306.987
306.721
306.463
306.203
305.934
305.654
305.362
305.058
304.747
304.436
304.155
304.062
303.99
303.921
303.856
303.797
303.743
303.696
303.654
303.616
303.582
303.552
303.524
303.499
303.476
303.456
303.438
303.421
303.406
303.393
303.381
303.369
303.359
303.349
303.34
303.331
303.323
303.315
303.307
303.298
303.29
303.282
303.274
303.265
303.257
303.248
303.239
303.229
303.219
303.209
303.199
303.188
303.177
303.166
303.154
303.142
303.13
303.117
303.104
303.091
303.077
303.063
303.049
303.035
303.021
303.006
302.991
302.976
302.961
302.945
302.93
302.92
310.735
310.235
309.809
309.462
309.188
308.944
308.698
308.433
308.141
307.829
307.511
307.204
306.916
306.646
306.392
306.138
305.876
305.598
305.306
304.999
304.674
304.314
303.815
303.922
303.902
303.852
303.797
303.745
303.699
303.657
303.62
303.587
303.557
303.529
303.504
303.481
303.46
303.442
303.425
303.41
303.397
303.384
303.373
303.363
303.354
303.346
303.337
303.33
303.322
303.314
303.307
303.299
303.292
303.284
303.276
303.268
303.259
303.25
303.241
303.232
303.222
303.212
303.202
303.191
303.18
303.169
303.157
303.145
303.132
303.119
303.106
303.093
303.079
303.065
303.051
303.037
303.022
303.007
302.992
302.977
302.961
302.945
302.93
302.92
310.766
310.321
309.93
309.599
309.321
309.053
308.771
308.462
308.126
307.774
307.426
307.1
306.805
306.535
306.284
306.039
305.787
305.52
305.238
304.941
304.628
304.301
303.961
303.896
303.842
303.789
303.738
303.692
303.652
303.617
303.585
303.557
303.53
303.506
303.483
303.462
303.444
303.427
303.412
303.398
303.386
303.375
303.366
303.357
303.349
303.342
303.335
303.328
303.321
303.314
303.307
303.3
303.293
303.286
303.278
303.27
303.262
303.253
303.244
303.235
303.225
303.215
303.205
303.194
303.183
303.172
303.16
303.147
303.135
303.122
303.109
303.095
303.081
303.067
303.053
303.038
303.023
303.009
302.994
302.978
302.963
302.947
302.932
302.922
310.792
310.392
310.03
309.708
309.417
309.12
308.798
308.445
308.065
307.677
307.304
306.965
306.665
306.398
306.156
305.922
305.684
305.434
305.169
304.89
304.6
304.308
304.038
303.859
303.785
303.726
303.676
303.635
303.602
303.574
303.549
303.526
303.503
303.482
303.462
303.443
303.426
303.411
303.397
303.385
303.375
303.366
303.358
303.35
303.344
303.338
303.332
303.326
303.32
303.314
303.308
303.302
303.295
303.288
303.281
303.273
303.265
303.257
303.248
303.239
303.229
303.219
303.209
303.198
303.187
303.175
303.163
303.151
303.138
303.125
303.111
303.097
303.083
303.069
303.055
303.04
303.025
303.01
302.995
302.98
302.964
302.949
302.933
302.921
310.811
310.445
310.103
309.782
309.471
309.14
308.777
308.378
307.957
307.538
307.149
306.806
306.509
306.249
306.017
305.797
305.576
305.346
305.103
304.848
304.582
304.311
304.038
303.733
303.718
303.66
303.609
303.574
303.55
303.531
303.514
303.496
303.477
303.459
303.441
303.424
303.409
303.395
303.383
303.372
303.363
303.355
303.349
303.343
303.338
303.333
303.329
303.324
303.319
303.314
303.309
303.303
303.297
303.291
303.284
303.277
303.269
303.261
303.252
303.243
303.233
303.223
303.213
303.202
303.191
303.179
303.167
303.154
303.141
303.128
303.114
303.1
303.086
303.071
303.057
303.042
303.027
303.011
302.996
302.981
302.966
302.95
302.931
302.91
310.825
310.48
310.144
309.817
309.481
309.112
308.707
308.269
307.816
307.378
306.98
306.637
306.347
306.098
305.878
305.673
305.472
305.264
305.045
304.814
304.573
304.322
304.068
303.814
303.696
303.59
303.531
303.505
303.494
303.488
303.48
303.467
303.452
303.436
303.42
303.405
303.391
303.379
303.368
303.359
303.351
303.345
303.34
303.336
303.332
303.329
303.326
303.323
303.319
303.315
303.311
303.306
303.3
303.294
303.288
303.281
303.273
303.265
303.257
303.248
303.238
303.228
303.218
303.207
303.195
303.183
303.171
303.158
303.145
303.132
303.118
303.103
303.089
303.074
303.059
303.044
303.028
303.013
302.998
302.982
302.967
302.95
302.925
302.892
310.831
310.493
310.155
309.811
309.444
309.038
308.595
308.123
307.648
307.199
306.801
306.466
306.187
305.95
305.742
305.552
305.37
305.185
304.991
304.786
304.57
304.343
304.108
303.874
303.668
303.484
303.43
303.425
303.436
303.448
303.45
303.443
303.43
303.416
303.402
303.388
303.375
303.363
303.353
303.345
303.339
303.334
303.331
303.328
303.327
303.325
303.324
303.322
303.319
303.316
303.313
303.309
303.304
303.298
303.292
303.286
303.278
303.271
303.262
303.253
303.244
303.234
303.223
303.212
303.2
303.188
303.176
303.163
303.149
303.135
303.121
303.107
303.092
303.077
303.062
303.046
303.03
303.015
302.999
302.983
302.968
302.953
302.935
302.915
310.829
310.487
310.136
309.764
309.362
308.919
308.443
307.946
307.456
307.004
306.616
306.295
306.029
305.805
305.609
305.433
305.268
305.104
304.935
304.755
304.564
304.361
304.144
303.908
303.639
303.269
303.29
303.334
303.381
303.417
303.431
303.426
303.412
303.398
303.385
303.372
303.36
303.349
303.339
303.331
303.326
303.323
303.321
303.321
303.321
303.321
303.322
303.321
303.32
303.318
303.316
303.312
303.308
303.303
303.298
303.291
303.284
303.277
303.268
303.259
303.25
303.239
303.229
303.218
303.206
303.193
303.181
303.167
303.154
303.14
303.125
303.111
303.095
303.08
303.064
303.049
303.032
303.016
303
302.984
302.969
302.955
302.942
302.931
310.823
310.463
310.088
309.68
309.236
308.755
308.249
307.736
307.241
306.798
306.423
306.117
305.867
305.656
305.473
305.309
305.16
305.015
304.868
304.713
304.548
304.371
304.179
303.965
303.72
303.421
303.14
303.245
303.342
303.407
303.43
303.42
303.396
303.382
303.371
303.36
303.348
303.336
303.325
303.317
303.313
303.311
303.312
303.313
303.316
303.318
303.32
303.321
303.321
303.321
303.319
303.317
303.313
303.309
303.304
303.298
303.291
303.283
303.275
303.266
303.256
303.246
303.235
303.224
303.212
303.199
303.186
303.173
303.159
303.144
303.13
303.115
303.099
303.083
303.067
303.051
303.035
303.018
303.001
302.985
302.969
302.955
302.941
302.93
310.811
310.423
310.011
309.561
309.069
308.546
308.012
307.489
307.002
306.575
306.218
305.929
305.694
305.499
305.33
305.179
305.042
304.914
304.788
304.657
304.519
304.371
304.212
304.036
303.841
303.625
303.417
303.175
303.339
303.439
303.462
303.429
303.377
303.366
303.361
303.353
303.34
303.324
303.312
303.303
303.299
303.299
303.302
303.306
303.31
303.315
303.318
303.321
303.323
303.324
303.323
303.322
303.319
303.315
303.31
303.305
303.298
303.291
303.282
303.273
303.264
303.253
303.242
303.231
303.218
303.206
303.192
303.179
303.164
303.15
303.134
303.119
303.103
303.087
303.071
303.054
303.037
303.02
303.003
302.986
302.969
302.953
302.934
302.911
310.793
310.369
309.913
309.415
308.875
308.311
307.752
307.226
306.749
306.338
305.998
305.728
305.515
305.343
305.198
305.071
304.956
304.848
304.743
304.636
304.524
304.406
304.279
304.139
303.993
303.838
303.7
303.569
303.411
303.55
303.548
303.459
303.328
303.352
303.36
303.355
303.338
303.315
303.298
303.288
303.285
303.287
303.292
303.299
303.306
303.312
303.318
303.322
303.326
303.328
303.328
303.328
303.326
303.323
303.318
303.313
303.306
303.299
303.291
303.282
303.272
303.261
303.25
303.238
303.226
303.213
303.199
303.185
303.17
303.155
303.14
303.124
303.108
303.091
303.074
303.057
303.04
303.022
303.005
302.987
302.969
302.95
302.921
302.876
310.772
310.307
309.804
309.257
308.672
308.072
307.496
306.969
306.504
306.116
305.807
305.569
305.385
305.241
305.124
305.023
304.933
304.85
304.769
304.687
304.602
304.511
304.414
304.309
304.201
304.093
304.002
303.89
303.81
303.798
303.712
303.531
303.154
303.36
303.376
303.377
303.348
303.308
303.283
303.272
303.269
303.274
303.282
303.292
303.301
303.31
303.318
303.324
303.329
303.333
303.334
303.335
303.334
303.331
303.327
303.322
303.316
303.308
303.3
303.291
303.281
303.27
303.259
303.246
303.233
303.22
303.206
303.191
303.176
303.161
303.145
303.129
303.112
303.095
303.078
303.06
303.043
303.025
303.007
302.988
302.97
302.951
302.93
302.905
310.751
310.238
309.682
309.08
308.449
307.827
307.246
306.73
306.289
305.935
305.665
305.464
305.315
305.204
305.116
305.044
304.98
304.923
304.869
304.812
304.753
304.69
304.621
304.546
304.466
304.39
304.323
304.226
304.153
304.083
303.951
303.772
303.537
303.543
303.412
303.436
303.376
303.294
303.263
303.253
303.252
303.26
303.272
303.286
303.298
303.309
303.319
303.327
303.333
303.338
303.341
303.343
303.342
303.34
303.337
303.332
303.326
303.319
303.31
303.301
303.291
303.28
303.268
303.255
303.242
303.228
303.214
303.199
303.183
303.167
303.151
303.134
303.117
303.1
303.082
303.064
303.046
303.027
303.009
302.99
302.971
302.952
302.935
302.922
310.722
310.148
309.528
308.872
308.21
307.579
307.008
306.518
306.114
305.801
305.574
305.413
305.302
305.223
305.165
305.12
305.082
305.051
305.022
304.989
304.953
304.915
304.87
304.817
304.759
304.701
304.642
304.557
304.481
304.385
304.251
304.098
303.947
303.845
303.708
303.577
303.434
303.247
303.232
303.233
303.231
303.245
303.264
303.283
303.297
303.31
303.321
303.33
303.339
303.345
303.349
303.352
303.352
303.351
303.348
303.343
303.337
303.33
303.321
303.312
303.301
303.29
303.278
303.265
303.251
303.237
303.222
303.206
303.19
303.174
303.157
303.14
303.122
303.104
303.086
303.068
303.049
303.03
303.011
302.992
302.972
302.953
302.936
302.926
310.68
310.021
309.331
308.629
307.953
307.33
306.783
306.331
305.977
305.715
305.532
305.412
305.334
305.285
305.256
305.236
305.221
305.212
305.205
305.192
305.174
305.158
305.129
305.091
305.051
305.001
304.949
304.874
304.799
304.702
304.582
304.447
304.311
304.171
304
303.803
303.539
303.066
303.199
303.225
303.202
303.23
303.261
303.284
303.3
303.312
303.324
303.335
303.344
303.352
303.359
303.362
303.364
303.363
303.36
303.356
303.35
303.342
303.334
303.324
303.313
303.301
303.288
303.275
303.261
303.246
303.231
303.215
303.198
303.181
303.164
303.146
303.128
303.109
303.091
303.072
303.053
303.033
303.014
302.994
302.974
302.954
302.937
302.927
310.622
309.86
309.103
308.374
307.703
307.105
306.595
306.188
305.884
305.672
305.533
305.447
305.401
305.381
305.376
305.377
305.382
305.389
305.398
305.401
305.396
305.395
305.379
305.352
305.325
305.282
305.239
305.176
305.109
305.024
304.921
304.801
304.67
304.517
304.328
304.109
303.834
303.488
303.274
303.27
303.138
303.217
303.27
303.294
303.306
303.316
303.327
303.339
303.351
303.361
303.369
303.374
303.377
303.377
303.374
303.37
303.364
303.356
303.347
303.337
303.325
303.313
303.3
303.286
303.271
303.256
303.24
303.223
303.206
303.189
303.171
303.152
303.134
303.115
303.095
303.076
303.056
303.037
303.017
302.996
302.976
302.955
302.938
302.928
310.568
309.706
308.882
308.128
307.468
306.905
306.441
306.082
305.829
305.664
305.564
305.513
305.494
305.497
305.513
305.532
305.551
305.569
305.588
305.601
305.607
305.613
305.609
305.589
305.572
305.54
305.506
305.457
305.404
305.335
305.253
305.15
305.031
304.883
304.7
304.486
304.228
303.946
303.695
303.434
302.899
303.233
303.311
303.32
303.318
303.32
303.33
303.343
303.358
303.371
303.381
303.388
303.391
303.392
303.39
303.385
303.379
303.371
303.361
303.35
303.339
303.326
303.312
303.297
303.282
303.266
303.25
303.232
303.215
303.197
303.178
303.159
303.14
303.12
303.1
303.08
303.06
303.04
303.019
302.998
302.977
302.957
302.94
302.929
310.507
309.547
308.672
307.906
307.264
306.737
306.324
306.018
305.812
305.687
305.623
305.601
305.604
305.627
305.659
305.689
305.72
305.745
305.769
305.788
305.801
305.811
305.813
305.803
305.793
305.771
305.748
305.712
305.676
305.624
305.565
305.482
305.383
305.254
305.092
304.897
304.662
304.404
304.134
303.831
303.506
303.485
303.423
303.363
303.329
303.321
303.33
303.347
303.365
303.382
303.395
303.403
303.408
303.409
303.407
303.402
303.395
303.387
303.377
303.365
303.353
303.339
303.325
303.31
303.294
303.277
303.26
303.242
303.224
303.205
303.186
303.166
303.146
303.126
303.106
303.085
303.064
303.043
303.022
303.001
302.979
302.958
302.941
302.931
310.459
309.417
308.499
307.725
307.099
306.607
306.239
305.983
305.822
305.735
305.702
305.703
305.726
305.764
305.808
305.846
305.883
305.914
305.94
305.962
305.977
305.989
305.995
305.993
305.989
305.974
305.962
305.938
305.919
305.884
305.847
305.787
305.712
305.609
305.475
305.305
305.094
304.85
304.576
304.269
303.98
303.783
303.544
303.393
303.323
303.31
303.325
303.349
303.374
303.396
303.411
303.422
303.427
303.428
303.426
303.421
303.414
303.404
303.394
303.381
303.368
303.354
303.339
303.323
303.306
303.289
303.271
303.252
303.233
303.214
303.194
303.173
303.153
303.132
303.111
303.09
303.068
303.047
303.025
303.003
302.981
302.96
302.943
302.932
310.416
309.302
308.34
307.56
306.959
306.509
306.188
305.977
305.855
305.801
305.793
305.817
305.857
305.905
305.957
306.001
306.041
306.074
306.102
306.124
306.141
306.153
306.159
306.162
306.162
306.154
306.149
306.136
306.13
306.113
306.092
306.056
306.007
305.933
305.83
305.689
305.503
305.274
305.002
304.682
304.348
303.995
303.595
303.365
303.276
303.28
303.314
303.353
303.387
303.414
303.432
303.444
303.449
303.45
303.448
303.442
303.433
303.423
303.412
303.399
303.385
303.369
303.353
303.336
303.319
303.301
303.282
303.263
303.243
303.223
303.202
303.181
303.16
303.138
303.117
303.095
303.073
303.05
303.028
303.005
302.983
302.962
302.945
302.935
310.386
309.223
308.232
307.445
306.858
306.442
306.163
305.993
305.907
305.88
305.896
305.938
305.992
306.049
306.104
306.152
306.193
306.227
306.254
306.276
306.293
306.304
306.311
306.315
306.316
306.314
306.314
306.311
306.312
306.31
306.303
306.288
306.263
306.217
306.144
306.034
305.877
305.669
305.407
305.085
304.723
304.304
303.827
303.224
303.157
303.229
303.303
303.363
303.408
303.439
303.459
303.471
303.476
303.476
303.472
303.465
303.455
303.444
303.431
303.417
303.402
303.386
303.369
303.351
303.332
303.313
303.294
303.273
303.253
303.232
303.21
303.189
303.167
303.145
303.122
303.1
303.077
303.054
303.031
303.008
302.985
302.964
302.947
302.937
310.352
309.143
308.132
307.349
306.786
306.405
306.165
306.029
305.975
305.971
306.007
306.065
306.13
306.193
306.251
306.3
306.341
306.374
306.4
306.42
306.436
306.446
306.453
306.457
306.458
306.458
306.461
306.464
306.472
306.48
306.485
306.486
306.481
306.46
306.415
306.338
306.213
306.035
305.797
305.493
305.129
304.688
304.176
303.566
302.925
303.184
303.309
303.39
303.443
303.476
303.495
303.505
303.508
303.505
303.499
303.49
303.479
303.466
303.452
303.436
303.42
303.403
303.385
303.366
303.346
303.326
303.306
303.285
303.263
303.241
303.219
303.197
303.174
303.151
303.128
303.105
303.081
303.058
303.034
303.01
302.987
302.966
302.949
302.939
310.282
309.002
308.006
307.268
306.746
306.4
306.189
306.084
306.054
306.074
306.127
306.196
306.27
306.337
306.396
306.444
306.484
306.516
306.54
306.559
306.573
306.581
306.586
306.589
306.59
306.591
306.595
306.602
306.614
306.628
306.643
306.657
306.666
306.666
306.647
306.6
306.512
306.371
306.171
305.901
305.558
305.131
304.623
304.054
303.505
303.268
303.363
303.448
303.5
303.528
303.542
303.547
303.545
303.539
303.53
303.518
303.505
303.49
303.474
303.457
303.439
303.42
303.401
303.381
303.361
303.34
303.318
303.296
303.274
303.251
303.228
303.205
303.182
303.158
303.134
303.11
303.086
303.062
303.037
303.013
302.989
302.967
302.95
302.94
310.333
309.082
308.04
307.271
306.748
306.419
306.235
306.156
306.146
306.186
306.253
306.333
306.412
306.481
306.539
306.587
306.626
306.656
306.678
306.695
306.706
306.712
306.715
306.716
306.716
306.717
306.721
306.729
306.742
306.761
306.783
306.806
306.829
306.844
306.847
306.828
306.776
306.677
306.518
306.284
305.969
305.573
305.095
304.541
303.911
303.068
303.435
303.546
303.585
303.599
303.601
303.597
303.589
303.577
303.564
303.548
303.532
303.515
303.497
303.478
303.459
303.439
303.418
303.397
303.376
303.354
303.331
303.308
303.285
303.261
303.238
303.213
303.189
303.165
303.14
303.115
303.091
303.065
303.04
303.015
302.991
302.968
302.95
302.94
310.344
309.11
308.071
307.293
306.773
306.46
306.3
306.243
306.251
306.308
306.386
306.474
306.556
306.625
306.682
306.728
306.764
306.793
306.813
306.827
306.836
306.84
306.841
306.84
306.838
306.837
306.84
306.847
306.861
306.881
306.909
306.94
306.973
307.001
307.021
307.026
307.006
306.944
306.822
306.627
306.35
305.991
305.549
305.029
304.447
303.856
303.741
303.715
303.702
303.688
303.673
303.656
303.638
303.62
303.601
303.581
303.562
303.542
303.521
303.501
303.48
303.458
303.436
303.414
303.391
303.368
303.344
303.32
303.296
303.272
303.247
303.222
303.197
303.172
303.146
303.121
303.095
303.07
303.044
303.018
302.993
302.969
302.951
302.939
310.336
309.1
308.082
307.327
306.825
306.529
306.386
306.344
306.371
306.44
306.528
306.619
306.699
306.768
306.823
306.867
306.901
306.926
306.944
306.957
306.964
306.966
306.966
306.963
306.959
306.955
306.955
306.961
306.974
306.995
307.025
307.061
307.102
307.142
307.177
307.201
307.206
307.175
307.09
306.935
306.696
306.374
305.97
305.487
304.938
304.375
303.963
303.875
303.827
303.787
303.753
303.722
303.694
303.667
303.641
303.617
303.593
303.57
303.547
303.524
303.501
303.478
303.454
303.431
303.407
303.382
303.357
303.333
303.307
303.282
303.256
303.231
303.205
303.179
303.153
303.126
303.1
303.074
303.047
303.021
302.995
302.971
302.95
302.935
310.345
309.123
308.115
307.378
306.896
306.616
306.49
306.462
306.503
306.582
306.676
306.766
306.844
306.91
306.962
307.003
307.034
307.057
307.073
307.083
307.089
307.09
307.089
307.084
307.078
307.072
307.069
307.072
307.084
307.104
307.135
307.175
307.222
307.271
307.318
307.358
307.382
307.379
307.329
307.211
307.008
306.72
306.342
305.877
305.33
304.702
303.845
303.982
303.945
303.89
303.839
303.794
303.754
303.717
303.684
303.654
303.626
303.599
303.573
303.548
303.523
303.498
303.473
303.448
303.422
303.397
303.371
303.345
303.319
303.292
303.266
303.239
303.212
303.186
303.159
303.132
303.105
303.078
303.051
303.024
302.997
302.971
302.944
302.914
310.364
309.169
308.178
307.456
306.986
306.72
306.609
306.595
306.647
306.733
306.828
306.914
306.989
307.051
307.1
307.137
307.165
307.185
307.199
307.207
307.212
307.213
307.21
307.204
307.196
307.188
307.182
307.183
307.192
307.211
307.242
307.283
307.334
307.391
307.448
307.501
307.542
307.562
307.542
307.458
307.291
307.035
306.686
306.244
305.711
305.098
304.493
304.193
304.066
303.989
303.926
303.868
303.816
303.77
303.729
303.693
303.66
303.629
303.6
303.573
303.545
303.519
303.492
303.465
303.438
303.411
303.384
303.357
303.33
303.303
303.275
303.248
303.22
303.193
303.165
303.137
303.11
303.082
303.055
303.027
303
302.971
302.931
302.871
310.374
309.205
308.248
307.551
307.097
306.844
306.745
306.741
306.801
306.889
306.982
307.064
307.134
307.191
307.236
307.269
307.294
307.311
307.323
307.329
307.333
307.333
307.33
307.323
307.314
307.303
307.295
307.293
307.3
307.317
307.347
307.388
307.441
307.504
307.57
307.634
307.69
307.728
307.734
307.68
307.546
307.322
307.003
306.583
306.065
305.45
304.787
304.197
304.12
304.071
304.009
303.942
303.88
303.824
303.775
303.732
303.694
303.66
303.628
303.598
303.568
303.539
303.511
303.483
303.454
303.426
303.398
303.37
303.341
303.313
303.285
303.256
303.228
303.2
303.171
303.143
303.115
303.087
303.058
303.031
303.002
302.973
302.939
302.902
310.393
309.261
308.333
307.657
307.22
306.982
306.893
306.899
306.964
307.049
307.136
307.213
307.277
307.329
307.369
307.399
307.42
307.435
307.445
307.45
307.453
307.452
307.448
307.44
307.43
307.417
307.407
307.403
307.407
307.423
307.451
307.492
307.547
307.614
307.686
307.76
307.828
307.883
307.908
307.883
307.779
307.586
307.295
306.897
306.387
305.751
304.941
303.677
304.106
304.143
304.088
304.015
303.942
303.877
303.82
303.771
303.729
303.691
303.656
303.623
303.591
303.56
303.53
303.5
303.47
303.441
303.411
303.382
303.353
303.323
303.294
303.265
303.236
303.207
303.177
303.148
303.12
303.091
303.062
303.034
303.005
302.975
302.942
302.912
310.416
309.326
308.426
307.77
307.352
307.132
307.054
307.065
307.13
307.21
307.289
307.359
307.417
307.464
307.5
307.526
307.544
307.557
307.565
307.57
307.572
307.57
307.565
307.557
307.545
307.531
307.52
307.513
307.515
307.529
307.555
307.596
307.651
307.72
307.799
307.88
307.958
308.028
308.07
308.068
307.993
307.829
307.566
307.196
306.718
306.121
305.393
304.636
304.377
304.261
304.171
304.083
304.001
303.928
303.864
303.81
303.763
303.721
303.683
303.648
303.614
303.581
303.549
303.518
303.486
303.456
303.425
303.394
303.364
303.334
303.303
303.273
303.243
303.213
303.184
303.154
303.124
303.095
303.066
303.037
303.007
302.977
302.946
302.921
310.444
309.4
308.534
307.904
307.505
307.296
307.224
307.237
307.296
307.369
307.439
307.501
307.554
307.595
307.627
307.651
307.667
307.678
307.685
307.689
307.69
307.687
307.681
307.672
307.659
307.645
307.632
307.624
307.624
307.635
307.66
307.7
307.755
307.825
307.908
307.996
308.083
308.164
308.222
308.238
308.188
308.051
307.814
307.47
307.013
306.44
305.754
305.025
304.458
304.321
304.232
304.142
304.054
303.974
303.906
303.847
303.796
303.751
303.711
303.673
303.637
303.602
303.568
303.535
303.502
303.47
303.438
303.406
303.375
303.344
303.312
303.281
303.251
303.22
303.189
303.159
303.129
303.099
303.069
303.04
303.01
302.979
302.948
302.922
310.467
309.466
308.641
308.043
307.664
307.465
307.398
307.41
307.461
307.525
307.585
307.639
307.686
307.723
307.752
307.774
307.788
307.798
307.804
307.807
307.807
307.804
307.797
307.786
307.773
307.758
307.744
307.735
307.733
307.743
307.766
307.804
307.859
307.93
308.015
308.108
308.202
308.292
308.364
308.395
308.369
308.256
308.043
307.718
307.273
306.704
306.009
305.18
304.096
304.301
304.274
304.19
304.099
304.016
303.944
303.882
303.829
303.781
303.738
303.697
303.659
303.622
303.587
303.552
303.518
303.484
303.451
303.418
303.386
303.353
303.321
303.289
303.258
303.226
303.195
303.164
303.133
303.103
303.073
303.043
303.012
302.98
302.943
302.907
310.491
309.537
308.752
308.184
307.824
307.636
307.573
307.582
307.623
307.675
307.726
307.772
307.813
307.847
307.874
307.894
307.908
307.917
307.923
307.925
307.924
307.92
307.912
307.9
307.886
307.871
307.857
307.846
307.843
307.851
307.872
307.909
307.963
308.034
308.12
308.217
308.315
308.414
308.496
308.541
308.533
308.442
308.252
307.947
307.513
306.942
306.235
305.418
304.487
304.446
304.344
304.236
304.139
304.053
303.98
303.916
303.86
303.81
303.764
303.721
303.681
303.642
303.605
303.568
303.533
303.498
303.463
303.429
303.396
303.363
303.33
303.297
303.265
303.233
303.201
303.169
303.138
303.107
303.076
303.045
303.015
302.982
302.94
302.889
310.517
309.611
308.866
308.326
307.986
307.809
307.746
307.748
307.778
307.819
307.859
307.898
307.935
307.967
307.993
308.013
308.027
308.036
308.041
308.043
308.041
308.035
308.026
308.014
308
307.984
307.969
307.958
307.954
307.96
307.98
308.015
308.068
308.137
308.223
308.321
308.424
308.528
308.619
308.674
308.68
308.61
308.443
308.16
307.739
307.167
306.466
305.701
304.982
304.603
304.397
304.268
304.169
304.085
304.012
303.948
303.89
303.838
303.79
303.745
303.703
303.662
303.623
303.585
303.547
303.511
303.475
303.44
303.406
303.372
303.338
303.305
303.271
303.239
303.206
303.174
303.142
303.11
303.079
303.048
303.017
302.987
302.954
302.923
310.542
309.687
308.984
308.473
308.151
307.98
307.914
307.907
307.925
307.954
307.985
308.019
308.052
308.083
308.109
308.13
308.144
308.153
308.158
308.16
308.157
308.151
308.141
308.128
308.113
308.097
308.082
308.07
308.065
308.071
308.089
308.122
308.173
308.24
308.325
308.423
308.529
308.636
308.732
308.795
308.813
308.761
308.618
308.36
307.958
307.393
306.683
305.888
305.128
304.574
304.373
304.27
304.189
304.114
304.044
303.98
303.921
303.866
303.816
303.768
303.724
303.681
303.64
303.6
303.562
303.524
303.487
303.451
303.415
303.38
303.346
303.312
303.278
303.244
303.211
303.178
303.146
303.113
303.081
303.05
303.019
302.989
302.962
302.94
310.569
309.763
309.102
308.62
308.313
308.146
308.075
308.057
308.063
308.081
308.104
308.133
308.165
308.195
308.222
308.243
308.259
308.27
308.275
308.276
308.273
308.267
308.256
308.243
308.227
308.211
308.195
308.184
308.178
308.182
308.199
308.23
308.278
308.343
308.425
308.521
308.627
308.736
308.835
308.904
308.93
308.892
308.771
308.541
308.164
307.614
306.896
306.032
305.103
304.216
304.262
304.258
304.211
304.147
304.078
304.013
303.951
303.894
303.841
303.791
303.744
303.699
303.656
303.615
303.575
303.536
303.498
303.461
303.424
303.389
303.353
303.318
303.284
303.25
303.216
303.182
303.149
303.116
303.084
303.052
303.02
302.989
302.959
302.937
310.593
309.836
309.216
308.764
308.472
308.306
308.227
308.196
308.19
308.198
308.216
308.241
308.272
308.303
308.331
308.355
308.372
308.384
308.391
308.393
308.39
308.383
308.372
308.359
308.343
308.327
308.31
308.298
308.292
308.295
308.31
308.339
308.383
308.445
308.523
308.617
308.721
308.829
308.928
309
309.031
309.005
308.905
308.703
308.362
307.851
307.155
306.241
305.091
303.654
304.203
304.293
304.257
304.19
304.117
304.047
303.982
303.921
303.865
303.813
303.763
303.716
303.672
303.629
303.588
303.547
303.508
303.47
303.433
303.396
303.36
303.325
303.29
303.255
303.22
303.186
303.153
303.119
303.086
303.053
303.02
302.987
302.955
302.929
310.618
309.911
309.333
308.907
308.626
308.458
308.369
308.326
308.308
308.308
308.321
308.344
308.375
308.407
308.437
308.463
308.483
308.497
308.506
308.509
308.506
308.5
308.489
308.476
308.46
308.443
308.427
308.414
308.407
308.409
308.422
308.448
308.489
308.546
308.619
308.709
308.81
308.916
309.011
309.083
309.119
309.103
309.02
308.846
308.543
308.085
307.436
306.58
305.623
304.821
304.58
304.448
304.341
304.246
304.16
304.082
304.012
303.947
303.888
303.833
303.781
303.732
303.686
303.642
303.599
303.558
303.518
303.479
303.441
303.404
303.367
303.331
303.295
303.26
303.225
303.19
303.156
303.122
303.088
303.055
303.022
302.989
302.958
302.936
310.646
309.99
309.45
309.047
308.773
308.601
308.502
308.445
308.417
308.411
308.42
308.443
308.473
308.508
308.54
308.569
308.592
308.609
308.619
308.624
308.623
308.618
308.607
308.594
308.579
308.562
308.546
308.532
308.524
308.524
308.535
308.557
308.594
308.646
308.714
308.798
308.893
308.994
309.085
309.156
309.194
309.185
309.116
308.963
308.692
308.276
307.687
306.936
306.109
305.371
304.866
304.593
304.424
304.301
304.202
304.116
304.04
303.971
303.909
303.851
303.798
303.747
303.699
303.654
303.61
303.568
303.527
303.487
303.448
303.41
303.373
303.336
303.3
303.264
303.228
303.193
303.159
303.124
303.09
303.056
303.023
302.99
302.962
302.942
310.675
310.068
309.561
309.177
308.91
308.734
308.625
308.557
308.519
308.507
308.515
308.537
308.568
308.605
308.64
308.672
308.698
308.718
308.731
308.738
308.74
308.736
308.727
308.714
308.699
308.683
308.667
308.652
308.643
308.641
308.648
308.667
308.7
308.746
308.807
308.885
308.973
309.067
309.152
309.22
309.258
309.252
309.192
309.051
308.797
308.406
307.854
307.149
306.351
305.578
304.943
304.652
304.474
304.343
304.236
304.144
304.064
303.992
303.927
303.868
303.812
303.76
303.711
303.664
303.619
303.576
303.535
303.494
303.455
303.416
303.378
303.341
303.304
303.268
303.232
303.197
303.161
303.126
303.091
303.057
303.023
302.99
302.959
302.931
310.701
310.14
309.667
309.301
309.038
308.857
308.737
308.66
308.615
308.599
308.606
308.628
308.661
308.699
308.737
308.772
308.801
308.824
308.841
308.851
308.856
308.854
308.847
308.835
308.822
308.806
308.79
308.775
308.764
308.759
308.764
308.779
308.806
308.847
308.901
308.971
309.052
309.138
309.217
309.282
309.317
309.309
309.252
309.115
308.87
308.493
307.967
307.291
306.49
305.629
304.703
304.617
304.488
304.366
304.26
304.166
304.083
304.009
303.942
303.881
303.824
303.771
303.721
303.673
303.628
303.584
303.542
303.501
303.461
303.422
303.383
303.346
303.308
303.272
303.235
303.199
303.164
303.128
303.093
303.058
303.023
302.987
302.948
302.777
310.726
310.208
309.765
309.414
309.155
308.97
308.842
308.756
308.706
308.688
308.694
308.717
308.751
308.791
308.831
308.869
308.901
308.928
308.949
308.963
308.97
308.971
308.967
308.957
308.945
308.931
308.915
308.9
308.888
308.881
308.882
308.892
308.914
308.949
308.997
309.058
309.132
309.208
309.28
309.339
309.369
309.36
309.301
309.164
308.921
308.55
308.028
307.355
306.557
305.672
304.742
304.621
304.496
304.379
304.274
304.18
304.097
304.021
303.953
303.891
303.833
303.779
303.729
303.68
303.635
303.59
303.548
303.506
303.466
303.427
303.388
303.35
303.312
303.275
303.238
303.202
303.166
303.13
303.094
303.059
303.023
302.986
302.951
302.919
310.747
310.267
309.852
309.517
309.263
309.077
308.943
308.85
308.796
308.776
308.781
308.804
308.839
308.88
308.922
308.962
308.997
309.028
309.053
309.071
309.082
309.087
309.086
309.08
309.07
309.057
309.042
309.027
309.014
309.006
309.004
309.01
309.026
309.054
309.095
309.149
309.213
309.28
309.344
309.394
309.418
309.404
309.339
309.196
308.948
308.571
308.043
307.359
306.551
305.671
304.755
304.623
304.498
304.383
304.28
304.187
304.103
304.028
303.96
303.897
303.84
303.785
303.735
303.686
303.64
303.596
303.553
303.511
303.471
303.431
303.392
303.353
303.316
303.278
303.241
303.204
303.168
303.132
303.095
303.059
303.023
302.985
302.95
302.925
310.767
310.325
309.936
309.617
309.367
309.178
309.038
308.943
308.888
308.866
308.869
308.891
308.924
308.965
309.008
309.05
309.088
309.123
309.152
309.175
309.191
309.2
309.203
309.2
309.194
309.184
309.171
309.157
309.144
309.135
309.13
309.132
309.143
309.165
309.198
309.244
309.298
309.355
309.41
309.451
309.465
309.443
309.368
309.213
308.953
308.563
308.031
307.35
306.547
305.664
304.746
304.612
304.488
304.376
304.275
304.185
304.103
304.029
303.962
303.9
303.843
303.789
303.738
303.69
303.644
303.6
303.557
303.515
303.474
303.434
303.395
303.357
303.318
303.281
303.243
303.206
303.169
303.133
303.096
303.06
303.023
302.986
302.951
302.928
310.786
310.376
310.013
309.709
309.466
309.279
309.14
309.045
308.988
308.963
308.963
308.98
309.011
309.049
309.091
309.134
309.175
309.212
309.246
309.272
309.293
309.307
309.316
309.318
309.316
309.309
309.3
309.288
309.276
309.266
309.259
309.259
309.266
309.282
309.308
309.345
309.387
309.433
309.476
309.507
309.508
309.476
309.384
309.209
308.924
308.513
307.971
307.307
306.522
305.632
304.712
304.581
304.463
304.357
304.261
304.174
304.096
304.025
303.96
303.899
303.843
303.79
303.74
303.693
303.647
303.603
303.56
303.518
303.478
303.438
303.398
303.359
303.321
303.283
303.245
303.208
303.171
303.134
303.097
303.06
303.024
302.988
302.955
302.933
310.804
310.427
310.087
309.798
309.566
309.387
309.253
309.159
309.098
309.069
309.064
309.077
309.102
309.136
309.176
309.217
309.258
309.298
309.334
309.364
309.389
309.408
309.421
309.429
309.432
309.43
309.425
309.416
309.407
309.398
309.391
309.388
309.393
309.404
309.423
309.451
309.481
309.514
309.544
309.56
309.55
309.5
309.39
309.19
308.871
308.416
307.82
307.101
306.319
305.495
304.636
304.527
304.422
304.325
304.236
304.155
304.082
304.015
303.953
303.895
303.841
303.789
303.741
303.694
303.649
303.605
303.562
303.521
303.48
303.44
303.401
303.362
303.323
303.285
303.247
303.209
303.172
303.134
303.097
303.06
303.024
302.989
302.959
302.94
310.822
310.477
310.165
309.899
309.683
309.512
309.381
309.285
309.221
309.189
309.178
309.184
309.203
309.23
309.264
309.303
309.342
309.381
309.418
309.449
309.477
309.499
309.517
309.531
309.539
309.543
309.543
309.539
309.533
309.527
309.521
309.517
309.521
309.527
309.539
309.558
309.577
309.596
309.61
309.609
309.584
309.513
309.375
309.139
308.776
308.264
307.631
306.922
306.17
305.379
304.549
304.459
304.367
304.281
304.201
304.129
304.062
304
303.942
303.887
303.836
303.786
303.739
303.693
303.649
303.606
303.564
303.523
303.482
303.442
303.402
303.363
303.325
303.286
303.248
303.21
303.172
303.134
303.097
303.06
303.024
302.99
302.962
302.945
310.839
310.531
310.252
310.008
309.807
309.644
309.519
309.425
309.361
309.326
309.308
309.307
309.316
309.336
309.362
309.394
309.428
309.465
309.499
309.531
309.558
309.583
309.604
309.621
309.634
309.644
309.65
309.652
309.65
309.648
309.644
309.641
309.642
309.644
309.649
309.659
309.667
309.672
309.669
309.652
309.604
309.509
309.337
309.06
308.655
308.119
307.466
306.745
305.995
305.24
304.465
304.382
304.3
304.226
304.158
304.094
304.035
303.98
303.927
303.877
303.828
303.781
303.736
303.692
303.648
303.606
303.565
303.524
303.483
303.443
303.404
303.365
303.326
303.287
303.249
303.21
303.172
303.134
303.095
303.058
303.021
302.988
302.961
302.945
310.859
310.585
310.337
310.118
309.939
309.788
309.672
309.581
309.518
309.479
309.455
309.444
309.446
309.455
309.472
309.495
309.522
309.553
309.583
309.611
309.637
309.66
309.681
309.7
309.716
309.731
309.742
309.75
309.754
309.756
309.756
309.754
309.754
309.752
309.751
309.749
309.747
309.737
309.717
309.679
309.608
309.482
309.274
308.953
308.506
307.95
307.306
306.604
305.867
305.123
304.376
304.291
304.221
304.161
304.106
304.054
304.005
303.957
303.91
303.864
303.819
303.775
303.732
303.689
303.647
303.606
303.565
303.524
303.484
303.444
303.405
303.366
303.327
303.288
303.249
303.21
303.171
303.132
303.093
303.054
303.017
302.982
302.954
302.938
310.878
310.641
310.429
310.236
310.077
309.939
309.835
309.751
309.689
309.646
309.615
309.596
309.587
309.588
309.594
309.607
309.624
309.648
309.671
309.693
309.714
309.733
309.752
309.77
309.788
309.804
309.82
309.832
309.842
309.849
309.852
309.852
309.851
309.845
309.837
309.826
309.81
309.784
309.747
309.687
309.587
309.422
309.167
308.803
308.322
307.752
307.116
306.439
305.735
305.005
304.251
304.179
304.128
304.087
304.048
304.01
303.971
303.931
303.891
303.85
303.809
303.768
303.726
303.685
303.645
303.604
303.564
303.524
303.484
303.445
303.405
303.366
303.327
303.288
303.249
303.209
303.17
303.13
303.089
303.049
303.009
302.973
302.943
302.926
310.9
310.703
310.524
310.355
310.218
310.098
310.006
309.926
309.865
309.818
309.779
309.75
309.733
309.724
309.72
309.723
309.732
309.746
309.761
309.776
309.79
309.804
309.818
309.834
309.85
309.866
309.883
309.899
309.914
309.926
309.933
309.934
309.932
309.922
309.905
309.882
309.851
309.809
309.753
309.668
309.535
309.331
309.036
308.642
308.155
307.598
306.991
306.346
305.664
304.922
304.02
304.04
304.022
304.005
303.986
303.964
303.936
303.905
303.871
303.836
303.798
303.76
303.721
303.681
303.642
303.602
303.563
303.523
303.484
303.444
303.405
303.366
303.326
303.287
303.248
303.208
303.167
303.126
303.084
303.041
302.999
302.959
302.926
302.907
310.923
310.763
310.612
310.47
310.351
310.249
310.164
310.09
310.029
309.976
309.928
309.889
309.863
309.847
309.837
309.834
309.837
309.843
309.849
309.855
309.862
309.87
309.88
309.891
309.905
309.919
309.935
309.952
309.969
309.986
309.998
310
309.995
309.978
309.949
309.91
309.865
309.808
309.73
309.616
309.447
309.208
308.887
308.482
308.007
307.476
306.905
306.297
305.65
304.961
304.264
303.933
303.911
303.921
303.925
303.918
303.903
303.88
303.852
303.821
303.787
303.752
303.715
303.677
303.639
303.6
303.561
303.522
303.482
303.443
303.404
303.365
303.325
303.286
303.246
303.206
303.165
303.122
303.078
303.032
302.985
302.939
302.901
302.877
310.934
310.799
310.67
310.552
310.453
310.365
310.288
310.219
310.155
310.096
310.038
309.99
309.956
309.938
309.927
309.925
309.929
309.932
309.93
309.925
309.924
309.926
309.932
309.941
309.954
309.967
309.979
309.992
310.009
310.029
310.047
310.05
310.038
310.007
309.963
309.91
309.851
309.775
309.673
309.533
309.336
309.077
308.753
308.361
307.912
307.411
306.865
306.278
305.653
304.987
304.305
303.544
303.765
303.839
303.87
303.879
303.873
303.858
303.835
303.808
303.777
303.743
303.708
303.672
303.635
303.597
303.558
303.519
303.48
303.441
303.402
303.362
303.323
303.284
303.244
303.204
303.162
303.118
303.071
303.021
302.968
302.914
302.865
302.83
310.931
310.791
310.651
310.548
310.504
310.438
310.359
310.293
310.223
310.159
310.101
310.057
310.018
310
309.98
309.98
310.003
310.009
309.994
309.967
309.95
309.948
309.956
309.974
310
310.019
310.022
310.027
310.036
310.057
310.083
310.086
310.061
310.008
309.942
309.871
309.805
309.717
309.601
309.452
309.248
308.999
308.696
308.313
307.879
307.389
306.857
306.28
305.66
305.017
304.403
303.867
303.745
303.789
303.83
303.849
303.85
303.839
303.82
303.795
303.766
303.735
303.701
303.666
303.63
303.593
303.555
303.516
303.477
303.438
303.399
303.359
303.32
303.28
303.241
303.2
303.158
303.113
303.064
303.01
302.95
302.886
302.816
302.746
310.89
310.73
310.502
310.384
310.565
310.537
310.413
310.329
310.218
310.194
310.18
310.185
310.137
310.108
309.987
309.922
309.983
310.017
309.978
309.91
309.882
309.903
309.943
310.012
310.078
310.093
310.082
310.089
310.059
310.062
310.073
310.077
310.062
310.015
309.943
309.848
309.768
309.692
309.583
309.499
309.316
308.965
308.612
308.225
307.828
307.407
306.938
306.407
305.782
305.156
304.549
304.002
303.594
303.735
303.802
303.831
303.837
303.827
303.807
303.782
303.755
303.725
303.693
303.659
303.624
303.588
303.552
303.514
303.475
303.434
303.395
303.355
303.315
303.275
303.235
303.195
303.153
303.108
303.058
303.001
302.937
302.861
302.757
302.581
310.877
310.732
310.579
310.507
310.497
310.43
310.35
310.3
310.207
310.147
310.111
310.1
310.079
310.094
310.049
310.056
310.075
310.016
309.973
309.934
309.927
309.956
310.006
310.052
310.078
310.084
310.074
310.103
310.117
310.075
310.054
310.06
310.102
310.008
309.928
309.828
309.75
309.624
309.489
309.362
309.176
308.927
308.549
308.14
307.781
307.368
306.909
306.353
305.761
305.191
304.623
304.108
303.812
303.772
303.801
303.822
303.836
303.829
303.799
303.767
303.737
303.71
303.679
303.642
303.603
303.571
303.546
303.516
303.478
303.435
303.392
303.349
303.308
303.264
303.219
303.181
303.142
303.101
303.046
302.994
302.929
302.859
302.745
302.647
310.905
310.762
310.628
310.544
310.479
310.405
310.34
310.293
310.213
310.129
310.082
310.064
310.06
310.074
310.067
310.079
310.093
310.065
310.029
309.995
309.98
309.982
310.002
310.031
310.057
310.072
310.072
310.093
310.118
310.118
310.107
310.081
310.062
309.996
309.936
309.835
309.729
309.601
309.458
309.303
309.1
308.864
308.541
308.158
307.749
307.304
306.811
306.261
305.691
305.124
304.589
304.138
303.878
303.821
303.819
303.829
303.833
303.819
303.79
303.761
303.734
303.706
303.675
303.64
303.602
303.571
303.546
303.514
303.476
303.436
303.395
303.349
303.308
303.263
303.217
303.181
303.146
303.103
303.046
302.994
302.925
302.846
302.746
302.664
310.933
310.805
310.681
310.579
310.491
310.411
310.344
310.286
310.212
310.137
310.092
310.074
310.07
310.073
310.072
310.077
310.08
310.069
310.054
310.04
310.033
310.031
310.036
310.049
310.066
310.083
310.095
310.109
310.122
310.124
310.113
310.089
310.051
310.006
309.954
309.878
309.784
309.678
309.543
309.374
309.17
308.935
308.65
308.308
307.911
307.458
306.954
306.412
305.857
305.321
304.822
304.392
304.092
303.93
303.864
303.842
303.83
303.814
303.793
303.769
303.743
303.714
303.683
303.651
303.618
303.585
303.551
303.515
303.476
303.435
303.395
303.353
303.312
303.269
303.228
303.188
303.149
303.103
303.049
302.989
302.917
302.835
302.746
302.681
310.921
310.787
310.681
310.595
310.52
310.454
310.393
310.337
310.276
310.21
310.155
310.119
310.101
310.092
310.086
310.081
310.078
310.073
310.065
310.058
310.053
310.051
310.052
310.057
310.067
310.079
310.092
310.105
310.117
310.124
310.12
310.105
310.076
310.037
309.988
309.923
309.839
309.728
309.549
309.319
309.083
308.818
308.508
308.137
307.702
307.175
306.59
305.996
305.417
304.919
304.504
304.187
303.991
303.892
303.85
303.83
303.813
303.794
303.772
303.747
303.72
303.69
303.659
303.626
303.593
303.557
303.52
303.483
303.445
303.407
303.369
303.331
303.293
303.255
303.218
303.179
303.138
303.092
303.04
302.98
302.912
302.834
302.75
302.692
310.926
310.794
310.692
310.609
310.536
310.469
310.409
310.353
310.294
310.232
310.179
310.142
310.12
310.107
310.098
310.091
310.086
310.08
310.075
310.07
310.067
310.067
310.069
310.07
310.08
310.089
310.099
310.109
310.118
310.119
310.113
310.097
310.07
310.031
309.985
309.932
309.859
309.747
309.559
309.313
309.028
308.719
308.368
307.968
307.537
307.003
306.401
305.813
305.3
304.878
304.517
304.229
304.035
303.925
303.87
303.839
303.817
303.795
303.772
303.746
303.718
303.688
303.656
303.624
303.59
303.555
303.519
303.482
303.444
303.407
303.369
303.331
303.293
303.255
303.218
303.179
303.138
303.092
303.04
302.98
302.913
302.836
302.757
302.702
310.939
310.838
310.764
310.697
310.631
310.564
310.499
310.437
310.379
310.326
310.278
310.237
310.205
310.181
310.162
310.15
310.139
310.129
310.121
310.116
310.114
310.115
310.118
310.119
310.123
310.125
310.123
310.12
310.113
310.1
310.08
310.055
310.023
309.979
309.932
309.89
309.84
309.759
309.591
309.308
308.838
308.342
307.876
307.424
307.017
306.621
306.201
305.808
305.444
305.07
304.719
304.425
304.206
304.06
303.966
303.902
303.858
303.827
303.798
303.768
303.737
303.706
303.673
303.639
303.603
303.566
303.53
303.493
303.456
303.418
303.379
303.34
303.302
303.264
303.226
303.186
303.144
303.098
303.048
302.992
302.93
302.865
302.804
302.76
310.951
310.871
310.806
310.743
310.68
310.615
310.552
310.491
310.435
310.385
310.339
310.296
310.261
310.233
310.212
310.194
310.179
310.165
310.155
310.148
310.145
310.144
310.145
310.144
310.143
310.139
310.132
310.121
310.105
310.085
310.059
310.029
309.993
309.95
309.904
309.859
309.814
309.756
309.622
309.325
308.771
308.145
307.63
307.222
306.89
306.582
306.254
305.916
305.545
305.167
304.822
304.532
304.307
304.145
304.031
303.95
303.892
303.85
303.814
303.78
303.746
303.713
303.68
303.646
303.611
303.575
303.539
303.502
303.464
303.426
303.387
303.347
303.309
303.27
303.231
303.19
303.148
303.104
303.056
303.002
302.945
302.887
302.837
302.8
310.959
310.888
310.824
310.762
310.698
310.635
310.573
310.514
310.459
310.409
310.364
310.322
310.287
310.259
310.235
310.216
310.198
310.183
310.172
310.164
310.159
310.157
310.156
310.154
310.151
310.144
310.134
310.119
310.101
310.077
310.049
310.017
309.979
309.937
309.892
309.846
309.799
309.743
309.625
309.344
308.771
308.099
307.59
307.227
306.939
306.649
306.316
305.954
305.576
305.203
304.865
304.578
304.351
304.182
304.06
303.972
303.909
303.86
303.82
303.784
303.75
303.716
303.683
303.649
303.615
303.579
303.543
303.505
303.467
303.429
303.39
303.351
303.312
303.273
303.233
303.193
303.151
303.106
303.059
303.007
302.952
302.898
302.851
302.82
)
;

boundaryField
{
    hot
    {
        type            fixedValue;
        value           uniform 311;
    }
    hotTop
    {
        type            fixedValue;
        value           uniform 311;
    }
    cold
    {
        type            inletOutlet;
        inletValue      uniform 301.3;
        value           nonuniform List<scalar> 
64
(
302.784
302.913
302.926
302.926
302.925
302.924
302.923
302.92
302.92
302.922
302.921
302.91
302.892
302.915
302.931
302.93
302.911
302.876
302.905
302.922
302.926
302.927
302.928
302.929
302.931
302.932
302.935
302.937
302.939
302.94
302.94
302.939
302.935
302.914
302.871
302.902
302.912
302.921
302.922
302.907
302.889
302.923
302.94
302.937
302.929
302.936
302.942
302.931
301.3
302.919
302.925
302.928
302.933
302.94
302.945
302.945
302.938
302.926
302.907
302.877
302.83
302.746
302.581
302.647
)
;
    }
    coldTop
    {
        type            zeroGradient;
    }
    top
    {
        type            zeroGradient;
    }
    btm
    {
        type            zeroGradient;
    }
    frontAndBack
    {
        type            empty;
    }
}


// ************************************************************************* //
