/*--------------------------------*- C++ -*----------------------------------*\
  =========                 |
  \\      /  F ield         | OpenFOAM: The Open Source CFD Toolbox
   \\    /   O peration     | Website:  https://openfoam.org
    \\  /    A nd           | Version:  6
     \\/     M anipulation  |
\*---------------------------------------------------------------------------*/
FoamFile
{
    version     2.0;
    format      ascii;
    class       volVectorField;
    location    "2800";
    object      S_Marg;
}
// * * * * * * * * * * * * * * * * * * * * * * * * * * * * * * * * * * * * * //

dimensions      [1 -2 -2 0 0 0 0];

internalField   nonuniform List<vector> 
4800
(
(0 -0 0)
(1.63405e-15 -0 1.37148e-17)
(0 -0 0)
(0 -0 0)
(0 -0 0)
(0 -0 0)
(0 -0 0)
(0 -0 0)
(0 -0 0)
(0 -0 0)
(0 -0 0)
(0 -0 0)
(0 -0 0)
(0 -0 -0)
(7.81007e-16 -0 -6.95754e-18)
(0 -0 -0)
(0 -0 -0)
(5.80142e-16 -0 -1.96475e-17)
(0 -0 -0)
(0 -0 -0)
(4.68282e-16 -0 -2.53735e-17)
(0 -0 -0)
(0 -0 -0)
(0 -0 -0)
(0 -0 -0)
(0 -0 -0)
(0 -0 -0)
(0 -0 -0)
(4.59879e-16 -0 -1.22244e-17)
(0 -0 -0)
(0 -0 -0)
(0 -0 -0)
(0 -0 -0)
(0 -0 0)
(5.5958e-16 -0 3.46785e-18)
(0 -0 0)
(0 -0 0)
(0 -0 0)
(0 -0 0)
(0 -0 0)
(5.89224e-16 -0 2.24722e-17)
(0 -0 0)
(0 -0 0)
(0 -0 0)
(0 -0 0)
(0 -0 0)
(0 -0 0)
(0 -0 0)
(0 -0 0)
(0 -0 0)
(0 -0 0)
(0 -0 0)
(0 -0 0)
(0 -0 0)
(0 -0 0)
(0 -0 0)
(0 -0 0)
(0 -0 0)
(0 -0 0)
(0 -0 0)
(0 -0 0)
(0 -0 0)
(0 -0 0)
(0 -0 0)
(0 -0 0)
(0 -0 0)
(0 -0 0)
(0 -0 0)
(0 -0 0)
(0 -0 0)
(0 -0 0)
(0 -0 0)
(0 -0 0)
(0 -0 0)
(0 -0 0)
(0 -0 0)
(0 -0 0)
(0 -0 0)
(0 -0 0)
(4.20406 -0 0.036262)
(5.92084 -0 0.0157999)
(0.00213223 -0 1.62858e-05)
(0.00166994 -0 1.46721e-05)
(0.00123255 -0 1.07082e-05)
(0.000823617 -0 6.79544e-06)
(0.000441544 -0 3.42064e-06)
(8.3524e-05 -0 6.05773e-07)
(0 -0 0)
(0 -0 0)
(0 -0 0)
(0 -0 0)
(0 -0 0)
(0 -0 0)
(0 -0 0)
(0 -0 0)
(0 -0 0)
(0 -0 0)
(0 -0 0)
(0 -0 0)
(0 -0 0)
(0 -0 0)
(0 -0 0)
(0 -0 0)
(0 -0 0)
(0 -0 0)
(0 -0 0)
(0 -0 0)
(0 -0 0)
(0 -0 0)
(0 -0 0)
(0 -0 0)
(0 -0 0)
(0 -0 0)
(0 -0 0)
(0 -0 0)
(0 -0 0)
(0 -0 0)
(0 -0 0)
(0 -0 0)
(0 -0 0)
(1.65272e-15 -0 1.1824e-17)
(0 -0 0)
(0 -0 0)
(0 -0 0)
(0 -0 0)
(0 -0 0)
(0 -0 0)
(0 -0 0)
(0 -0 0)
(0 -0 0)
(0 -0 0)
(0 -0 0)
(0 -0 0)
(0 -0 -0)
(0 -0 -0)
(0 -0 -0)
(0 -0 -0)
(0 -0 -0)
(0 -0 -0)
(0 -0 -0)
(0 -0 -0)
(0 -0 -0)
(0 -0 -0)
(0 -0 -0)
(0 -0 -0)
(0 -0 -0)
(0 -0 -0)
(0 -0 -0)
(0 -0 -0)
(0 -0 -0)
(0 -0 -0)
(0 -0 -0)
(0 -0 -0)
(0 -0 0)
(0 -0 0)
(0 -0 0)
(0 -0 0)
(0 -0 0)
(0 -0 0)
(0 -0 0)
(0 -0 0)
(0 -0 0)
(0 -0 0)
(0 -0 0)
(0 -0 0)
(0 -0 0)
(0 -0 0)
(0 -0 0)
(0 -0 0)
(0 -0 0)
(0 -0 0)
(0 -0 0)
(0 -0 0)
(0 -0 0)
(0 -0 0)
(0 -0 0)
(0 -0 0)
(0 -0 0)
(0 -0 0)
(0 -0 0)
(0 -0 0)
(0 -0 0)
(0 -0 0)
(0 -0 0)
(0 -0 0)
(0 -0 0)
(0 -0 0)
(0 -0 0)
(0 -0 0)
(0 -0 0)
(0 -0 0)
(0 -0 0)
(0 -0 0)
(0 -0 0)
(0 -0 0)
(0 -0 0)
(0 -0 0)
(0 -0 0)
(0 -0 0)
(0.0364786 -0 0.000996988)
(5.94784 -0 0.155172)
(4.15147 -0 0.116835)
(0 -0 0)
(0 -0 0)
(0 -0 0)
(0 -0 0)
(0 -0 0)
(0 -0 0)
(0 -0 0)
(0 -0 0)
(0 -0 0)
(0 -0 0)
(0 -0 0)
(0 -0 0)
(0 -0 0)
(0 -0 0)
(0 -0 0)
(0 -0 0)
(0 -0 0)
(0 -0 0)
(0 -0 0)
(0 -0 0)
(0 -0 0)
(0 -0 0)
(0 -0 0)
(0 -0 0)
(0 -0 0)
(0 -0 0)
(0 -0 0)
(0 -0 0)
(0 -0 0)
(0 -0 0)
(0 -0 0)
(0 -0 0)
(0 -0 0)
(0 -0 0)
(0 -0 0)
(0 -0 0)
(0 -0 0)
(0 -0 0)
(0 -0 0)
(0 -0 0)
(0 -0 0)
(0 -0 0)
(0 -0 0)
(0 -0 0)
(0 -0 0)
(0 -0 0)
(0 -0 0)
(0 -0 0)
(0 -0 0)
(0 -0 0)
(0 -0 -0)
(0 -0 -0)
(0 -0 -0)
(0 -0 -0)
(0 -0 -0)
(0 -0 -0)
(0 -0 -0)
(0 -0 -0)
(0 -0 -0)
(0 -0 -0)
(0 -0 -0)
(0 -0 -0)
(0 -0 -0)
(0 -0 -0)
(0 -0 -0)
(0 -0 -0)
(0 -0 -0)
(0 -0 -0)
(0 -0 -0)
(0 -0 -0)
(0 -0 -0)
(0 -0 0)
(0 -0 0)
(0 -0 0)
(0 -0 0)
(0 -0 0)
(0 -0 0)
(0 -0 0)
(0 -0 0)
(0 -0 0)
(0 -0 0)
(0 -0 0)
(0 -0 0)
(0 -0 0)
(0 -0 0)
(0 -0 0)
(0 -0 0)
(0 -0 0)
(0 -0 0)
(0 -0 0)
(0 -0 0)
(0 -0 0)
(0 -0 0)
(0 -0 0)
(0 -0 0)
(0 -0 0)
(0 -0 0)
(0 -0 0)
(0 -0 0)
(0 -0 0)
(0 -0 0)
(0 -0 0)
(0 -0 0)
(0 -0 0)
(0 -0 0)
(0 -0 0)
(0 -0 0)
(0 -0 0)
(0 -0 0)
(0 -0 0)
(0 -0 0)
(0 -0 0)
(0 -0 0)
(0 -0 0)
(0 -0 0)
(0 -0 0)
(0 -0 0)
(0 -0 0)
(4.21421 -0 0.241637)
(4.16727 -0 0.216363)
(0 -0 0)
(0 -0 0)
(0 -0 0)
(0 -0 0)
(0 -0 0)
(0 -0 0)
(0 -0 0)
(0 -0 0)
(0 -0 0)
(0 -0 0)
(0 -0 0)
(0 -0 0)
(0 -0 0)
(0 -0 0)
(0 -0 0)
(0 -0 0)
(0 -0 0)
(0 -0 0)
(0 -0 0)
(0 -0 0)
(0 -0 0)
(0 -0 0)
(0 -0 0)
(0 -0 0)
(0 -0 0)
(0 -0 0)
(0 -0 0)
(0 -0 0)
(0 -0 0)
(0 -0 0)
(0 -0 0)
(0 -0 0)
(0 -0 0)
(0 -0 0)
(0 -0 0)
(0 -0 0)
(0 -0 0)
(0 -0 0)
(0 -0 0)
(0 -0 0)
(0 -0 0)
(0 -0 0)
(0 -0 0)
(0 -0 0)
(0 -0 0)
(0 -0 0)
(0 -0 0)
(0 -0 0)
(0 -0 -0)
(0 -0 -0)
(0 -0 -0)
(0 -0 -0)
(0 -0 -0)
(0 -0 -0)
(0 -0 -0)
(0 -0 -0)
(0 -0 -0)
(0 -0 -0)
(0 -0 -0)
(0 -0 -0)
(0 -0 -0)
(0 -0 -0)
(0 -0 -0)
(0 -0 -0)
(0 -0 -0)
(0 -0 -0)
(0 -0 -0)
(0 -0 -0)
(0 -0 -0)
(0 -0 -0)
(0 -0 0)
(0 -0 0)
(0 -0 0)
(0 -0 0)
(0 -0 0)
(0 -0 0)
(0 -0 0)
(0 -0 0)
(0 -0 0)
(0 -0 0)
(0 -0 0)
(0 -0 0)
(0 -0 0)
(0 -0 0)
(0 -0 0)
(0 -0 0)
(0 -0 0)
(0 -0 0)
(0 -0 0)
(0 -0 0)
(0 -0 0)
(0 -0 0)
(0 -0 0)
(0 -0 0)
(0 -0 0)
(0 -0 0)
(0 -0 0)
(0 -0 0)
(0 -0 0)
(0 -0 0)
(0 -0 0)
(0 -0 0)
(0 -0 0)
(0 -0 0)
(0 -0 0)
(0 -0 0)
(0 -0 0)
(0 -0 0)
(0 -0 0)
(0 -0 0)
(0 -0 0)
(0 -0 0)
(0 -0 0)
(0 -0 0)
(0 -0 0)
(0 -0 0)
(0 -0 0)
(0 -0 0)
(4.19896 -0 0.338501)
(4.14137 -0 0.302416)
(0 -0 0)
(0 -0 0)
(0 -0 0)
(0 -0 0)
(0 -0 0)
(0 -0 0)
(0 -0 0)
(0 -0 0)
(0 -0 0)
(0 -0 0)
(0 -0 0)
(0 -0 0)
(0 -0 0)
(0 -0 0)
(0 -0 0)
(0 -0 0)
(0 -0 0)
(0 -0 0)
(0 -0 0)
(0 -0 0)
(0 -0 0)
(0 -0 0)
(0 -0 0)
(0 -0 0)
(0 -0 0)
(0 -0 0)
(0 -0 0)
(0 -0 0)
(0 -0 0)
(0 -0 0)
(0 -0 0)
(0 -0 0)
(0 -0 0)
(0 -0 0)
(0 -0 0)
(0 -0 0)
(0 -0 0)
(0 -0 0)
(0 -0 0)
(0 -0 0)
(0 -0 0)
(0 -0 0)
(0 -0 0)
(0 -0 0)
(0 -0 0)
(0 -0 0)
(0 -0 0)
(0 -0 -0)
(0 -0 -0)
(0 -0 -0)
(0 -0 -0)
(0 -0 -0)
(0 -0 -0)
(0 -0 -0)
(0 -0 -0)
(0 -0 -0)
(0 -0 -0)
(0 -0 -0)
(0 -0 -0)
(0 -0 -0)
(0 -0 -0)
(0 -0 -0)
(0 -0 -0)
(0 -0 -0)
(0 -0 -0)
(0 -0 -0)
(0 -0 -0)
(0 -0 -0)
(0 -0 -0)
(0 -0 -0)
(0 -0 0)
(0 -0 0)
(0 -0 0)
(0 -0 0)
(0 -0 0)
(0 -0 0)
(0 -0 0)
(0 -0 0)
(0 -0 0)
(0 -0 0)
(0 -0 0)
(0 -0 0)
(0 -0 0)
(0 -0 0)
(0 -0 0)
(0 -0 0)
(0 -0 0)
(0 -0 0)
(0 -0 0)
(0 -0 0)
(0 -0 0)
(0 -0 0)
(0 -0 0)
(0 -0 0)
(0 -0 0)
(0 -0 0)
(0 -0 0)
(0 -0 0)
(0 -0 0)
(0 -0 0)
(0 -0 0)
(0 -0 0)
(0 -0 0)
(0 -0 0)
(0 -0 0)
(0 -0 0)
(0 -0 0)
(0 -0 0)
(0 -0 0)
(0 -0 0)
(0 -0 0)
(0 -0 0)
(0 -0 0)
(0 -0 0)
(0 -0 0)
(0 -0 0)
(0 -0 0)
(0 -0 0)
(4.1468 -0 0.425299)
(4.10048 -0 0.379921)
(0 -0 0)
(0 -0 0)
(0 -0 0)
(0 -0 0)
(0 -0 0)
(0 -0 0)
(0 -0 0)
(0 -0 0)
(0 -0 0)
(0 -0 0)
(0 -0 0)
(0 -0 0)
(0 -0 0)
(0 -0 0)
(0 -0 0)
(0 -0 0)
(0 -0 0)
(0 -0 0)
(0 -0 0)
(0 -0 0)
(0 -0 0)
(0 -0 0)
(0 -0 0)
(0 -0 0)
(0 -0 0)
(0 -0 0)
(0 -0 0)
(0 -0 0)
(0 -0 0)
(0 -0 0)
(0 -0 0)
(0 -0 0)
(0 -0 0)
(0 -0 0)
(0 -0 0)
(0 -0 0)
(0 -0 0)
(0 -0 0)
(0 -0 0)
(0 -0 0)
(0 -0 0)
(0 -0 0)
(0 -0 0)
(0 -0 0)
(0 -0 0)
(0 -0 -0)
(0 -0 -0)
(0 -0 -0)
(0 -0 -0)
(0 -0 -0)
(0 -0 -0)
(0 -0 -0)
(0 -0 -0)
(0 -0 -0)
(0 -0 -0)
(0 -0 -0)
(0 -0 -0)
(0 -0 -0)
(0 -0 -0)
(0 -0 -0)
(0 -0 -0)
(0 -0 -0)
(0 -0 -0)
(0 -0 -0)
(0 -0 -0)
(0 -0 -0)
(0 -0 -0)
(0 -0 -0)
(0 -0 -0)
(0 -0 0)
(0 -0 0)
(0 -0 0)
(0 -0 0)
(0 -0 0)
(0 -0 0)
(0 -0 0)
(0 -0 0)
(0 -0 0)
(0 -0 0)
(0 -0 0)
(0 -0 0)
(0 -0 0)
(0 -0 0)
(0 -0 0)
(0 -0 0)
(0 -0 0)
(0 -0 0)
(0 -0 0)
(0 -0 0)
(0 -0 0)
(0 -0 0)
(0 -0 0)
(0 -0 0)
(0 -0 0)
(0 -0 0)
(0 -0 0)
(0 -0 0)
(0 -0 0)
(0 -0 0)
(0 -0 0)
(0 -0 0)
(0 -0 0)
(0 -0 0)
(0 -0 0)
(0 -0 0)
(0 -0 0)
(0 -0 0)
(0 -0 0)
(0 -0 0)
(0 -0 0)
(0 -0 0)
(0 -0 0)
(0 -0 0)
(0 -0 0)
(0 -0 0)
(0 -0 0)
(0 -0 0)
(0 -0 0)
(4.09563 -0 0.489813)
(4.05926 -0 0.448662)
(0 -0 0)
(0 -0 0)
(0 -0 0)
(0 -0 0)
(0 -0 0)
(0 -0 0)
(0 -0 0)
(0 -0 0)
(0 -0 0)
(0 -0 0)
(0 -0 0)
(0 -0 0)
(0 -0 0)
(0 -0 0)
(0 -0 0)
(0 -0 0)
(0 -0 0)
(0 -0 0)
(0 -0 0)
(0 -0 0)
(0 -0 0)
(0 -0 0)
(0 -0 0)
(0 -0 0)
(0 -0 0)
(0 -0 0)
(0 -0 0)
(0 -0 0)
(0 -0 0)
(0 -0 0)
(0 -0 0)
(0 -0 0)
(0 -0 0)
(0 -0 0)
(0 -0 0)
(0 -0 0)
(0 -0 0)
(0 -0 0)
(0 -0 0)
(0 -0 0)
(0 -0 0)
(0 -0 0)
(0 -0 0)
(0 -0 -0)
(0 -0 -0)
(0 -0 -0)
(0 -0 -0)
(0 -0 -0)
(0 -0 -0)
(0 -0 -0)
(0 -0 -0)
(0 -0 -0)
(0 -0 -0)
(0 -0 -0)
(0 -0 -0)
(0 -0 -0)
(0 -0 -0)
(0 -0 -0)
(0 -0 -0)
(0 -0 -0)
(0 -0 -0)
(0 -0 -0)
(0 -0 -0)
(0 -0 -0)
(0 -0 -0)
(0 -0 -0)
(0 -0 -0)
(0 -0 -0)
(0 -0 0)
(0 -0 0)
(0 -0 0)
(0 -0 0)
(0 -0 0)
(0 -0 0)
(0 -0 0)
(0 -0 0)
(0 -0 0)
(0 -0 0)
(0 -0 0)
(0 -0 0)
(0 -0 0)
(0 -0 0)
(0 -0 0)
(0 -0 0)
(0 -0 0)
(0 -0 0)
(0 -0 0)
(0 -0 0)
(0 -0 0)
(0 -0 0)
(0 -0 0)
(0 -0 0)
(0 -0 0)
(0 -0 0)
(0 -0 0)
(0 -0 0)
(0 -0 0)
(0 -0 0)
(0 -0 0)
(0 -0 0)
(0 -0 0)
(0 -0 0)
(0 -0 0)
(0 -0 0)
(0 -0 0)
(0 -0 0)
(0 -0 0)
(0 -0 0)
(0 -0 0)
(0 -0 0)
(0 -0 0)
(0 -0 0)
(0 -0 0)
(0 -0 0)
(0 -0 0)
(0 -0 0)
(0 -0 0)
(0 -0 0)
(4.04934 -0 0.56088)
(4.02046 -0 0.516149)
(0 -0 0)
(0 -0 0)
(0 -0 0)
(0 -0 0)
(0 -0 0)
(0 -0 0)
(0 -0 0)
(0 -0 0)
(0 -0 0)
(0 -0 0)
(0 -0 0)
(0 -0 0)
(0 -0 0)
(0 -0 0)
(0 -0 0)
(0 -0 0)
(0 -0 0)
(0 -0 0)
(0 -0 0)
(0 -0 0)
(0 -0 0)
(0 -0 0)
(0 -0 0)
(0 -0 0)
(0 -0 0)
(0 -0 0)
(0 -0 0)
(0 -0 0)
(0 -0 0)
(0 -0 0)
(0 -0 0)
(0 -0 0)
(0 -0 0)
(0 -0 0)
(0 -0 0)
(0 -0 0)
(0 -0 0)
(0 -0 0)
(0 -0 -0)
(0 -0 -0)
(0 -0 -0)
(0 -0 -0)
(0 -0 -0)
(0 -0 -0)
(0 -0 -0)
(0 -0 -0)
(0 -0 -0)
(0 -0 -0)
(0 -0 -0)
(0 -0 -0)
(0 -0 -0)
(0 -0 -0)
(0 -0 -0)
(0 -0 -0)
(0 -0 -0)
(0 -0 -0)
(0 -0 -0)
(0 -0 -0)
(0 -0 -0)
(0 -0 -0)
(0 -0 -0)
(0 -0 -0)
(0 -0 -0)
(0 -0 -0)
(0 -0 -0)
(0 -0 -0)
(0 -0 -0)
(0 -0 0)
(0 -0 0)
(0 -0 0)
(0 -0 0)
(0 -0 0)
(0 -0 0)
(0 -0 0)
(0 -0 0)
(0 -0 0)
(0 -0 0)
(0 -0 0)
(0 -0 0)
(0 -0 0)
(0 -0 0)
(0 -0 0)
(0 -0 0)
(0 -0 0)
(0 -0 0)
(0 -0 0)
(0 -0 0)
(0 -0 0)
(0 -0 0)
(0 -0 0)
(0 -0 0)
(0 -0 0)
(0 -0 0)
(0 -0 0)
(0 -0 0)
(0 -0 0)
(0 -0 0)
(0 -0 0)
(0 -0 0)
(0 -0 0)
(0 -0 0)
(0 -0 0)
(0 -0 0)
(0 -0 0)
(0 -0 0)
(0 -0 0)
(0 -0 0)
(0 -0 0)
(0 -0 0)
(0 -0 0)
(0 -0 0)
(0 -0 0)
(0 -0 0)
(0 -0 0)
(0 -0 0)
(0 -0 0)
(0 -0 0)
(0 -0 0)
(3.98371 -0 0.636542)
(3.9721 -0 0.582549)
(0 -0 0)
(0 -0 0)
(0 -0 0)
(0 -0 0)
(0 -0 0)
(0 -0 0)
(0 -0 0)
(0 -0 0)
(0 -0 0)
(0 -0 0)
(0 -0 0)
(0 -0 0)
(0 -0 0)
(0 -0 0)
(0 -0 0)
(0 -0 0)
(0 -0 0)
(0 -0 0)
(0 -0 0)
(0 -0 0)
(0 -0 0)
(0 -0 0)
(0 -0 0)
(0 -0 0)
(0 -0 0)
(0 -0 0)
(0 -0 0)
(0 -0 0)
(0 -0 0)
(0 -0 0)
(0 -0 0)
(0 -0 0)
(0 -0 0)
(0 -0 0)
(0 -0 0)
(0 -0 0)
(0 -0 0)
(0 -0 0)
(0 -0 -0)
(0 -0 -0)
(0 -0 -0)
(0 -0 -0)
(0 -0 -0)
(0 -0 -0)
(0 -0 -0)
(0 -0 -0)
(0 -0 -0)
(0 -0 -0)
(0 -0 -0)
(0 -0 -0)
(0 -0 -0)
(0 -0 -0)
(0 -0 -0)
(0 -0 -0)
(0 -0 -0)
(0 -0 -0)
(0 -0 -0)
(0 -0 -0)
(0 -0 -0)
(0 -0 -0)
(0 -0 -0)
(0 -0 -0)
(0 -0 -0)
(0 -0 -0)
(0 -0 -0)
(0 -0 -0)
(0 -0 0)
(0 -0 0)
(0 -0 0)
(0 -0 0)
(0 -0 0)
(0 -0 0)
(0 -0 0)
(0 -0 0)
(0 -0 0)
(0 -0 0)
(0 -0 0)
(0 -0 0)
(0 -0 0)
(0 -0 0)
(0 -0 0)
(0 -0 0)
(0 -0 0)
(0 -0 0)
(0 -0 0)
(0 -0 0)
(0 -0 0)
(0 -0 0)
(0 -0 0)
(0 -0 0)
(0 -0 0)
(0 -0 0)
(0 -0 0)
(0 -0 0)
(0 -0 0)
(0 -0 0)
(0 -0 0)
(0 -0 0)
(0 -0 0)
(0 -0 0)
(0 -0 0)
(0 -0 0)
(0 -0 0)
(0 -0 0)
(0 -0 0)
(0 -0 0)
(0 -0 0)
(0 -0 0)
(0 -0 0)
(0 -0 0)
(0 -0 0)
(0 -0 0)
(0 -0 0)
(0 -0 0)
(0 -0 0)
(0 -0 0)
(0 -0 0)
(0 -0 0)
(3.91528 -0 0.695117)
(3.91928 -0 0.643518)
(0 -0 0)
(0 -0 0)
(0 -0 0)
(0 -0 0)
(0 -0 0)
(0 -0 0)
(0 -0 0)
(0 -0 0)
(0 -0 0)
(0 -0 0)
(0 -0 0)
(0 -0 0)
(0 -0 0)
(0 -0 0)
(0 -0 0)
(0 -0 0)
(0 -0 0)
(0 -0 0)
(0 -0 0)
(0 -0 0)
(0 -0 0)
(0 -0 0)
(0 -0 0)
(0 -0 0)
(0 -0 0)
(0 -0 0)
(0 -0 0)
(0 -0 0)
(0 -0 0)
(0 -0 0)
(0 -0 0)
(0 -0 0)
(0 -0 0)
(0 -0 0)
(0 -0 0)
(0 -0 0)
(0 -0 0)
(0 -0 0)
(0 -0 -0)
(0 -0 -0)
(0 -0 -0)
(0 -0 -0)
(0 -0 -0)
(0 -0 -0)
(0 -0 -0)
(0 -0 -0)
(0 -0 -0)
(0 -0 -0)
(0 -0 -0)
(0 -0 -0)
(0 -0 -0)
(0 -0 -0)
(0 -0 -0)
(0 -0 -0)
(0 -0 -0)
(0 -0 -0)
(0 -0 -0)
(0 -0 -0)
(0 -0 -0)
(0 -0 -0)
(0 -0 -0)
(0 -0 -0)
(0 -0 -0)
(0 -0 -0)
(0 -0 -0)
(0 -0 0)
(0 -0 0)
(0 -0 0)
(0 -0 0)
(0 -0 0)
(0 -0 0)
(0 -0 0)
(0 -0 0)
(0 -0 0)
(0 -0 0)
(0 -0 0)
(0 -0 0)
(0 -0 0)
(0 -0 0)
(0 -0 0)
(0 -0 0)
(0 -0 0)
(0 -0 0)
(0 -0 0)
(0 -0 0)
(0 -0 0)
(0 -0 0)
(0 -0 0)
(0 -0 0)
(0 -0 0)
(0 -0 0)
(0 -0 0)
(0 -0 0)
(0 -0 0)
(0 -0 0)
(0 -0 0)
(0 -0 0)
(0 -0 0)
(0 -0 0)
(0 -0 0)
(0 -0 0)
(0 -0 0)
(0 -0 0)
(0 -0 0)
(0 -0 0)
(0 -0 0)
(0 -0 0)
(0 -0 0)
(0 -0 0)
(0 -0 0)
(0 -0 0)
(0 -0 0)
(0 -0 0)
(0 -0 0)
(0 -0 0)
(0 -0 0)
(0 -0 0)
(0 -0 0)
(3.86178 -0 0.757422)
(3.87094 -0 0.703635)
(0 -0 0)
(0 -0 0)
(0 -0 0)
(0 -0 0)
(0 -0 0)
(0 -0 0)
(0 -0 0)
(0 -0 0)
(0 -0 0)
(0 -0 0)
(0 -0 0)
(0 -0 0)
(0 -0 0)
(0 -0 0)
(0 -0 0)
(0 -0 0)
(0 -0 0)
(0 -0 0)
(0 -0 0)
(0 -0 0)
(0 -0 0)
(0 -0 0)
(0 -0 0)
(0 -0 0)
(0 -0 0)
(0 -0 0)
(0 -0 0)
(0 -0 0)
(0 -0 0)
(0 -0 0)
(0 -0 0)
(0 -0 0)
(0 -0 0)
(0 -0 0)
(0 -0 0)
(0 -0 0)
(0 -0 0)
(0 -0 0)
(0 -0 -0)
(0 -0 -0)
(0 -0 -0)
(0 -0 -0)
(0 -0 -0)
(0 -0 -0)
(0 -0 -0)
(0 -0 -0)
(0 -0 -0)
(0 -0 -0)
(0 -0 -0)
(0 -0 -0)
(0 -0 -0)
(0 -0 -0)
(0 -0 -0)
(0 -0 -0)
(0 -0 -0)
(0 -0 -0)
(0 -0 -0)
(0 -0 -0)
(0 -0 -0)
(0 -0 -0)
(0 -0 -0)
(0 -0 -0)
(0 -0 -0)
(0 -0 -0)
(0 -0 -0)
(0 -0 0)
(0 -0 0)
(0 -0 0)
(0 -0 0)
(0 -0 0)
(0 -0 0)
(0 -0 0)
(0 -0 0)
(0 -0 0)
(0 -0 0)
(0 -0 0)
(0 -0 0)
(0 -0 0)
(0 -0 0)
(0 -0 0)
(0 -0 0)
(0 -0 0)
(0 -0 0)
(0 -0 0)
(0 -0 0)
(0 -0 0)
(0 -0 0)
(0 -0 0)
(0 -0 0)
(0 -0 0)
(0 -0 0)
(0 -0 0)
(0 -0 0)
(0 -0 0)
(0 -0 0)
(0 -0 0)
(0 -0 0)
(0 -0 0)
(0 -0 0)
(0 -0 0)
(0 -0 0)
(0 -0 0)
(0 -0 0)
(0 -0 0)
(0 -0 0)
(0 -0 0)
(0 -0 0)
(0 -0 0)
(0 -0 0)
(0 -0 0)
(0 -0 0)
(0 -0 0)
(0 -0 0)
(0 -0 0)
(0 -0 0)
(0 -0 0)
(0 -0 0)
(0 -0 0)
(3.78894 -0 0.827722)
(3.81229 -0 0.763853)
(0 -0 0)
(0 -0 0)
(0 -0 0)
(0 -0 0)
(0 -0 0)
(0 -0 0)
(0 -0 0)
(0 -0 0)
(0 -0 0)
(0 -0 0)
(0 -0 0)
(0 -0 0)
(0 -0 0)
(0 -0 0)
(0 -0 0)
(0 -0 0)
(0 -0 0)
(0 -0 0)
(0 -0 0)
(0 -0 0)
(0 -0 0)
(0 -0 0)
(0 -0 0)
(0 -0 0)
(0 -0 0)
(0 -0 0)
(0 -0 0)
(0 -0 0)
(0 -0 0)
(0 -0 0)
(0 -0 0)
(0 -0 0)
(0 -0 0)
(0 -0 0)
(0 -0 0)
(0 -0 0)
(0 -0 0)
(0 -0 0)
(0 -0 -0)
(0 -0 -0)
(0 -0 -0)
(0 -0 -0)
(0 -0 -0)
(0 -0 -0)
(0 -0 -0)
(0 -0 -0)
(0 -0 -0)
(0 -0 -0)
(0 -0 -0)
(0 -0 -0)
(0 -0 -0)
(0 -0 -0)
(0 -0 -0)
(0 -0 -0)
(0 -0 -0)
(0 -0 -0)
(0 -0 -0)
(0 -0 -0)
(0 -0 -0)
(0 -0 -0)
(0 -0 -0)
(0 -0 -0)
(0 -0 -0)
(0 -0 -0)
(0 -0 0)
(0 -0 0)
(0 -0 0)
(0 -0 0)
(0 -0 0)
(0 -0 0)
(0 -0 0)
(0 -0 0)
(0 -0 0)
(0 -0 0)
(0 -0 0)
(0 -0 0)
(0 -0 0)
(0 -0 0)
(0 -0 0)
(0 -0 0)
(0 -0 0)
(0 -0 0)
(0 -0 0)
(0 -0 0)
(0 -0 0)
(0 -0 0)
(0 -0 0)
(0 -0 0)
(0 -0 0)
(0 -0 0)
(0 -0 0)
(0 -0 0)
(0 -0 0)
(0 -0 0)
(0 -0 0)
(0 -0 0)
(0 -0 0)
(0 -0 0)
(0 -0 0)
(0 -0 0)
(0 -0 0)
(0 -0 0)
(0 -0 0)
(0 -0 0)
(0 -0 0)
(0 -0 0)
(0 -0 0)
(0 -0 0)
(0 -0 0)
(0 -0 0)
(0 -0 0)
(0 -0 0)
(0 -0 0)
(0 -0 0)
(0 -0 0)
(0 -0 0)
(0 -0 0)
(0 -0 0)
(3.7082 -0 0.88996)
(3.74797 -0 0.819718)
(0 -0 0)
(0 -0 0)
(0 -0 0)
(0 -0 0)
(0 -0 0)
(0 -0 0)
(0 -0 0)
(0 -0 0)
(0 -0 0)
(0 -0 0)
(0 -0 0)
(0 -0 0)
(0 -0 0)
(0 -0 0)
(0 -0 0)
(0 -0 0)
(0 -0 0)
(0 -0 0)
(0 -0 0)
(0 -0 0)
(0 -0 0)
(0 -0 0)
(0 -0 0)
(0 -0 0)
(0 -0 0)
(0 -0 0)
(0 -0 0)
(0 -0 0)
(0 -0 0)
(0 -0 0)
(0 -0 0)
(0 -0 0)
(0 -0 0)
(0 -0 0)
(0 -0 0)
(0 -0 0)
(0 -0 0)
(0 -0 0)
(0 -0 -0)
(0 -0 -0)
(0 -0 -0)
(0 -0 -0)
(0 -0 -0)
(0 -0 -0)
(0 -0 -0)
(0 -0 -0)
(0 -0 -0)
(0 -0 -0)
(0 -0 -0)
(0 -0 -0)
(0 -0 -0)
(0 -0 -0)
(0 -0 -0)
(0 -0 -0)
(0 -0 -0)
(0 -0 -0)
(0 -0 -0)
(0 -0 -0)
(0 -0 -0)
(0 -0 -0)
(0 -0 -0)
(0 -0 -0)
(0 -0 -0)
(0 -0 -0)
(0 -0 0)
(0 -0 0)
(0 -0 0)
(0 -0 0)
(0 -0 0)
(0 -0 0)
(0 -0 0)
(0 -0 0)
(0 -0 0)
(0 -0 0)
(0 -0 0)
(0 -0 0)
(0 -0 0)
(0 -0 0)
(0 -0 0)
(0 -0 0)
(0 -0 0)
(0 -0 0)
(0 -0 0)
(0 -0 0)
(0 -0 0)
(0 -0 0)
(0 -0 0)
(0 -0 0)
(0 -0 0)
(0 -0 0)
(0 -0 0)
(0 -0 0)
(0 -0 0)
(0 -0 0)
(0 -0 0)
(0 -0 0)
(0 -0 0)
(0 -0 0)
(0 -0 0)
(0 -0 0)
(0 -0 0)
(0 -0 0)
(0 -0 0)
(0 -0 0)
(0 -0 0)
(0 -0 0)
(0 -0 0)
(0 -0 0)
(0 -0 0)
(0 -0 0)
(0 -0 0)
(0 -0 0)
(0 -0 0)
(0 -0 0)
(0 -0 0)
(0 -0 0)
(0 -0 0)
(0 -0 0)
(3.62131 -0 0.947429)
(3.67762 -0 0.870079)
(0 -0 0)
(0 -0 0)
(0 -0 0)
(0 -0 0)
(0 -0 0)
(0 -0 0)
(0 -0 0)
(0 -0 0)
(0 -0 0)
(0 -0 0)
(0 -0 0)
(0 -0 0)
(0 -0 0)
(0 -0 0)
(0 -0 0)
(0 -0 0)
(0 -0 0)
(0 -0 0)
(0 -0 0)
(0 -0 0)
(0 -0 0)
(0 -0 0)
(0 -0 0)
(0 -0 0)
(0 -0 0)
(0 -0 0)
(0 -0 0)
(0 -0 0)
(0 -0 0)
(0 -0 0)
(0 -0 0)
(0 -0 0)
(0 -0 0)
(0 -0 0)
(0 -0 0)
(0 -0 0)
(0 -0 0)
(0 -0 0)
(0 -0 -0)
(0 -0 -0)
(0 -0 -0)
(0 -0 -0)
(0 -0 -0)
(0 -0 -0)
(0 -0 -0)
(0 -0 -0)
(0 -0 -0)
(0 -0 -0)
(0 -0 -0)
(0 -0 -0)
(0 -0 -0)
(0 -0 -0)
(0 -0 -0)
(0 -0 -0)
(0 -0 -0)
(0 -0 -0)
(0 -0 -0)
(0 -0 -0)
(0 -0 -0)
(0 -0 -0)
(0 -0 -0)
(0 -0 -0)
(0 -0 -0)
(0 -0 -0)
(0 -0 0)
(0 -0 0)
(0 -0 0)
(0 -0 0)
(0 -0 0)
(0 -0 0)
(0 -0 0)
(0 -0 0)
(0 -0 0)
(0 -0 0)
(0 -0 0)
(0 -0 0)
(0 -0 0)
(0 -0 0)
(0 -0 0)
(0 -0 0)
(0 -0 0)
(0 -0 0)
(0 -0 0)
(0 -0 0)
(0 -0 0)
(0 -0 0)
(0 -0 0)
(0 -0 0)
(0 -0 0)
(0 -0 0)
(0 -0 0)
(0 -0 0)
(0 -0 0)
(0 -0 0)
(0 -0 0)
(0 -0 0)
(0 -0 0)
(0 -0 0)
(0 -0 0)
(0 -0 0)
(0 -0 0)
(0 -0 0)
(0 -0 0)
(0 -0 0)
(0 -0 0)
(0 -0 0)
(0 -0 0)
(0 -0 0)
(0 -0 0)
(0 -0 0)
(0 -0 0)
(0 -0 0)
(0 -0 0)
(0 -0 0)
(0 -0 0)
(0 -0 0)
(0 -0 0)
(0 -0 0)
(3.52614 -0 0.99616)
(3.60129 -0 0.912738)
(0 -0 0)
(0 -0 0)
(0 -0 0)
(0 -0 0)
(0 -0 0)
(0 -0 0)
(0 -0 0)
(0 -0 0)
(0 -0 0)
(0 -0 0)
(0 -0 0)
(0 -0 0)
(0 -0 0)
(0 -0 0)
(0 -0 0)
(0 -0 0)
(0 -0 0)
(0 -0 0)
(0 -0 0)
(0 -0 0)
(0 -0 0)
(0 -0 0)
(0 -0 0)
(0 -0 0)
(0 -0 0)
(0 -0 0)
(0 -0 0)
(0 -0 0)
(0 -0 0)
(0 -0 0)
(0 -0 0)
(0 -0 0)
(0 -0 0)
(0 -0 0)
(0 -0 0)
(0 -0 0)
(0 -0 0)
(0 -0 0)
(1.53516e-15 -0 -3.1201e-17)
(0 -0 -0)
(0 -0 -0)
(0 -0 -0)
(0 -0 -0)
(0 -0 -0)
(0 -0 -0)
(0 -0 -0)
(0 -0 -0)
(0 -0 -0)
(0 -0 -0)
(0 -0 -0)
(0 -0 -0)
(0 -0 -0)
(0 -0 -0)
(0 -0 -0)
(0 -0 -0)
(0 -0 -0)
(0 -0 -0)
(0 -0 -0)
(0 -0 -0)
(0 -0 -0)
(0 -0 -0)
(0 -0 -0)
(0 -0 -0)
(0 -0 -0)
(0 -0 0)
(0 -0 0)
(0 -0 0)
(0 -0 0)
(0 -0 0)
(0 -0 0)
(0 -0 0)
(0 -0 0)
(0 -0 0)
(0 -0 0)
(0 -0 0)
(0 -0 0)
(0 -0 0)
(0 -0 0)
(0 -0 0)
(0 -0 0)
(0 -0 0)
(0 -0 0)
(0 -0 0)
(0 -0 0)
(0 -0 0)
(0 -0 0)
(0 -0 0)
(0 -0 0)
(0 -0 0)
(0 -0 0)
(0 -0 0)
(0 -0 0)
(0 -0 0)
(0 -0 0)
(0 -0 0)
(0 -0 0)
(0 -0 0)
(0 -0 0)
(0 -0 0)
(0 -0 0)
(0 -0 0)
(0 -0 0)
(0 -0 0)
(0 -0 0)
(0 -0 0)
(0 -0 0)
(0 -0 0)
(0 -0 0)
(0 -0 0)
(0 -0 0)
(0 -0 0)
(0 -0 0)
(0 -0 0)
(0 -0 0)
(0 -0 0)
(0 -0 0)
(0 -0 0)
(0 -0 0)
(3.42636 -0 1.03209)
(3.52112 -0 0.945226)
(0 -0 0)
(0 -0 0)
(0 -0 0)
(0 -0 0)
(0 -0 0)
(0 -0 0)
(0 -0 0)
(0 -0 0)
(0 -0 0)
(0 -0 0)
(0 -0 0)
(0 -0 0)
(0 -0 0)
(0 -0 0)
(0 -0 0)
(0 -0 0)
(0 -0 0)
(0 -0 0)
(0 -0 0)
(0 -0 0)
(0 -0 0)
(0 -0 0)
(0 -0 0)
(0 -0 0)
(0 -0 0)
(0 -0 0)
(0 -0 0)
(0 -0 0)
(0 -0 0)
(0 -0 0)
(0 -0 0)
(0 -0 0)
(0 -0 0)
(0 -0 0)
(0 -0 0)
(0 -0 0)
(0 -0 0)
(0 -0 0)
(0 -0 -0)
(0 -0 -0)
(0 -0 -0)
(0 -0 -0)
(0 -0 -0)
(0 -0 -0)
(0 -0 -0)
(0 -0 -0)
(0 -0 -0)
(0 -0 -0)
(0 -0 -0)
(0 -0 -0)
(0 -0 -0)
(0 -0 -0)
(0 -0 -0)
(0 -0 -0)
(0 -0 -0)
(0 -0 -0)
(0 -0 -0)
(0 -0 -0)
(0 -0 -0)
(0 -0 -0)
(0 -0 -0)
(0 -0 -0)
(0 -0 -0)
(0 -0 0)
(0 -0 0)
(0 -0 0)
(0 -0 0)
(0 -0 0)
(0 -0 0)
(0 -0 0)
(0 -0 0)
(0 -0 0)
(0 -0 0)
(0 -0 0)
(0 -0 0)
(0 -0 0)
(0 -0 0)
(0 -0 0)
(0 -0 0)
(0 -0 0)
(0 -0 0)
(0 -0 0)
(0 -0 0)
(0 -0 0)
(0 -0 0)
(0 -0 0)
(0 -0 0)
(0 -0 0)
(0 -0 0)
(0 -0 0)
(0 -0 0)
(0 -0 0)
(0 -0 0)
(0 -0 0)
(0 -0 0)
(0 -0 0)
(0 -0 0)
(0 -0 0)
(0 -0 0)
(0 -0 0)
(0 -0 0)
(0 -0 0)
(0 -0 0)
(0 -0 0)
(0 -0 0)
(0 -0 0)
(0 -0 0)
(0 -0 0)
(0 -0 0)
(0 -0 0)
(0 -0 0)
(0 -0 0)
(0 -0 0)
(0 -0 0)
(0 -0 0)
(0 -0 0)
(0 -0 0)
(0 -0 0)
(3.32527 -0 1.05296)
(3.4396 -0 0.965577)
(0 -0 0)
(0 -0 0)
(0 -0 0)
(0 -0 0)
(0 -0 0)
(0 -0 0)
(0 -0 0)
(0 -0 0)
(0 -0 0)
(0 -0 0)
(0 -0 0)
(0 -0 0)
(0 -0 0)
(0 -0 0)
(0 -0 0)
(0 -0 0)
(0 -0 0)
(0 -0 0)
(0 -0 0)
(0 -0 0)
(0 -0 0)
(0 -0 0)
(0 -0 0)
(0 -0 0)
(0 -0 0)
(0 -0 0)
(0 -0 0)
(0 -0 0)
(0 -0 0)
(0 -0 0)
(0 -0 0)
(0 -0 0)
(0 -0 0)
(0 -0 0)
(0 -0 0)
(0 -0 0)
(0 -0 0)
(0 -0 0)
(0 -0 -0)
(0 -0 -0)
(0 -0 -0)
(0 -0 -0)
(0 -0 -0)
(0 -0 -0)
(0 -0 -0)
(0 -0 -0)
(0 -0 -0)
(0 -0 -0)
(0 -0 -0)
(0 -0 -0)
(0 -0 -0)
(0 -0 -0)
(0 -0 -0)
(0 -0 -0)
(0 -0 -0)
(0 -0 -0)
(0 -0 -0)
(0 -0 -0)
(0 -0 -0)
(0 -0 -0)
(0 -0 -0)
(0 -0 -0)
(0 -0 -0)
(0 -0 0)
(0 -0 0)
(0 -0 0)
(0 -0 0)
(0 -0 0)
(0 -0 0)
(0 -0 0)
(0 -0 0)
(0 -0 0)
(0 -0 0)
(0 -0 0)
(0 -0 0)
(0 -0 0)
(0 -0 0)
(0 -0 0)
(0 -0 0)
(0 -0 0)
(0 -0 0)
(0 -0 0)
(0 -0 0)
(0 -0 0)
(0 -0 0)
(0 -0 0)
(0 -0 0)
(0 -0 0)
(0 -0 0)
(0 -0 0)
(0 -0 0)
(0 -0 0)
(0 -0 0)
(0 -0 0)
(0 -0 0)
(0 -0 0)
(0 -0 0)
(0 -0 0)
(0 -0 0)
(0 -0 0)
(0 -0 0)
(0 -0 0)
(0 -0 0)
(0 -0 0)
(0 -0 0)
(0 -0 0)
(0 -0 0)
(0 -0 0)
(0 -0 0)
(0 -0 0)
(0 -0 0)
(0 -0 0)
(0 -0 0)
(0 -0 0)
(0 -0 0)
(0 -0 0)
(0 -0 0)
(0 -0 0)
(3.22486 -0 1.06188)
(3.35961 -0 0.972411)
(0 -0 0)
(0 -0 0)
(0 -0 0)
(0 -0 0)
(0 -0 0)
(0 -0 0)
(0 -0 0)
(0 -0 0)
(0 -0 0)
(0 -0 0)
(0 -0 0)
(0 -0 0)
(0 -0 0)
(0 -0 0)
(0 -0 0)
(0 -0 0)
(0 -0 0)
(0 -0 0)
(0 -0 0)
(0 -0 0)
(0 -0 0)
(0 -0 0)
(0 -0 0)
(0 -0 0)
(0 -0 0)
(0 -0 0)
(0 -0 0)
(0 -0 0)
(0 -0 0)
(0 -0 0)
(0 -0 0)
(0 -0 0)
(0 -0 0)
(0 -0 0)
(0 -0 0)
(0 -0 0)
(0 -0 0)
(0 -0 0)
(1.34066e-15 -0 -3.5669e-17)
(0 -0 -0)
(0 -0 -0)
(0 -0 -0)
(0 -0 -0)
(0 -0 -0)
(0 -0 -0)
(0 -0 -0)
(0 -0 -0)
(0 -0 -0)
(0 -0 -0)
(0 -0 -0)
(0 -0 -0)
(0 -0 -0)
(0 -0 -0)
(0 -0 -0)
(0 -0 -0)
(0 -0 -0)
(0 -0 -0)
(0 -0 -0)
(0 -0 -0)
(0 -0 -0)
(0 -0 -0)
(0 -0 -0)
(0 -0 -0)
(0 -0 0)
(0 -0 0)
(0 -0 0)
(0 -0 0)
(0 -0 0)
(0 -0 0)
(0 -0 0)
(0 -0 0)
(0 -0 0)
(0 -0 0)
(0 -0 0)
(0 -0 0)
(0 -0 0)
(0 -0 0)
(0 -0 0)
(0 -0 0)
(0 -0 0)
(0 -0 0)
(0 -0 0)
(0 -0 0)
(0 -0 0)
(0 -0 0)
(0 -0 0)
(0 -0 0)
(0 -0 0)
(0 -0 0)
(0 -0 0)
(0 -0 0)
(0 -0 0)
(0 -0 0)
(0 -0 0)
(0 -0 0)
(0 -0 0)
(0 -0 0)
(0 -0 0)
(0 -0 0)
(0 -0 0)
(0 -0 0)
(0 -0 0)
(0 -0 0)
(0 -0 0)
(0 -0 0)
(0 -0 0)
(0 -0 0)
(0 -0 0)
(0 -0 0)
(0 -0 0)
(0 -0 0)
(0 -0 0)
(0 -0 0)
(0 -0 0)
(0 -0 0)
(0 -0 0)
(0 -0 0)
(0 -0 0)
(3.11881 -0 1.0501)
(3.27923 -0 0.961348)
(0 -0 0)
(0 -0 0)
(0 -0 0)
(0 -0 0)
(0 -0 0)
(0 -0 0)
(0 -0 0)
(0 -0 0)
(0 -0 0)
(0 -0 0)
(0 -0 0)
(0 -0 0)
(0 -0 0)
(0 -0 0)
(0 -0 0)
(0 -0 0)
(0 -0 0)
(0 -0 0)
(0 -0 0)
(0 -0 0)
(0 -0 0)
(0 -0 0)
(0 -0 0)
(0 -0 0)
(0 -0 0)
(0 -0 0)
(0 -0 0)
(0 -0 0)
(0 -0 0)
(0 -0 0)
(0 -0 0)
(0 -0 0)
(0 -0 0)
(0 -0 0)
(0 -0 0)
(0 -0 0)
(0 -0 0)
(0 -0 0)
(0 -0 -0)
(0 -0 -0)
(0 -0 -0)
(0 -0 -0)
(0 -0 -0)
(0 -0 -0)
(0 -0 -0)
(0 -0 -0)
(0 -0 -0)
(0 -0 -0)
(0 -0 -0)
(0 -0 -0)
(0 -0 -0)
(0 -0 -0)
(0 -0 -0)
(0 -0 -0)
(0 -0 -0)
(0 -0 -0)
(0 -0 -0)
(0 -0 -0)
(0 -0 -0)
(0 -0 -0)
(0 -0 -0)
(0 -0 -0)
(0 -0 0)
(0 -0 0)
(0 -0 0)
(0 -0 0)
(0 -0 0)
(0 -0 0)
(0 -0 0)
(0 -0 0)
(0 -0 0)
(0 -0 0)
(0 -0 0)
(0 -0 0)
(0 -0 0)
(0 -0 0)
(0 -0 0)
(0 -0 0)
(0 -0 0)
(0 -0 0)
(0 -0 0)
(0 -0 0)
(0 -0 0)
(0 -0 0)
(0 -0 0)
(0 -0 0)
(0 -0 0)
(0 -0 0)
(0 -0 0)
(0 -0 0)
(0 -0 0)
(0 -0 0)
(0 -0 0)
(0 -0 0)
(0 -0 0)
(0 -0 0)
(0 -0 0)
(0 -0 0)
(0 -0 0)
(0 -0 0)
(0 -0 0)
(0 -0 0)
(0 -0 0)
(0 -0 0)
(0 -0 0)
(0 -0 0)
(0 -0 0)
(0 -0 0)
(0 -0 0)
(0 -0 0)
(0 -0 0)
(0 -0 0)
(0 -0 0)
(0 -0 0)
(0 -0 0)
(0 -0 0)
(0 -0 0)
(0 -0 0)
(3.02125 -0 1.02642)
(3.20892 -0 0.928603)
(0 -0 0)
(0 -0 0)
(0 -0 0)
(0 -0 0)
(0 -0 0)
(0 -0 0)
(0 -0 0)
(0 -0 0)
(0 -0 0)
(0 -0 0)
(0 -0 0)
(0 -0 0)
(0 -0 0)
(0 -0 0)
(0 -0 0)
(0 -0 0)
(0 -0 0)
(0 -0 0)
(0 -0 0)
(0 -0 0)
(0 -0 0)
(0 -0 0)
(0 -0 0)
(0 -0 0)
(0 -0 0)
(0 -0 0)
(0 -0 0)
(0 -0 0)
(0 -0 0)
(0 -0 0)
(0 -0 0)
(0 -0 0)
(0 -0 0)
(0 -0 0)
(0 -0 0)
(0 -0 0)
(0 -0 0)
(0 -0 0)
(0 -0 -0)
(0 -0 -0)
(0 -0 -0)
(0 -0 -0)
(0 -0 -0)
(0 -0 -0)
(0 -0 -0)
(0 -0 -0)
(0 -0 -0)
(0 -0 -0)
(0 -0 -0)
(0 -0 -0)
(0 -0 -0)
(0 -0 -0)
(0 -0 -0)
(0 -0 -0)
(0 -0 -0)
(0 -0 -0)
(0 -0 -0)
(0 -0 -0)
(0 -0 -0)
(0 -0 -0)
(0 -0 -0)
(0 -0 -0)
(0 -0 0)
(0 -0 0)
(0 -0 0)
(0 -0 0)
(0 -0 0)
(0 -0 0)
(0 -0 0)
(0 -0 0)
(0 -0 0)
(0 -0 0)
(0 -0 0)
(0 -0 0)
(0 -0 0)
(0 -0 0)
(0 -0 0)
(0 -0 0)
(0 -0 0)
(0 -0 0)
(0 -0 0)
(0 -0 0)
(0 -0 0)
(0 -0 0)
(0 -0 0)
(0 -0 0)
(0 -0 0)
(0 -0 0)
(0 -0 0)
(0 -0 0)
(0 -0 0)
(0 -0 0)
(0 -0 0)
(0 -0 0)
(0 -0 0)
(0 -0 0)
(0 -0 0)
(0 -0 0)
(0 -0 0)
(0 -0 0)
(0 -0 0)
(0 -0 0)
(0 -0 0)
(0 -0 0)
(0 -0 0)
(0 -0 0)
(0 -0 0)
(0 -0 0)
(0 -0 0)
(0 -0 0)
(0 -0 0)
(0 -0 0)
(0 -0 0)
(0 -0 0)
(0 -0 0)
(0 -0 0)
(0 -0 0)
(0 -0 0)
(2.90505 -0 0.996155)
(4.39244 -0 1.1953)
(0 -0 0)
(0 -0 0)
(0 -0 0)
(0 -0 0)
(0 -0 0)
(0 -0 0)
(0 -0 0)
(0 -0 0)
(0 -0 0)
(0 -0 0)
(0 -0 0)
(0 -0 0)
(0 -0 0)
(0 -0 0)
(0 -0 0)
(0 -0 0)
(0 -0 0)
(0 -0 0)
(0 -0 0)
(0 -0 0)
(0 -0 0)
(0 -0 0)
(0 -0 0)
(0 -0 0)
(0 -0 0)
(0 -0 0)
(0 -0 0)
(0 -0 0)
(0 -0 0)
(0 -0 0)
(0 -0 0)
(0 -0 0)
(0 -0 0)
(0 -0 0)
(0 -0 0)
(0 -0 0)
(0 -0 0)
(0 -0 0)
(1.11067e-15 -0 -3.77217e-17)
(0 -0 -0)
(0 -0 -0)
(0 -0 -0)
(0 -0 -0)
(0 -0 -0)
(0 -0 -0)
(0 -0 -0)
(0 -0 -0)
(0 -0 -0)
(0 -0 -0)
(0 -0 -0)
(0 -0 -0)
(0 -0 -0)
(0 -0 -0)
(0 -0 -0)
(0 -0 -0)
(0 -0 -0)
(0 -0 -0)
(0 -0 -0)
(0 -0 -0)
(0 -0 -0)
(0 -0 0)
(0 -0 0)
(0 -0 0)
(0 -0 0)
(0 -0 0)
(0 -0 0)
(0 -0 0)
(0 -0 0)
(0 -0 0)
(0 -0 0)
(0 -0 0)
(0 -0 0)
(0 -0 0)
(0 -0 0)
(0 -0 0)
(0 -0 0)
(0 -0 0)
(0 -0 0)
(0 -0 0)
(0 -0 0)
(0 -0 0)
(0 -0 0)
(0 -0 0)
(0 -0 0)
(0 -0 0)
(0 -0 0)
(0 -0 0)
(0 -0 0)
(0 -0 0)
(0 -0 0)
(0 -0 0)
(0 -0 0)
(0 -0 0)
(0 -0 0)
(0 -0 0)
(0 -0 0)
(0 -0 0)
(0 -0 0)
(0 -0 0)
(0 -0 0)
(0 -0 0)
(0 -0 0)
(0 -0 0)
(0 -0 0)
(0 -0 0)
(0 -0 0)
(0 -0 0)
(0 -0 0)
(0 -0 0)
(0 -0 0)
(0 -0 0)
(0 -0 0)
(0 -0 0)
(0 -0 0)
(0 -0 0)
(0 -0 0)
(0 -0 0)
(0 -0 0)
(0.0599035 -0 0.0214241)
(4.36855 -0 1.30783)
(3.16557 -0 0.889772)
(0 -0 0)
(0 -0 0)
(0 -0 0)
(0 -0 0)
(0 -0 0)
(0 -0 0)
(0 -0 0)
(0 -0 0)
(0 -0 0)
(0 -0 0)
(0 -0 0)
(0 -0 0)
(0 -0 0)
(0 -0 0)
(0 -0 0)
(0 -0 0)
(0 -0 0)
(0 -0 0)
(0 -0 0)
(0 -0 0)
(0 -0 0)
(0 -0 0)
(0 -0 0)
(0 -0 0)
(0 -0 0)
(0 -0 0)
(0 -0 0)
(0 -0 0)
(0 -0 0)
(0 -0 0)
(0 -0 0)
(0 -0 0)
(0 -0 0)
(0 -0 0)
(0 -0 0)
(0 -0 0)
(0 -0 0)
(0 -0 -0)
(0 -0 -0)
(0 -0 -0)
(0 -0 -0)
(0 -0 -0)
(0 -0 -0)
(0 -0 -0)
(0 -0 -0)
(0 -0 -0)
(0 -0 -0)
(0 -0 -0)
(0 -0 -0)
(0 -0 -0)
(0 -0 -0)
(0 -0 -0)
(0 -0 -0)
(0 -0 -0)
(0 -0 -0)
(0 -0 -0)
(0 -0 -0)
(0 -0 0)
(0 -0 0)
(0 -0 0)
(0 -0 0)
(0 -0 0)
(0 -0 0)
(0 -0 0)
(0 -0 0)
(0 -0 0)
(0 -0 0)
(0 -0 0)
(0 -0 0)
(0 -0 0)
(0 -0 0)
(0 -0 0)
(0 -0 0)
(0 -0 0)
(0 -0 0)
(0 -0 0)
(0 -0 0)
(0 -0 0)
(0 -0 0)
(0 -0 0)
(0 -0 0)
(0 -0 0)
(0 -0 0)
(0 -0 0)
(0 -0 0)
(0 -0 0)
(0 -0 0)
(0 -0 0)
(0 -0 0)
(0 -0 0)
(0 -0 0)
(0 -0 0)
(0 -0 0)
(0 -0 0)
(0 -0 0)
(0 -0 0)
(0 -0 0)
(0 -0 0)
(0 -0 0)
(0 -0 0)
(0 -0 0)
(0 -0 0)
(0 -0 0)
(0 -0 0)
(0 -0 0)
(0 -0 0)
(0 -0 0)
(0 -0 0)
(0 -0 0)
(0 -0 0)
(0 -0 0)
(0 -0 0)
(0 -0 0)
(0 -0 0)
(0 -0 0)
(0 -0 0)
(0 -0 0)
(0 -0 0)
(3.06139 -0 1.01178)
(3.16587 -0 0.94775)
(0 -0 0)
(0 -0 0)
(0 -0 0)
(0 -0 0)
(0 -0 0)
(0 -0 0)
(0 -0 0)
(0 -0 0)
(0 -0 0)
(0 -0 0)
(0 -0 0)
(0 -0 0)
(0 -0 0)
(0 -0 0)
(0 -0 0)
(0 -0 0)
(0 -0 0)
(0 -0 0)
(0 -0 0)
(0 -0 0)
(0 -0 0)
(0 -0 0)
(0 -0 0)
(0 -0 0)
(0 -0 0)
(0 -0 0)
(0 -0 0)
(0 -0 0)
(0 -0 0)
(0 -0 0)
(0 -0 0)
(0 -0 0)
(0 -0 0)
(0 -0 0)
(0 -0 0)
(0 -0 0)
(0 -0 0)
(0 -0 -0)
(0 -0 -0)
(0 -0 -0)
(0 -0 -0)
(0 -0 -0)
(0 -0 -0)
(0 -0 -0)
(0 -0 -0)
(0 -0 -0)
(0 -0 -0)
(0 -0 -0)
(0 -0 -0)
(0 -0 -0)
(0 -0 -0)
(0 -0 -0)
(0 -0 -0)
(0 -0 -0)
(0 -0 -0)
(0 -0 0)
(0 -0 0)
(0 -0 0)
(0 -0 0)
(0 -0 0)
(0 -0 0)
(0 -0 0)
(0 -0 0)
(0 -0 0)
(0 -0 0)
(0 -0 0)
(0 -0 0)
(0 -0 0)
(0 -0 0)
(0 -0 0)
(0 -0 0)
(0 -0 0)
(0 -0 0)
(0 -0 0)
(0 -0 0)
(0 -0 0)
(0 -0 0)
(0 -0 0)
(0 -0 0)
(0 -0 0)
(0 -0 0)
(0 -0 0)
(0 -0 0)
(0 -0 0)
(0 -0 0)
(0 -0 0)
(0 -0 0)
(0 -0 0)
(0 -0 0)
(0 -0 0)
(0 -0 0)
(0 -0 0)
(0 -0 0)
(0 -0 0)
(0 -0 0)
(0 -0 0)
(0 -0 0)
(0 -0 0)
(0 -0 0)
(0 -0 0)
(0 -0 0)
(0 -0 0)
(0 -0 0)
(0 -0 0)
(0 -0 0)
(0 -0 0)
(0 -0 0)
(0 -0 0)
(0 -0 0)
(0 -0 0)
(0 -0 0)
(0 -0 0)
(0 -0 0)
(0 -0 0)
(0 -0 0)
(0 -0 0)
(0 -0 0)
(0 -0 0)
(3.04239 -0 0.959148)
(3.14193 -0 0.945328)
(0 -0 0)
(0 -0 0)
(0 -0 0)
(0 -0 0)
(0 -0 0)
(0 -0 0)
(0 -0 0)
(0 -0 0)
(0 -0 0)
(0 -0 0)
(0 -0 0)
(0 -0 0)
(0 -0 0)
(0 -0 0)
(0 -0 0)
(0 -0 0)
(0 -0 0)
(0 -0 0)
(0 -0 0)
(0 -0 0)
(0 -0 0)
(0 -0 0)
(0 -0 0)
(0 -0 0)
(0 -0 0)
(0 -0 0)
(0 -0 0)
(0 -0 0)
(0 -0 0)
(0 -0 0)
(0 -0 0)
(0 -0 0)
(0 -0 0)
(0 -0 0)
(0 -0 0)
(0 -0 0)
(0 -0 0)
(0 -0 -0)
(0 -0 -0)
(0 -0 -0)
(0 -0 -0)
(0 -0 -0)
(0 -0 -0)
(0 -0 -0)
(0 -0 -0)
(0 -0 -0)
(0 -0 -0)
(0 -0 -0)
(0 -0 -0)
(0 -0 -0)
(0 -0 -0)
(0 -0 -0)
(0 -0 -0)
(0 -0 0)
(0 -0 0)
(0 -0 0)
(0 -0 0)
(0 -0 0)
(0 -0 0)
(0 -0 0)
(0 -0 0)
(0 -0 0)
(0 -0 0)
(0 -0 0)
(0 -0 0)
(0 -0 0)
(0 -0 0)
(0 -0 0)
(0 -0 0)
(0 -0 0)
(0 -0 0)
(0 -0 0)
(0 -0 0)
(0 -0 0)
(0 -0 0)
(0 -0 0)
(0 -0 0)
(0 -0 0)
(0 -0 0)
(0 -0 0)
(0 -0 0)
(0 -0 0)
(0 -0 0)
(0 -0 0)
(0 -0 0)
(0 -0 0)
(0 -0 0)
(0 -0 0)
(0 -0 0)
(0 -0 0)
(0 -0 0)
(0 -0 0)
(0 -0 0)
(0 -0 0)
(0 -0 0)
(0 -0 0)
(0 -0 0)
(0 -0 0)
(0 -0 0)
(0 -0 0)
(0 -0 0)
(0 -0 0)
(0 -0 0)
(0 -0 0)
(0 -0 0)
(0 -0 0)
(0 -0 0)
(0 -0 0)
(0 -0 0)
(0 -0 0)
(0 -0 0)
(0 -0 0)
(0 -0 0)
(0 -0 0)
(0 -0 0)
(0 -0 0)
(0 -0 0)
(0 -0 0)
(3.02536 -0 0.927186)
(3.14347 -0 0.941026)
(0 -0 0)
(0 -0 0)
(0 -0 0)
(0 -0 0)
(0 -0 0)
(0 -0 0)
(0 -0 0)
(0 -0 0)
(0 -0 0)
(0 -0 0)
(0 -0 0)
(0 -0 0)
(0 -0 0)
(0 -0 0)
(0 -0 0)
(0 -0 0)
(0 -0 0)
(0 -0 0)
(0 -0 0)
(0 -0 0)
(0 -0 0)
(0 -0 0)
(0 -0 0)
(0 -0 0)
(0 -0 0)
(0 -0 0)
(0 -0 0)
(0 -0 0)
(0 -0 0)
(0 -0 0)
(0 -0 0)
(0 -0 0)
(0 -0 0)
(0 -0 0)
(0 -0 0)
(0 -0 0)
(0 -0 0)
(0 -0 -0)
(0 -0 -0)
(0 -0 -0)
(0 -0 -0)
(0 -0 -0)
(0 -0 -0)
(0 -0 -0)
(0 -0 -0)
(0 -0 -0)
(0 -0 -0)
(0 -0 -0)
(0 -0 -0)
(0 -0 -0)
(0 -0 0)
(0 -0 0)
(0 -0 0)
(0 -0 0)
(0 -0 0)
(0 -0 0)
(0 -0 0)
(0 -0 0)
(0 -0 0)
(0 -0 0)
(0 -0 0)
(0 -0 0)
(0 -0 0)
(0 -0 0)
(0 -0 0)
(0 -0 0)
(0 -0 0)
(0 -0 0)
(0 -0 0)
(0 -0 0)
(0 -0 0)
(0 -0 0)
(0 -0 0)
(0 -0 0)
(0 -0 0)
(0 -0 0)
(0 -0 0)
(0 -0 0)
(0 -0 0)
(0 -0 0)
(0 -0 0)
(0 -0 0)
(0 -0 0)
(0 -0 0)
(0 -0 0)
(0 -0 0)
(0 -0 0)
(0 -0 0)
(0 -0 0)
(0 -0 0)
(0 -0 0)
(0 -0 0)
(0 -0 0)
(0 -0 0)
(0 -0 0)
(0 -0 0)
(0 -0 0)
(0 -0 -0)
(0 -0 -0)
(0 -0 -0)
(0 -0 -0)
(0 -0 -0)
(0 -0 -0)
(0 -0 -0)
(0 -0 0)
(0 -0 0)
(0 -0 0)
(0 -0 0)
(0 -0 0)
(0 -0 0)
(0 -0 0)
(0 -0 0)
(0 -0 0)
(0 -0 0)
(0 -0 0)
(0 -0 0)
(0 -0 0)
(0 -0 0)
(3.02676 -0 0.880541)
(4.42362 -0 1.12069)
(0 -0 0)
(0 -0 0)
(0 -0 0)
(0 -0 0)
(0 -0 0)
(0 -0 0)
(0 -0 0)
(0 -0 0)
(0 -0 0)
(0 -0 0)
(0 -0 0)
(0 -0 0)
(0 -0 0)
(0 -0 0)
(0 -0 0)
(0 -0 0)
(0 -0 0)
(0 -0 0)
(0 -0 0)
(0 -0 0)
(0 -0 0)
(0 -0 0)
(0 -0 0)
(0 -0 0)
(0 -0 0)
(0 -0 0)
(0 -0 0)
(0 -0 0)
(0 -0 0)
(0 -0 0)
(0 -0 0)
(0 -0 0)
(0 -0 0)
(0 -0 0)
(0 -0 0)
(0 -0 0)
(0 -0 0)
(0 -0 -0)
(0 -0 -0)
(0 -0 -0)
(0 -0 -0)
(0 -0 -0)
(0 -0 -0)
(0 -0 -0)
(0 -0 -0)
(0 -0 0)
(0 -0 0)
(0 -0 0)
(0 -0 0)
(0 -0 0)
(0 -0 0)
(0 -0 0)
(0 -0 0)
(0 -0 0)
(0 -0 0)
(0 -0 0)
(0 -0 0)
(0 -0 0)
(0 -0 0)
(0 -0 0)
(0 -0 0)
(0 -0 0)
(0 -0 0)
(0 -0 0)
(0 -0 0)
(0 -0 0)
(0 -0 0)
(0 -0 0)
(0 -0 0)
(0 -0 0)
(0 -0 0)
(0 -0 0)
(0 -0 0)
(0 -0 0)
(0 -0 0)
(0 -0 0)
(0 -0 0)
(0 -0 0)
(0 -0 0)
(0 -0 0)
(0 -0 -0)
(0 -0 -0)
(0 -0 -0)
(0 -0 -0)
(0 -0 -0)
(0 -0 -0)
(0 -0 -0)
(0 -0 -0)
(0 -0 -0)
(0 -0 -0)
(0 -0 -0)
(0 -0 -0)
(0 -0 -0)
(0 -0 -0)
(0 -0 -0)
(0 -0 -0)
(0 -0 -0)
(2.73791e-05 -0 -2.27053e-05)
(0 -0 -0)
(0 -0 -0)
(0 -0 -0)
(0 -0 -0)
(0 -0 -0)
(0 -0 -0)
(0 -0 -0)
(0 -0 -0)
(0 -0 0)
(0.000116542 -0 2.28065e-05)
(0 -0 0)
(0 -0 0)
(0 -0 0)
(0 -0 0)
(0 -0 0)
(0 -0 0)
(0 -0 0)
(0 -0 0)
(0 -0 0)
(0 -0 0)
(0.0963356 -0 0.0177826)
(4.63295 -0 0.825273)
(3.2946 -0 1.04057)
(0 -0 0)
(0 -0 0)
(0 -0 0)
(0 -0 0)
(0 -0 0)
(0 -0 0)
(0 -0 0)
(0 -0 0)
(0 -0 0)
(0 -0 0)
(0 -0 0)
(0 -0 0)
(0 -0 0)
(0 -0 0)
(0 -0 0)
(0 -0 0)
(0 -0 0)
(0 -0 0)
(0 -0 0)
(0 -0 0)
(0 -0 0)
(0 -0 0)
(0 -0 0)
(0 -0 0)
(0 -0 0)
(0 -0 0)
(0 -0 0)
(0 -0 0)
(0 -0 0)
(0 -0 0)
(0 -0 0)
(0 -0 0)
(0 -0 0)
(0 -0 0)
(0 -0 0)
(0 -0 0)
(0 -0 0)
(0 -0 0)
(0 -0 0)
(0 -0 0)
(0 -0 0)
(0 -0 0)
(0 -0 0)
(0 -0 0)
(0 -0 0)
(0 -0 0)
(0 -0 0)
(0 -0 0)
(0 -0 0)
(0 -0 0)
(0 -0 0)
(0 -0 0)
(0 -0 0)
(0 -0 0)
(0 -0 0)
(0 -0 0)
(0 -0 0)
(0 -0 0)
(0 -0 0)
(0 -0 0)
(0 -0 0)
(0 -0 0)
(0 -0 0)
(0 -0 0)
(0 -0 0)
(0 -0 0)
(0.0130543 -0 0.000140102)
(0.0196965 -0 0.00016797)
(0.0399519 -0 0.000224767)
(0.0468441 -0 0.000194939)
(0.0622648 -0 0.000209763)
(0.0656306 -0 0.000164312)
(0.0752697 -0 0.00012395)
(0.0781706 -0 5.93159e-05)
(0.0883152 -0 2.6333e-05)
(0.0943884 -0 -7.74392e-07)
(0.104781 -0 -3.17973e-05)
(0.112238 -0 -4.55125e-05)
(0.120894 -0 -6.83462e-05)
(0.125536 -0 -6.66799e-05)
(0.127031 -0 -9.26953e-05)
(0.127209 -0 -0.000107386)
(0.128764 -0 -0.000137643)
(0.131757 -0 -0.000140048)
(0.136155 -0 -0.000153374)
(0.144444 -0 -0.000153116)
(0.148052 -0 -0.000140615)
(0.144191 -0 -0.000133678)
(0.144477 -0 -0.000117703)
(0.139703 -0 -9.39437e-05)
(0.13565 -0 -9.05681e-05)
(0.130904 -0 -9.42466e-05)
(0.126188 -0 -8.22884e-05)
(0.111231 -0 -9.59669e-05)
(0.103483 -0 -8.19e-05)
(0.101002 -0 -9.7432e-05)
(0.105749 -0 -8.50309e-05)
(0.113319 -0 -0.000133897)
(0.131715 -0 -8.47079e-05)
(0.139455 -0 -0.000135551)
(0.182841 -0 -0.000113315)
(0.214593 -0 -0.000195219)
(0.277972 -0 -0.00012396)
(0.315991 -0 -0.000111438)
(0.388009 -0 2.61273e-05)
(0.378437 -0 0.000183227)
(0.424443 -0 0.000265892)
(0.415724 -0 0.000362424)
(0.567352 -0 0.000532533)
(0.621306 -0 0.000977723)
(0.825604 -0 0.00156553)
(0.761531 -0 0.00336564)
(0.872876 -0 0.00413796)
(0.862157 -0 0.00327595)
(1.17853 -0 0.0021094)
(1.2877 -0 0.00298296)
(1.81716 -0 0.00381958)
(2.21019 -0 0.0051471)
(4.78218 -0 0.0477536)
(3.65164 -0 1.75794)
(0 -0 0)
(0 -0 0)
(0 -0 0)
(0 -0 0)
(0 -0 0)
(0 -0 0)
(0 -0 0)
(0 -0 0)
(0 -0 0)
(0 -0 0)
(0 -0 0)
(0 -0 0)
(0 -0 0)
(0 -0 0)
(0 -0 0)
(0 -0 0)
(0 -0 0)
(0 -0 0)
(0 -0 0)
(0 -0 0)
(0 -0 0)
(0 -0 0)
(0 -0 0)
(0 -0 0)
(0 -0 0)
(0 -0 0)
(0 -0 0)
(0 -0 0)
(0 -0 0)
(0 -0 0)
(0 -0 0)
(0 -0 0)
(0 -0 0)
(0 -0 0)
(0 -0 0)
(0 -0 0)
(0 -0 0)
(0 -0 0)
(0 -0 0)
(0 -0 0)
(0 -0 0)
(0 -0 0)
(0 -0 0)
(0 -0 0)
(0 -0 0)
(0 -0 0)
(0 -0 0)
(0 -0 0)
(0 -0 0)
(0 -0 0)
(0 -0 0)
(0 -0 0)
(0 -0 0)
(0 -0 0)
(0 -0 0)
(0 -0 0)
(0 -0 0)
(0 -0 0)
(0 -0 0)
(0.0142735 -0 0.000169154)
(0.0211721 -0 0.000214852)
(0.0522927 -0 0.000399525)
(0.0655347 -0 0.000335959)
(0.094929 -0 0.00044311)
(0.0961401 -0 -0.00436686)
(0.0882382 -0 -0.012373)
(0.0767699 -0 -0.0169305)
(0.0859747 -0 -0.0203355)
(0.0987306 -0 -0.0221857)
(0.111939 -0 -0.0229566)
(0.113587 -0 -0.0209746)
(0.10971 -0 -0.0182832)
(0.0981296 -0 -0.0143148)
(0.0992608 -0 -0.0127131)
(0.107716 -0 -0.0125433)
(0.119353 -0 -0.0132757)
(0.13454 -0 -0.0146646)
(0.152562 -0 -0.016473)
(0.166752 -0 -0.0178647)
(0.169475 -0 -0.0178678)
(0.154084 -0 -0.0158612)
(0.149898 -0 -0.0148627)
(0.149501 -0 -0.0143269)
(0.159274 -0 -0.0144919)
(0.16307 -0 -0.0142253)
(0.1924 -0 -0.0159432)
(0.199816 -0 -0.0158894)
(0.191519 -0 -0.0144231)
(0.18656 -0 -0.0129243)
(0.164582 -0 -0.010228)
(0.141653 -0 -0.00797822)
(0.148094 -0 -0.00778124)
(0.146094 -0 -0.00719164)
(0.117071 -0 -0.0056984)
(0.109225 -0 -0.00522678)
(0.123699 -0 -0.00584177)
(0.168046 -0 -0.00755786)
(0.232655 -0 -0.0102509)
(0.257513 -0 -0.0110831)
(0.353594 -0 -0.0152699)
(0.590574 -0 -0.0254675)
(0.793353 -0 -0.0374822)
(0.875888 -0 -0.043837)
(1.16837 -0 -0.0616967)
(1.20807 -0 -0.0672272)
(1.11837 -0 -0.0674903)
(0.759147 -0 -0.0510052)
(0.875513 -0 -0.0669153)
(1.13479 -0 -0.096634)
(1.45322 -0 -0.136437)
(1.64328 -0 -0.171061)
(1.42946 -0 -0.166599)
(0.291001 -0 -0.0416602)
(-0.045883 -0 0.00249488)
(0.559626 -0 -0.095123)
(0.941348 -0 -0.170079)
(0.667449 -0 -0.133033)
(0.643091 -0 -0.137533)
(0.23428 -0 -0.0538317)
(0.0306823 -0 0.0177208)
(0.0221485 -0 0.0198244)
(0 -0 0)
(0 -0 0)
(0 -0 0)
(0 -0 0)
(0 -0 0)
(0 -0 0)
(0 -0 0)
(0 -0 0)
(0 -0 0)
(0 -0 0)
(0 -0 0)
(0 -0 0)
(0 -0 0)
(0 -0 0)
(0 -0 0)
(0 -0 0)
(0 -0 0)
(0 -0 0)
(0 -0 0)
(0 -0 0)
(0 -0 0)
(0 -0 0)
(0 -0 0)
(0 -0 0)
(0 -0 0)
(0 -0 0)
(0 -0 0)
(0 -0 0)
(0 -0 0)
(0 -0 0)
(0 -0 0)
(0 -0 0)
(0 -0 0)
(0 -0 0)
(0 -0 0)
(9.35005e-16 -0 4.57496e-17)
(0 -0 0)
(0 -0 0)
(0 -0 0)
(0 -0 0)
(0 -0 0)
(0 -0 0)
(0 -0 0)
(0 -0 0)
(0 -0 0)
(0 -0 0)
(0 -0 0)
(0 -0 0)
(0 -0 0)
(0 -0 0)
(0 -0 0)
(0 -0 0)
(0 -0 0)
(0.0190889 -0 0.000195736)
(0.0287328 -0 0.00031656)
(0.0672495 -0 0.000608344)
(0.0730886 -0 -0.00367536)
(0.0788305 -0 -0.0116484)
(0.0798083 -0 -0.0177339)
(0.111908 -0 -0.0270612)
(0.1301 -0 -0.0310646)
(0.159572 -0 -0.0366272)
(0.158651 -0 -0.0344195)
(0.169288 -0 -0.0334556)
(0.148814 -0 -0.0238325)
(0.1332 -0 -0.0166444)
(0.136784 -0 -0.0134175)
(0.129441 -0 -0.0115131)
(0.113361 -0 -0.00999622)
(0.105135 -0 -0.00934169)
(0.107112 -0 -0.00990292)
(0.100473 -0 -0.00984762)
(0.102425 -0 -0.0105754)
(0.107073 -0 -0.0111656)
(0.101502 -0 -0.0103797)
(0.119967 -0 -0.0117229)
(0.14561 -0 -0.0134002)
(0.168936 -0 -0.0145929)
(0.177252 -0 -0.0143317)
(0.185768 -0 -0.0144228)
(0.19722 -0 -0.0147535)
(0.197996 -0 -0.0146835)
(0.19314 -0 -0.0147043)
(0.222427 -0 -0.0174079)
(0.271924 -0 -0.0202899)
(0.319947 -0 -0.0226088)
(0.307333 -0 -0.0213953)
(0.3512 -0 -0.0250859)
(0.239664 -0 -0.0178882)
(0.215098 -0 -0.01706)
(0.158347 -0 -0.0130928)
(0.200671 -0 -0.0172994)
(0.163995 -0 -0.0147395)
(0.22012 -0 -0.020306)
(0.270637 -0 -0.0264085)
(0.275796 -0 -0.0275287)
(0.394115 -0 -0.0416014)
(0.340817 -0 -0.0374492)
(0.567911 -0 -0.0666666)
(0.909961 -0 -0.108512)
(1.36212 -0 -0.163079)
(1.23472 -0 -0.150959)
(1.20236 -0 -0.153075)
(1.01447 -0 -0.135937)
(0.768545 -0 -0.108234)
(0.498557 -0 -0.0726462)
(0.452888 -0 -0.068518)
(0.538771 -0 -0.0836433)
(0.586596 -0 -0.0930424)
(0.584812 -0 -0.0937536)
(0.433516 -0 -0.0694931)
(0.220862 -0 -0.0351794)
(0.0933762 -0 -0.0148162)
(0.04206 -0 -0.00639358)
(0.038267 -0 -0.00597144)
(0.0204393 -0 -0.00338947)
(0.0140372 -0 -0.0028027)
(5.17046e-05 -0 -1.4328e-05)
(0.000293599 -0 2.23353e-06)
(0 -0 0)
(0 -0 0)
(0 -0 0)
(0 -0 0)
(0 -0 0)
(0 -0 0)
(0 -0 0)
(0 -0 0)
(0 -0 0)
(0 -0 0)
(0 -0 0)
(0 -0 0)
(0 -0 0)
(0 -0 0)
(0 -0 0)
(0 -0 0)
(0 -0 0)
(0 -0 0)
(0 -0 0)
(0 -0 0)
(0 -0 0)
(0 -0 0)
(0 -0 0)
(0 -0 0)
(0 -0 0)
(0 -0 0)
(0 -0 0)
(0 -0 0)
(0 -0 0)
(0 -0 0)
(0 -0 0)
(0 -0 0)
(0 -0 0)
(0 -0 0)
(0 -0 0)
(0 -0 0)
(0 -0 0)
(0 -0 0)
(0 -0 0)
(0 -0 0)
(0 -0 -0)
(0 -0 0)
(0 -0 0)
(0 -0 0)
(0 -0 0)
(0 -0 0)
(0 -0 0)
(0 -0 0)
(0 -0 0)
(0.0017499 -0 6.8456e-06)
(0.0176202 -0 5.33736e-05)
(0.0473743 -0 0.000211259)
(0.0809978 -0 -0.00462194)
(0.119079 -0 -0.0182093)
(0.139946 -0 -0.0304784)
(0.163504 -0 -0.0372619)
(0.171502 -0 -0.0421519)
(0.148602 -0 -0.0379268)
(0.120273 -0 -0.0291851)
(0.132802 -0 -0.0282875)
(0.178557 -0 -0.0307103)
(0.150663 -0 -0.021733)
(0.169771 -0 -0.0227103)
(0.154534 -0 -0.0184966)
(0.162494 -0 -0.0182211)
(0.164974 -0 -0.0179836)
(0.183497 -0 -0.020248)
(0.170137 -0 -0.0188044)
(0.180233 -0 -0.0191959)
(0.180384 -0 -0.0187711)
(0.155595 -0 -0.0161132)
(0.165072 -0 -0.0167099)
(0.163478 -0 -0.0160134)
(0.155756 -0 -0.0147591)
(0.226252 -0 -0.0208153)
(0.211603 -0 -0.0192199)
(0.269485 -0 -0.0243583)
(0.321213 -0 -0.0287849)
(0.374173 -0 -0.0332898)
(0.425153 -0 -0.0380547)
(0.428937 -0 -0.0388757)
(0.503215 -0 -0.0460994)
(0.493748 -0 -0.0453837)
(0.516694 -0 -0.0459905)
(0.544283 -0 -0.0460462)
(0.532694 -0 -0.0457575)
(0.679387 -0 -0.0619502)
(0.571909 -0 -0.0543558)
(0.643972 -0 -0.0630658)
(0.344956 -0 -0.0348263)
(0.190872 -0 -0.0198432)
(-0.0139252 -0 0.00151628)
(0.030804 -0 -0.00341671)
(0.131912 -0 -0.0147648)
(0.339168 -0 -0.0381234)
(0.486055 -0 -0.0549273)
(0.375402 -0 -0.043798)
(0.335256 -0 -0.0403439)
(0.237063 -0 -0.028398)
(0.323017 -0 -0.037985)
(0.428917 -0 -0.0513376)
(0.513609 -0 -0.0642017)
(0.495988 -0 -0.0645898)
(0.384358 -0 -0.0517493)
(0.284773 -0 -0.0388519)
(0.199778 -0 -0.0273192)
(0.164674 -0 -0.0225339)
(0.129909 -0 -0.0178702)
(0.112092 -0 -0.0157415)
(0.0829397 -0 -0.0120546)
(0.0675409 -0 -0.0103357)
(0.0400571 -0 -0.00663596)
(0.0242126 -0 -0.00456547)
(0.0110774 -0 -0.00254798)
(0.00533659 -0 -0.00158033)
(0.00208013 -0 -0.000840815)
(0.000706318 -0 -0.000421797)
(1.28035e-05 -0 -6.45697e-05)
(4.21139e-07 -0 2.66556e-07)
(0 -0 -0)
(0 -0 0)
(0 -0 0)
(0 -0 0)
(0 -0 0)
(0 -0 0)
(0 -0 0)
(0 -0 0)
(0 -0 0)
(0 -0 0)
(0 -0 0)
(0 -0 0)
(0 -0 0)
(0 -0 0)
(0 -0 0)
(0 -0 0)
(0 -0 0)
(0 -0 0)
(0 -0 0)
(0 -0 0)
(0 -0 0)
(0 -0 0)
(0 -0 0)
(0 -0 0)
(0 -0 0)
(0 -0 0)
(0 -0 0)
(0 -0 0)
(0 -0 0)
(0 -0 0)
(0 -0 0)
(0 -0 0)
(0 -0 0)
(0 -0 0)
(0 -0 0)
(0 -0 0)
(0 -0 0)
(0 -0 0)
(0 -0 0)
(0 -0 0)
(0 -0 0)
(0.00613211 -0 -3.09306e-07)
(0.0116523 -0 -1.53545e-06)
(0.0500626 -0 -9.60179e-06)
(0.0559894 -0 4.81881e-06)
(0.092603 -0 -2.9424e-06)
(0.10847 -0 1.08814e-05)
(0.136254 -0 1.27166e-05)
(0.124627 -0 -0.00157625)
(0.127708 -0 -0.00721377)
(0.110349 -0 -0.0128033)
(0.208929 -0 -0.0338858)
(0.241937 -0 -0.0494676)
(0.345213 -0 -0.0815611)
(0.394088 -0 -0.0930319)
(0.374318 -0 -0.0830021)
(0.321382 -0 -0.0627864)
(0.215763 -0 -0.0354736)
(0.112786 -0 -0.0127562)
(0.0872399 -0 -0.00450133)
(0.140637 -0 -0.003228)
(0.267376 -0 -0.00787167)
(0.358348 -0 -0.0155541)
(0.509232 -0 -0.0305594)
(0.622964 -0 -0.0440938)
(0.736814 -0 -0.0563784)
(0.844888 -0 -0.0648708)
(0.880373 -0 -0.0671131)
(0.756128 -0 -0.058065)
(0.734745 -0 -0.0576119)
(0.757553 -0 -0.0601886)
(0.459386 -0 -0.037006)
(0.251254 -0 -0.0206782)
(0.264509 -0 -0.0223574)
(0.0807133 -0 -0.00700055)
(0.415449 -0 -0.036853)
(0.481807 -0 -0.0432625)
(0.520769 -0 -0.0470004)
(0.684471 -0 -0.0622634)
(0.71567 -0 -0.065541)
(0.855764 -0 -0.0786265)
(0.768254 -0 -0.0702185)
(0.755122 -0 -0.0686924)
(0.559025 -0 -0.0507407)
(0.625617 -0 -0.0591598)
(0.609106 -0 -0.062305)
(0.55804 -0 -0.059142)
(0.584436 -0 -0.0614186)
(0.436519 -0 -0.0458486)
(0.407933 -0 -0.0433522)
(0.296493 -0 -0.0318715)
(0.137813 -0 -0.0154828)
(0.0898823 -0 -0.0101879)
(0.0478406 -0 -0.00576526)
(0.0651645 -0 -0.0073202)
(0.0955383 -0 -0.0107698)
(0.113498 -0 -0.0127096)
(0.0828742 -0 -0.00918765)
(0.0895774 -0 -0.00974165)
(0.0574691 -0 -0.00641797)
(0.0665632 -0 -0.00788708)
(0.0688327 -0 -0.00826167)
(0.0772529 -0 -0.00911505)
(0.064523 -0 -0.00753845)
(0.0532243 -0 -0.00629493)
(0.0379975 -0 -0.00469095)
(0.0319815 -0 -0.00421585)
(0.0267794 -0 -0.00380174)
(0.0223118 -0 -0.0034565)
(0.0178948 -0 -0.0030941)
(0.0127127 -0 -0.00251624)
(0.00925239 -0 -0.00215622)
(0.00612162 -0 -0.00173686)
(0.00406749 -0 -0.0014274)
(0.0019843 -0 -0.00082578)
(0.000819643 -0 -0.000378644)
(0.000268254 -0 -0.000123941)
(7.25033e-05 -0 -3.05967e-05)
(1.77893e-06 -0 -4.76554e-07)
(0 -0 0)
(0 -0 0)
(0 -0 0)
(0 -0 0)
(0 -0 0)
(0 -0 0)
(0 -0 0)
(0 -0 0)
(0 -0 0)
(0 -0 0)
(0 -0 0)
(0 -0 0)
(0 -0 0)
(0 -0 0)
(0 -0 0)
(0 -0 0)
(0 -0 0)
(0 -0 0)
(0 -0 0)
(0 -0 0)
(0 -0 0)
(0 -0 0)
(0 -0 0)
(0 -0 0)
(0 -0 0)
(0 -0 0)
(0 -0 0)
(0 -0 0)
(0 -0 0)
(0 -0 0)
(0 -0 0)
(0 -0 0)
(0 -0 0)
(0 -0 0)
(0 -0 0)
(0 -0 0)
(0 -0 0)
(0 -0 0)
(1.8096 -0 4.19438e-06)
(1.55604 -0 -0.0014528)
(1.02609 -0 -0.00492937)
(0.0149543 -0 -8.29914e-05)
(0.533649 -0 -0.00739337)
(1.14072 -0 -0.0238812)
(2.30123 -0 -0.0594814)
(2.11148 -0 -0.0557337)
(1.73635 -0 -0.0432343)
(2.44314 -0 -0.0557301)
(2.31137 -0 -0.0535007)
(1.67227 -0 -0.039955)
(0.307812 -0 -0.00640326)
(0.467218 -0 -0.00765462)
(1.702 -0 -0.0209902)
(3.61432 -0 -0.0478586)
(3.95884 -0 -0.0625926)
(3.56509 -0 -0.0220577)
(3.65846 -0 0.0421661)
(4.52693 -0 0.0992144)
(5.02791 -0 0.0690592)
(2.77187 -0 -0.0303676)
(0.569525 -0 -0.0230269)
(0.327617 -0 -0.0231106)
(1.16637 -0 -0.0976659)
(1.37495 -0 -0.12165)
(2.19104 -0 -0.188088)
(2.45095 -0 -0.197777)
(1.98884 -0 -0.154819)
(1.89669 -0 -0.14781)
(1.74387 -0 -0.138381)
(1.64177 -0 -0.131719)
(1.26288 -0 -0.101813)
(1.08489 -0 -0.0873409)
(0.671821 -0 -0.0543406)
(0.503167 -0 -0.0409647)
(0.450835 -0 -0.0367816)
(0.412241 -0 -0.0332423)
(0.387468 -0 -0.0310754)
(0.37522 -0 -0.0294782)
(0.369385 -0 -0.0289539)
(0.385769 -0 -0.0297343)
(0.354662 -0 -0.0270568)
(0.385918 -0 -0.0292908)
(0.311751 -0 -0.0241459)
(0.286109 -0 -0.0229273)
(0.211208 -0 -0.0176404)
(0.212532 -0 -0.0174414)
(0.190944 -0 -0.0142673)
(0.176517 -0 -0.0123468)
(0.16857 -0 -0.0117864)
(0.133994 -0 -0.00936032)
(0.116367 -0 -0.00803315)
(0.0949738 -0 -0.00655435)
(0.0662057 -0 -0.00445542)
(0.0508146 -0 -0.00342244)
(0.0361263 -0 -0.00237602)
(0.0285874 -0 -0.00194293)
(0.0249814 -0 -0.00169692)
(0.0229692 -0 -0.00166978)
(0.0190718 -0 -0.00147037)
(0.0175884 -0 -0.00155103)
(0.0134195 -0 -0.00122628)
(0.0126215 -0 -0.00120383)
(0.0104262 -0 -0.00106852)
(0.0100686 -0 -0.00123178)
(0.00793373 -0 -0.00114667)
(0.00760959 -0 -0.00126602)
(0.00643293 -0 -0.00119129)
(0.00663654 -0 -0.00133782)
(0.00581885 -0 -0.00127026)
(0.00579057 -0 -0.00139183)
(0.00463749 -0 -0.00122956)
(0.0038362 -0 -0.00115611)
(0.00256275 -0 -0.000864432)
(0.00154278 -0 -0.000540377)
(0.000746481 -0 -0.000261631)
(0.000283052 -0 -0.000108087)
(5.5163e-05 -0 -2.30824e-05)
(2.30967e-06 -0 -7.5951e-07)
(1.07706e-06 -0 -1.31318e-07)
(0 -0 0)
(0 -0 0)
(0 -0 0)
(0 -0 0)
(0 -0 0)
(0 -0 0)
(0 -0 0)
(0 -0 0)
(0 -0 0)
(0 -0 0)
(0 -0 0)
(0 -0 0)
(0 -0 0)
(0 -0 0)
(0 -0 0)
(0 -0 0)
(0 -0 0)
(0 -0 0)
(0 -0 0)
(0 -0 0)
(0 -0 0)
(0 -0 0)
(0 -0 0)
(0 -0 0)
(0 -0 0)
(0 -0 0)
(0 -0 0)
(0 -0 0)
(0 -0 0)
(0 -0 0)
(0 -0 0)
(0 -0 0)
(0 -0 0)
(0 -0 0)
(0 -0 0)
(0 -0 0)
(0 -0 0)
(0 -0 0)
(0 -0 0)
(2.83978 -0 -0.0185102)
(1.87987 -0 -0.0301802)
(1.28159 -0 -0.0254001)
(0.574018 -0 -0.0126357)
(0.753055 -0 -0.0162226)
(1.37548 -0 -0.0233765)
(1.81309 -0 -0.0279824)
(1.68939 -0 -0.0318842)
(1.63848 -0 -0.0390041)
(1.76063 -0 -0.0498418)
(1.48186 -0 -0.0458903)
(1.16854 -0 -0.0386409)
(0.694713 -0 -0.0262378)
(0.595606 -0 -0.0253261)
(1.15582 -0 -0.0528042)
(1.72074 -0 -0.0744015)
(1.77619 -0 -0.071329)
(1.55128 -0 -0.0800489)
(1.4517 -0 -0.110367)
(1.42879 -0 -0.136188)
(1.09348 -0 -0.104091)
(0.571125 -0 -0.043768)
(0.215829 -0 -0.0115598)
(0.175031 -0 -0.00534015)
(0.251877 -0 -0.00352125)
(0.293479 -0 -0.0018066)
(0.316423 -0 -0.00143451)
(0.310259 -0 -0.00225313)
(0.278354 -0 -0.00233651)
(0.266554 -0 -0.00197476)
(0.237141 -0 -0.00100868)
(0.204049 -0 -0.000427991)
(0.153551 -0 -3.81775e-05)
(0.128958 -0 5.43144e-05)
(0.107288 -0 0.00021329)
(0.0999614 -0 0.000280367)
(0.0954666 -0 0.000311781)
(0.0973845 -0 0.000191592)
(0.0902758 -0 6.82846e-05)
(0.0827816 -0 -8.89027e-05)
(0.0756529 -0 -0.000156018)
(0.0683492 -0 -0.000304634)
(0.0616939 -0 -0.000394616)
(0.0602587 -0 -0.000567222)
(0.0570815 -0 -0.00060456)
(0.0544015 -0 -0.000608104)
(0.0494975 -0 -0.000529398)
(0.0456336 -0 -0.000660923)
(0.0403766 -0 -0.00102103)
(0.036459 -0 -0.0012824)
(0.0328573 -0 -0.00136235)
(0.0284823 -0 -0.00140059)
(0.0250338 -0 -0.00148132)
(0.0211808 -0 -0.001504)
(0.0175519 -0 -0.00148669)
(0.0138228 -0 -0.00136395)
(0.0107174 -0 -0.00119903)
(0.00786343 -0 -0.000980874)
(0.00609406 -0 -0.000844386)
(0.00462293 -0 -0.000700791)
(0.0039502 -0 -0.00064249)
(0.00335047 -0 -0.000553487)
(0.00297759 -0 -0.000518527)
(0.00251504 -0 -0.000465981)
(0.00230292 -0 -0.000449332)
(0.00209405 -0 -0.000407445)
(0.00206784 -0 -0.000415798)
(0.00203139 -0 -0.000421369)
(0.00207095 -0 -0.000455893)
(0.00211265 -0 -0.000507835)
(0.00197588 -0 -0.00051285)
(0.00179616 -0 -0.000492433)
(0.00130595 -0 -0.000371623)
(0.000895123 -0 -0.000272641)
(0.000445445 -0 -0.000149811)
(0.000143617 -0 -5.07003e-05)
(2.74061e-05 -0 -8.17833e-06)
(2.46668e-06 -0 -4.22219e-07)
(1.09198e-06 -0 -2.2152e-08)
(0 -0 0)
(0 -0 0)
(0 -0 0)
(0 -0 0)
(0 -0 0)
(0 -0 0)
(0 -0 0)
(0 -0 0)
(0 -0 0)
(0 -0 0)
(0 -0 0)
(0 -0 0)
(0 -0 0)
(0 -0 0)
(0 -0 0)
(0 -0 0)
(0 -0 0)
(0 -0 0)
(0 -0 0)
(0 -0 0)
(0 -0 0)
(0 -0 0)
(0 -0 0)
(0 -0 0)
(0 -0 0)
(0 -0 0)
(0 -0 0)
(0 -0 0)
(0 -0 0)
(0 -0 0)
(0 -0 0)
(0 -0 0)
(0 -0 0)
(0 -0 0)
(0 -0 0)
(0 -0 0)
(0 -0 0)
(0 -0 0)
(0 -0 0)
(0 -0 0)
(0 -0 0)
(0.103463 -0 0.000940738)
(0.0730742 -0 0.00154813)
(0.0620164 -0 0.00147861)
(0.0445076 -0 0.00104898)
(0.0577883 -0 0.00118886)
(0.087689 -0 0.00113892)
(0.109317 -0 0.000833568)
(0.11235 -0 0.000823053)
(0.116677 -0 0.00100318)
(0.118216 -0 0.0011496)
(0.106771 -0 0.000992353)
(0.094856 -0 0.000858796)
(0.0832668 -0 0.000976732)
(0.0935171 -0 0.00137071)
(0.128191 -0 0.00219347)
(0.160438 -0 0.00223549)
(0.155789 -0 0.00142599)
(0.143452 -0 0.00296206)
(0.135992 -0 0.00632438)
(0.122546 -0 0.00884664)
(0.0836224 -0 0.00724323)
(0.0478933 -0 0.00415061)
(0.0310693 -0 0.00226549)
(0.029478 -0 0.00154252)
(0.0315294 -0 0.000924168)
(0.0328073 -0 0.000312652)
(0.0319916 -0 -0.000126129)
(0.0290816 -0 -0.00039432)
(0.0250585 -0 -0.00059433)
(0.0214856 -0 -0.000770186)
(0.018545 -0 -0.000884305)
(0.0162786 -0 -0.000923973)
(0.0143695 -0 -0.000929437)
(0.0135115 -0 -0.000949583)
(0.0134872 -0 -0.00102559)
(0.0137838 -0 -0.00111358)
(0.0140199 -0 -0.00121031)
(0.0140309 -0 -0.00126747)
(0.0135145 -0 -0.00126655)
(0.012577 -0 -0.00119871)
(0.0117449 -0 -0.00113835)
(0.0108273 -0 -0.00104928)
(0.0101796 -0 -0.000983305)
(0.00979132 -0 -0.000931842)
(0.00954224 -0 -0.000911409)
(0.00931351 -0 -0.000898271)
(0.00896681 -0 -0.000898048)
(0.00870198 -0 -0.00086837)
(0.00846064 -0 -0.000778236)
(0.00808757 -0 -0.000688989)
(0.00759815 -0 -0.000638767)
(0.00712322 -0 -0.000580618)
(0.00654558 -0 -0.000507992)
(0.0060464 -0 -0.000447596)
(0.00539079 -0 -0.000395834)
(0.00478204 -0 -0.000366181)
(0.00397962 -0 -0.000325471)
(0.00337578 -0 -0.000294733)
(0.00271094 -0 -0.000250384)
(0.00225459 -0 -0.000221469)
(0.00181795 -0 -0.000197096)
(0.00154053 -0 -0.000189152)
(0.0012591 -0 -0.00017454)
(0.0010927 -0 -0.000164011)
(0.000911539 -0 -0.00015327)
(0.000799798 -0 -0.000148482)
(0.000740858 -0 -0.000156502)
(0.000696457 -0 -0.000164532)
(0.000640564 -0 -0.00016813)
(0.000503869 -0 -0.000143912)
(0.00042176 -0 -0.0001309)
(0.000221639 -0 -7.42579e-05)
(8.4516e-05 -0 -2.59959e-05)
(4.05087e-06 -0 -7.69095e-07)
(3.31445e-06 -0 -1.70309e-07)
(1.82783e-06 -0 3.63973e-08)
(5.50065e-07 -0 1.10968e-08)
(0 -0 0)
(0 -0 0)
(0 -0 0)
(0 -0 0)
(0 -0 0)
(0 -0 0)
(0 -0 0)
(0 -0 0)
(0 -0 0)
(0 -0 0)
(0 -0 0)
(0 -0 0)
(0 -0 0)
(0 -0 0)
(0 -0 0)
(0 -0 0)
(0 -0 0)
(0 -0 0)
(0 -0 0)
(0 -0 0)
(0 -0 0)
(0 -0 0)
(0 -0 0)
(0 -0 0)
(0 -0 0)
(0 -0 0)
(0 -0 0)
(0 -0 0)
(0 -0 0)
(0 -0 0)
(0 -0 0)
(0 -0 0)
(0 -0 0)
(0 -0 0)
(0 -0 0)
(0 -0 0)
(0 -0 0)
(0 -0 0)
(0 -0 0)
(0 -0 0)
(0 -0 0)
(0 -0 0)
(0 -0 0)
(0.00530983 -0 3.76605e-05)
(0.00265605 -0 5.67272e-05)
(0.00243964 -0 8.57242e-05)
(0.00233006 -0 9.17652e-05)
(0.00272594 -0 8.64726e-05)
(0.00334104 -0 9.24837e-05)
(0.0042562 -0 0.000139269)
(0.00491212 -0 0.000194357)
(0.00562439 -0 0.000261177)
(0.00603517 -0 0.000323474)
(0.0067517 -0 0.00040591)
(0.00739481 -0 0.000479372)
(0.00862979 -0 0.000568352)
(0.0103307 -0 0.000692921)
(0.0127731 -0 0.000868524)
(0.0150843 -0 0.00117125)
(0.0170568 -0 0.00162256)
(0.0181293 -0 0.00170127)
(0.0181615 -0 0.00132688)
(0.017072 -0 0.000859188)
(0.0149596 -0 0.000531894)
(0.0129469 -0 0.000391559)
(0.0129981 -0 0.000420626)
(0.0147382 -0 0.000564807)
(0.0170251 -0 0.000749482)
(0.0183266 -0 0.000857245)
(0.0187473 -0 0.000828416)
(0.0178251 -0 0.000688737)
(0.0165765 -0 0.000553678)
(0.014926 -0 0.000435725)
(0.0136221 -0 0.000332876)
(0.0123555 -0 0.000233178)
(0.01161 -0 0.000145285)
(0.0110779 -0 6.52019e-05)
(0.0110131 -0 6.60359e-07)
(0.0107633 -0 -4.93363e-05)
(0.0106515 -0 -9.20964e-05)
(0.0101198 -0 -0.000125916)
(0.00959562 -0 -0.00015908)
(0.00878225 -0 -0.000184964)
(0.00814619 -0 -0.000212193)
(0.00735204 -0 -0.000237028)
(0.00677457 -0 -0.00026871)
(0.00613379 -0 -0.000285955)
(0.00569986 -0 -0.000299758)
(0.00517415 -0 -0.000298239)
(0.00482603 -0 -0.000301844)
(0.00432349 -0 -0.000309479)
(0.00387916 -0 -0.00035738)
(0.00341168 -0 -0.000392252)
(0.00304189 -0 -0.000404842)
(0.00267173 -0 -0.000392961)
(0.00238078 -0 -0.000378122)
(0.00208363 -0 -0.000354927)
(0.00188716 -0 -0.000335214)
(0.00168602 -0 -0.00030325)
(0.00152238 -0 -0.000278393)
(0.00132412 -0 -0.00024397)
(0.00115837 -0 -0.000218316)
(0.000921965 -0 -0.000178811)
(0.000780426 -0 -0.000147603)
(0.000653597 -0 -0.000126725)
(0.000519034 -0 -0.00010738)
(0.00041036 -0 -8.97257e-05)
(0.000297243 -0 -7.04746e-05)
(0.000217964 -0 -5.49356e-05)
(0.000150019 -0 -3.95277e-05)
(0.000144586 -0 -3.80852e-05)
(8.21247e-05 -0 -2.33367e-05)
(2.9905e-05 -0 -8.44877e-06)
(2.26406e-06 -0 -4.06436e-07)
(2.33955e-06 -0 -1.30979e-07)
(1.36397e-06 -0 3.45887e-08)
(0 -0 0)
(0 -0 0)
(0 -0 0)
(0 -0 0)
(0 -0 0)
(0 -0 0)
(0 -0 0)
(0 -0 0)
(0 -0 0)
(0 -0 0)
(0 -0 0)
(0 -0 0)
(0 -0 0)
(0 -0 0)
(0 -0 0)
(0 -0 0)
(0 -0 0)
(0 -0 0)
(0 -0 0)
(0 -0 0)
(0 -0 0)
(0 -0 0)
(0 -0 0)
(0 -0 0)
(0 -0 0)
(0 -0 0)
(0 -0 0)
(0 -0 0)
(0 -0 0)
(0 -0 0)
(0 -0 0)
(0 -0 0)
(0 -0 0)
(0 -0 0)
(0 -0 0)
(0 -0 0)
(0 -0 0)
(0 -0 0)
(0 -0 0)
(0 -0 0)
(0 -0 0)
(0 -0 0)
(0 -0 0)
(0 -0 0)
(0 -0 0)
(0 -0 0)
(0 -0 0)
(2.878e-05 -0 -5.57807e-11)
(1.32556e-05 -0 -2.03668e-10)
(9.87926e-06 -0 -7.62621e-11)
(8.89398e-06 -0 1.17862e-07)
(9.71736e-06 -0 4.49482e-07)
(7.72982e-05 -0 5.76391e-06)
(0.000133757 -0 1.12836e-05)
(0.00025041 -0 2.1574e-05)
(0.000344332 -0 2.98701e-05)
(0.000516701 -0 4.55569e-05)
(0.000676505 -0 6.15673e-05)
(0.000993893 -0 9.3409e-05)
(0.00132479 -0 0.00012698)
(0.0018948 -0 0.000181003)
(0.00255324 -0 0.000237976)
(0.00352009 -0 0.000250059)
(0.00383495 -0 0.000122433)
(0.00345778 -0 5.38587e-05)
(0.00301162 -0 8.61054e-05)
(0.00275125 -0 0.00012759)
(0.00245463 -0 0.000147051)
(0.00243867 -0 0.000165694)
(0.00264165 -0 0.000186872)
(0.00312532 -0 0.000223768)
(0.00362995 -0 0.000262954)
(0.00411957 -0 0.000306365)
(0.00446722 -0 0.000340452)
(0.00463504 -0 0.000358309)
(0.00470989 -0 0.000363022)
(0.00472725 -0 0.000358604)
(0.00482683 -0 0.000352361)
(0.00493699 -0 0.000340145)
(0.00518574 -0 0.000330647)
(0.00545018 -0 0.0003158)
(0.0058328 -0 0.000293977)
(0.00610697 -0 0.000243241)
(0.00634183 -0 0.000180663)
(0.00636625 -0 0.000113474)
(0.00634056 -0 3.75948e-05)
(0.00610273 -0 -4.03905e-05)
(0.00587704 -0 -0.000100336)
(0.00551628 -0 -0.000139018)
(0.00525967 -0 -0.000170384)
(0.00487413 -0 -0.000184638)
(0.00457624 -0 -0.000192454)
(0.00420916 -0 -0.000201883)
(0.00389023 -0 -0.000218102)
(0.0035559 -0 -0.000218504)
(0.00327606 -0 -0.000199779)
(0.00298579 -0 -0.000185135)
(0.00264702 -0 -0.000184751)
(0.00232351 -0 -0.00018614)
(0.00198757 -0 -0.000177813)
(0.00168555 -0 -0.00016927)
(0.00139653 -0 -0.000161863)
(0.00114662 -0 -0.000148598)
(0.000915906 -0 -0.000127875)
(0.000734246 -0 -0.00010331)
(0.000561219 -0 -7.57097e-05)
(0.000427335 -0 -6.07671e-05)
(0.000332271 -0 -5.82531e-05)
(0.000218956 -0 -4.63663e-05)
(0.000136483 -0 -3.04105e-05)
(6.31185e-05 -0 -1.41506e-05)
(3.42434e-05 -0 -7.33192e-06)
(1.46312e-05 -0 -2.81686e-06)
(7.6587e-06 -0 -1.38014e-06)
(1.2388e-06 -0 -1.54595e-07)
(1.43595e-06 -0 -5.95735e-08)
(8.64547e-07 -0 3.18505e-08)
(0 -0 0)
(0 -0 0)
(0 -0 0)
(0 -0 0)
(0 -0 0)
(0 -0 0)
(0 -0 0)
(0 -0 0)
(0 -0 0)
(0 -0 0)
(0 -0 0)
(0 -0 0)
(0 -0 0)
(0 -0 0)
(0 -0 0)
(0 -0 0)
(0 -0 0)
(0 -0 0)
(0 -0 0)
(0 -0 0)
(0 -0 0)
(0 -0 0)
(0 -0 0)
(0 -0 0)
(0 -0 0)
(0 -0 0)
(0 -0 0)
(0 -0 0)
(0 -0 0)
(0 -0 0)
(0 -0 0)
(0 -0 0)
(0 -0 0)
(0 -0 0)
(0 -0 0)
(0 -0 0)
(0 -0 0)
(0 -0 0)
(0 -0 0)
(0 -0 0)
(0 -0 0)
(0 -0 0)
(0 -0 0)
(0 -0 0)
(0 -0 0)
(0 -0 0)
(0 -0 0)
(0 -0 0)
(0 -0 0)
(0 -0 0)
(0 -0 -0)
(0 -0 -0)
(0 -0 -0)
(0 -0 -0)
(0 -0 0)
(5.53482e-07 -0 4.7598e-10)
(9.03595e-07 -0 1.2163e-09)
(1.62597e-06 -0 2.11371e-09)
(2.10109e-06 -0 2.82226e-09)
(3.0897e-06 -0 3.60847e-09)
(3.75977e-06 -0 5.11598e-09)
(5.32792e-06 -0 6.51508e-09)
(6.47367e-06 -0 8.74942e-09)
(9.16377e-06 -0 9.47218e-09)
(1.10604e-05 -0 1.12125e-08)
(1.5555e-05 -0 3.58137e-07)
(1.563e-05 -0 1.19961e-06)
(0.000111504 -0 1.29857e-05)
(0.000123907 -0 1.49116e-05)
(0.000182286 -0 2.04803e-05)
(0.000197025 -0 2.09523e-05)
(0.000267118 -0 2.73623e-05)
(0.000327778 -0 3.24579e-05)
(0.000459518 -0 4.38639e-05)
(0.00057062 -0 5.21637e-05)
(0.000735536 -0 6.33137e-05)
(0.000847466 -0 6.71462e-05)
(0.000991007 -0 7.09632e-05)
(0.00107462 -0 6.93737e-05)
(0.00119886 -0 7.04602e-05)
(0.00130165 -0 6.91108e-05)
(0.00145885 -0 6.80934e-05)
(0.00161105 -0 6.28496e-05)
(0.00180893 -0 5.64469e-05)
(0.00199184 -0 4.82901e-05)
(0.00219554 -0 3.93374e-05)
(0.00230662 -0 2.90176e-05)
(0.00239542 -0 1.98722e-05)
(0.00240994 -0 7.54449e-06)
(0.00239618 -0 -7.28064e-06)
(0.0022883 -0 -2.23311e-05)
(0.00218328 -0 -3.98227e-05)
(0.00197721 -0 -5.09007e-05)
(0.00181184 -0 -5.62495e-05)
(0.00161149 -0 -5.75462e-05)
(0.00144751 -0 -5.69383e-05)
(0.00127399 -0 -5.15455e-05)
(0.00108622 -0 -4.52385e-05)
(0.000935299 -0 -4.43861e-05)
(0.00079431 -0 -4.43349e-05)
(0.000668591 -0 -4.1785e-05)
(0.000522894 -0 -3.55716e-05)
(0.000418468 -0 -3.01877e-05)
(0.000316405 -0 -2.38406e-05)
(0.000246037 -0 -1.96714e-05)
(0.000177528 -0 -1.56976e-05)
(0.000130643 -0 -1.34639e-05)
(7.56914e-05 -0 -8.62574e-06)
(3.47306e-05 -0 -4.33276e-06)
(1.41555e-05 -0 -1.64014e-06)
(1.76571e-06 -0 -1.11281e-07)
(1.99616e-06 -0 -1.96979e-08)
(1.90477e-06 -0 3.28972e-08)
(1.09831e-06 -0 2.77839e-08)
(6.60085e-07 -0 2.15471e-08)
(3.09091e-07 -0 1.02738e-08)
(2.58505e-07 -0 8.26714e-09)
(0 -0 0)
(0 -0 0)
(0 -0 0)
(0 -0 0)
(0 -0 0)
(0 -0 0)
(0 -0 0)
(0 -0 0)
(0 -0 0)
(0 -0 0)
(0 -0 0)
(0 -0 0)
(0 -0 0)
(0 -0 0)
(0 -0 0)
(0 -0 0)
(0 -0 0)
(0 -0 0)
(0 -0 -0)
(0 -0 0)
(0 -0 0)
(0 -0 0)
(0 -0 0)
(0 -0 0)
(0 -0 0)
(0 -0 0)
(0 -0 0)
(0 -0 0)
(0 -0 0)
(0 -0 0)
(0 -0 0)
(0 -0 0)
(0 -0 0)
(0 -0 0)
(0 -0 0)
(0 -0 0)
(0 -0 0)
(0 -0 0)
(0 -0 0)
(0 -0 0)
(0 -0 0)
(0 -0 0)
(0 -0 0)
(0 -0 0)
(0 -0 0)
(0 -0 0)
(0 -0 0)
(0 -0 0)
(0 -0 0)
(0 -0 0)
(0 -0 0)
(0 -0 0)
(0 -0 0)
(0 -0 -0)
(0 -0 -0)
(0 -0 -0)
(0 -0 -0)
(0 -0 -0)
(0 -0 0)
(0 -0 0)
(0 -0 0)
(0 -0 0)
(0 -0 0)
(0 -0 0)
(0 -0 0)
(0 -0 0)
(0 -0 0)
(0 -0 0)
(0 -0 0)
(0 -0 0)
(9.50633e-07 -0 -6.13845e-10)
(1.22336e-06 -0 -9.25958e-10)
(1.75212e-06 -0 -1.07999e-09)
(1.84471e-06 -0 -8.2722e-10)
(2.28425e-06 -0 -4.42524e-10)
(2.55945e-06 -0 2.7234e-11)
(3.22989e-06 -0 3.91671e-10)
(3.69836e-06 -0 5.57264e-10)
(4.4183e-06 -0 6.19598e-10)
(4.76882e-06 -0 6.0942e-10)
(5.25089e-06 -0 6.66726e-10)
(5.37199e-06 -0 7.28929e-10)
(5.68137e-06 -0 9.18058e-10)
(5.82786e-06 -0 9.87559e-10)
(6.22252e-06 -0 1.07423e-09)
(6.548e-06 -0 8.89341e-10)
(7.07053e-06 -0 6.96763e-10)
(7.48084e-06 -0 4.75557e-10)
(8.00385e-06 -0 2.95724e-10)
(8.25933e-06 -0 1.40356e-10)
(8.4592e-06 -0 8.19955e-11)
(8.44803e-06 -0 2.39553e-11)
(8.43765e-06 -0 2.45779e-11)
(8.15747e-06 -0 7.14773e-11)
(7.93848e-06 -0 3.479e-10)
(7.35435e-06 -0 6.87816e-10)
(6.92106e-06 -0 8.25249e-10)
(6.31123e-06 -0 1.26027e-09)
(5.7886e-06 -0 1.32788e-09)
(5.27813e-06 -0 1.64658e-09)
(4.74593e-06 -0 1.26868e-09)
(4.25644e-06 -0 2.09527e-09)
(3.75392e-06 -0 2.75252e-09)
(3.38322e-06 -0 3.47439e-09)
(2.77249e-06 -0 3.93357e-09)
(2.30703e-06 -0 4.24896e-09)
(1.85484e-06 -0 3.96292e-09)
(1.51955e-06 -0 3.83041e-09)
(1.23217e-06 -0 3.88576e-09)
(1.18138e-06 -0 4.21776e-09)
(9.10267e-07 -0 5.29558e-09)
(5.49686e-07 -0 3.87097e-09)
(2.57332e-07 -0 3.64395e-09)
(0 -0 0)
(0 -0 0)
(0 -0 0)
(0 -0 0)
(0 -0 0)
(0 -0 0)
(0 -0 0)
(0 -0 0)
(0 -0 0)
(0 -0 0)
(0 -0 0)
(0 -0 0)
(0 -0 0)
(0 -0 0)
(0 -0 0)
(0 -0 0)
(0 -0 0)
(0 -0 0)
(0 -0 0)
(0 -0 0)
(0 -0 0)
(0 -0 0)
(0 -0 0)
(0 -0 0)
(0 -0 -0)
(0 -0 -0)
(0 -0 -0)
(0 -0 0)
(0 -0 0)
(0 -0 0)
(0 -0 0)
(0 -0 0)
(0 -0 0)
(0 -0 0)
(0 -0 0)
(0 -0 0)
(0 -0 0)
(0 -0 0)
(0 -0 0)
(0 -0 0)
(0 -0 0)
(0 -0 0)
(0 -0 0)
(0 -0 0)
(0 -0 0)
(0 -0 0)
(0 -0 0)
(0 -0 0)
(0 -0 0)
(0 -0 0)
(0 -0 0)
(0 -0 0)
(0 -0 0)
(0 -0 0)
(0 -0 0)
(0 -0 0)
(0 -0 0)
(0 -0 0)
(0 -0 0)
(0 -0 0)
(0 -0 -0)
(0 -0 -0)
(0 -0 -0)
(0 -0 -0)
(0 -0 -0)
(0 -0 0)
(0 -0 0)
(0 -0 0)
(0 -0 0)
(0 -0 0)
(0 -0 0)
(0 -0 0)
(0 -0 0)
(0 -0 0)
(0 -0 0)
(0 -0 0)
(0 -0 -0)
(0 -0 -0)
(0 -0 -0)
(0 -0 -0)
(0 -0 -0)
(0 -0 -0)
(0 -0 -0)
(0 -0 -0)
(0 -0 -0)
(0 -0 -0)
(0 -0 0)
(0 -0 0)
(0 -0 0)
(0 -0 0)
(0 -0 0)
(0 -0 0)
(0 -0 0)
(0 -0 0)
(0 -0 0)
(0 -0 0)
(0 -0 0)
(0 -0 0)
(0 -0 0)
(0 -0 0)
(0 -0 0)
(0 -0 0)
(0 -0 0)
(0 -0 0)
(0 -0 0)
(0 -0 0)
(0 -0 0)
(0 -0 0)
(0 -0 0)
(0 -0 0)
(0 -0 0)
(0 -0 0)
(0 -0 0)
(0 -0 0)
(0 -0 0)
(0 -0 0)
(0 -0 0)
(0 -0 0)
(0 -0 0)
(0 -0 0)
(0 -0 0)
(0 -0 0)
(0 -0 0)
(0 -0 0)
(0 -0 0)
(0 -0 0)
(0 -0 0)
(0 -0 0)
(0 -0 0)
(0 -0 0)
(0 -0 0)
(0 -0 0)
(0 -0 0)
(0 -0 0)
(0 -0 0)
(0 -0 0)
(0 -0 0)
(0 -0 0)
(0 -0 0)
(0 -0 0)
(0 -0 0)
(0 -0 0)
(0 -0 0)
(0 -0 -0)
(0 -0 -0)
(0 -0 -0)
(0 -0 -0)
(0 -0 -0)
(0 -0 0)
(0 -0 0)
(0 -0 0)
(0 -0 0)
(0 -0 0)
(0 -0 0)
(0 -0 0)
(0 -0 0)
(0 -0 0)
(0 -0 0)
(0 -0 0)
(0 -0 0)
(0 -0 0)
(0 -0 0)
(0 -0 0)
(0 -0 0)
(0 -0 0)
(0 -0 0)
(0 -0 0)
(0 -0 0)
(0 -0 0)
(0 -0 0)
(0 -0 0)
(0 -0 0)
(0 -0 0)
(0 -0 0)
(0 -0 0)
(0 -0 0)
(0 -0 0)
(0 -0 0)
(0 -0 0)
(0 -0 0)
(0 -0 -0)
(0 -0 -0)
(0 -0 -0)
(0 -0 -0)
(0 -0 -0)
(0 -0 -0)
(0 -0 0)
(0 -0 0)
(0 -0 0)
(0 -0 0)
(0 -0 0)
(0 -0 0)
(0 -0 0)
(0 -0 0)
(0 -0 0)
(0 -0 -0)
(0 -0 -0)
(0 -0 -0)
(0 -0 -0)
(0 -0 -0)
(0 -0 -0)
(0 -0 -0)
(0 -0 -0)
(0 -0 -0)
(0 -0 -0)
(0 -0 -0)
(0 -0 -0)
(0 -0 -0)
(0 -0 -0)
(0 -0 -0)
(0 -0 0)
(0 -0 0)
(0 -0 0)
(0 -0 0)
(0 -0 0)
(0 -0 0)
(0 -0 0)
(0 -0 0)
(0 -0 0)
(0 -0 0)
(0 -0 0)
(0 -0 0)
(0 -0 0)
(0 -0 0)
(0 -0 0)
(0 -0 0)
(0 -0 0)
(0 -0 0)
(0 -0 0)
(0 -0 0)
(0 -0 0)
(0 -0 0)
(0 -0 0)
(0 -0 0)
(0 -0 0)
(0 -0 0)
(0 -0 0)
(0 -0 0)
(0 -0 0)
(0 -0 0)
(0 -0 0)
(0 -0 0)
(0 -0 0)
(0 -0 0)
(0 -0 0)
(0 -0 0)
(0 -0 0)
(0 -0 0)
(0 -0 0)
(0 -0 0)
(0 -0 0)
(0 -0 0)
(0 -0 0)
(0 -0 0)
(0 -0 0)
(0 -0 0)
(0 -0 0)
(0 -0 0)
(0 -0 0)
(0 -0 0)
(0 -0 0)
(0 -0 0)
(0 -0 0)
(0 -0 -0)
(0 -0 -0)
(0 -0 -0)
(0 -0 -0)
(0 -0 -0)
(0 -0 0)
(0 -0 0)
(0 -0 0)
(0 -0 0)
(0 -0 0)
(0 -0 0)
(0 -0 0)
(0 -0 0)
(0 -0 0)
(0 -0 0)
(0 -0 0)
(0 -0 0)
(0 -0 0)
(0 -0 0)
(0 -0 0)
(0 -0 0)
(0 -0 0)
(0 -0 0)
(0 -0 0)
(0 -0 0)
(0 -0 0)
(0 -0 0)
(0 -0 0)
(0 -0 0)
(0 -0 0)
(0 -0 0)
(0 -0 0)
(0 -0 0)
(0 -0 0)
(0 -0 0)
(0 -0 0)
(0 -0 0)
)
;

boundaryField
{
    hot
    {
        type            calculated;
        value           nonuniform List<vector> 
32
(
(0 -0 0)
(0 -0 0)
(0 -0 0)
(0 -0 0)
(0 -0 0)
(0 -0 0)
(0 -0 0)
(0 -0 -0)
(0 -0 -0)
(0 -0 -0)
(0 -0 -0)
(0 -0 -0)
(0 -0 -0)
(0 -0 -0)
(0 -0 -0)
(0 -0 -0)
(0 -0 -0)
(0 -0 -0)
(0 -0 -0)
(0 -0 -0)
(0 -0 -0)
(0 -0 -0)
(0 -0 -0)
(0 -0 -0)
(0 -0 -0)
(0 -0 -0)
(0 -0 0)
(0 -0 0)
(0 -0 0)
(0 -0 0)
(0 -0 0)
(1.92963 -0 4.19438e-06)
)
;
    }
    hotTop
    {
        type            calculated;
        value           nonuniform List<vector> 8((3.51108 -0 -0.0228819) (0.137024 -0 0.00124612) (0.00804244 -0 5.70329e-05) (4.18912e-05 -0 -5.57807e-11) (0 -0 -0) (0 -0 -0) (0 -0 -0) (0 -0 -0));
    }
    cold
    {
        type            calculated;
        value           uniform (0 -0 0);
    }
    coldTop
    {
        type            calculated;
        value           uniform (0 -0 0);
    }
    top
    {
        type            calculated;
        value           uniform (0 -0 -0);
    }
    btm
    {
        type            calculated;
        value           nonuniform List<vector> 
120
(
(0 -0 -0)
(0 -0 -0)
(0 -0 -0)
(0 -0 -0)
(0 -0 -0)
(0 -0 -0)
(0 -0 -0)
(0 -0 -0)
(0 -0 -0)
(0 -0 -0)
(0 -0 -0)
(0 -0 -0)
(0 -0 -0)
(0 -0 -0)
(0 -0 -0)
(0 -0 -0)
(0 -0 -0)
(0 -0 -0)
(0 -0 -0)
(0 -0 -0)
(0 -0 -0)
(0 -0 -0)
(0 -0 -0)
(0 -0 -0)
(0 -0 -0)
(0 -0 -0)
(0 -0 -0)
(0 -0 -0)
(0 -0 -0)
(0 -0 -0)
(0 -0 -0)
(0 -0 -0)
(0 -0 -0)
(0 -0 -0)
(0 -0 -0)
(0 -0 -0)
(0 -0 -0)
(0 -0 -0)
(0 -0 -0)
(0 -0 -0)
(0 -0 -0)
(0 -0 -0)
(0 -0 -0)
(0 -0 -0)
(0 -0 -0)
(0 -0 -0)
(0 -0 -0)
(0 -0 -0)
(0 -0 -0)
(0 -0 -0)
(0 -0 -0)
(0 -0 -0)
(0 -0 -0)
(0 -0 -0)
(0 -0 -0)
(0 -0 -0)
(0 -0 -0)
(0 -0 -0)
(0 -0 -0)
(0 -0 -0)
(0 -0 -0)
(0 -0 -0)
(0 -0 -0)
(0 -0 -0)
(0 -0 -0)
(0 -0 -0)
(0 -0 -0)
(0 -0 -0)
(0 -0 -0)
(0 -0 -0)
(0 -0 -0)
(0 -0 -0)
(0 -0 -0)
(0 -0 -0)
(0 -0 -0)
(0 -0 -0)
(0 -0 -0)
(0 -0 -0)
(0 -0 -0)
(4.20406 -0 -0)
(4.21021 -0 -0)
(0 -0 -0)
(0 -0 -0)
(0 -0 -0)
(0 -0 -0)
(0 -0 -0)
(0 -0 -0)
(0 -0 -0)
(0 -0 -0)
(0 -0 -0)
(0 -0 -0)
(0 -0 -0)
(0 -0 -0)
(0 -0 -0)
(0 -0 -0)
(0 -0 -0)
(0 -0 -0)
(0 -0 -0)
(0 -0 -0)
(0 -0 -0)
(0 -0 -0)
(0 -0 -0)
(0 -0 -0)
(0 -0 -0)
(0 -0 -0)
(0 -0 -0)
(0 -0 -0)
(0 -0 -0)
(0 -0 -0)
(0 -0 -0)
(0 -0 -0)
(0 -0 -0)
(0 -0 -0)
(0 -0 -0)
(0 -0 -0)
(0 -0 -0)
(0 -0 -0)
(0 -0 -0)
(0 -0 -0)
(0 -0 -0)
)
;
    }
    frontAndBack
    {
        type            empty;
    }
}


// ************************************************************************* //
