/*--------------------------------*- C++ -*----------------------------------*\
  =========                 |
  \\      /  F ield         | OpenFOAM: The Open Source CFD Toolbox
   \\    /   O peration     | Website:  https://openfoam.org
    \\  /    A nd           | Version:  6
     \\/     M anipulation  |
\*---------------------------------------------------------------------------*/
FoamFile
{
    version     2.0;
    format      ascii;
    class       volScalarField;
    location    "2550";
    object      stFactor;
}
// * * * * * * * * * * * * * * * * * * * * * * * * * * * * * * * * * * * * * //

dimensions      [0 0 0 0 0 0 0];

internalField   nonuniform List<scalar> 
4800
(
1
1
1
1
1
1
1
1
1
1
1
1
1
1
1
1
1
1
1
1
1
1
1
1
1
1
1
1
1
1
1
1
1
1
1
1
1
1
1
1
1
1
1
1
1
1
1
1
1
1
1
1
1
1
1
1
1
1
1
1
1
1
1
1
1
1
1
1
1
1
1
1
1
1
1
1
1
1
1
1
0.999916
0.999945
0.999969
0.999992
1
1
1
1
1
1
1
1
1
1
1
1
1
1
1
1
1
1
1
1
1
1
1
1
1
1
1
1
1
1
1
1
1
1
1
1
1
1
1
1
1
1
1
1
1
1
1
1
1
1
1
1
1
1
1
1
1
1
1
1
1
1
1
1
1
1
1
1
1
1
1
1
1
1
1
1
1
1
1
1
1
1
1
1
1
1
1
1
1
1
1
1
1
1
1
1
1
1
1
1
1
1
1
1
1
1
1
1
1
1
1
1
1
1
1
1
0.999922
0.999949
0.999971
0.999992
1
1
1
1
1
1
1
1
1
1
1
1
1
1
1
1
1
1
1
1
1
1
1
1
1
1
1
1
1
1
1
1
1
1
1
1
1
1
1
1
1
1
1
1
1
1
1
1
1
1
1
1
1
1
1
1
1
1
1
1
1
1
1
1
1
1
1
1
1
1
1
1
1
1
1
1
1
1
1
1
1
1
1
1
1
1
1
1
1
1
1
1
1
1
1
1
1
1
1
1
1
1
1
1
1
1
1
1
1
1
1
1
1
1
1
1
0.999939
0.999958
0.999974
0.999993
1
1
1
1
1
1
1
1
1
1
1
1
1
1
1
1
1
1
1
1
1
1
1
1
1
1
1
1
1
1
1
1
1
1
1
1
1
1
1
1
1
1
1
1
1
1
1
1
1
1
1
1
1
1
1
1
1
1
1
1
1
1
1
1
1
1
1
1
1
1
1
1
1
1
1
1
1
1
1
1
1
1
1
1
1
1
1
1
1
1
1
1
1
1
1
1
1
1
1
1
1
1
1
1
1
1
1
1
1
1
1
1
1
1
1
1
1
0.999968
0.999976
0.999992
1
1
1
1
1
1
1
1
1
1
1
1
1
1
1
1
1
1
1
1
1
1
1
1
1
1
1
1
1
1
1
1
1
1
1
1
1
1
1
1
1
1
1
1
1
1
1
1
1
1
1
1
1
1
1
1
1
1
1
1
1
1
1
1
1
1
1
1
1
1
1
1
1
1
1
1
1
1
1
1
1
1
1
1
1
1
1
1
1
1
1
1
1
1
1
1
1
1
1
1
1
1
1
1
1
1
1
1
1
1
1
1
1
1
1
1
1
0.999951
0.999968
0.999988
1
1
1
1
1
1
1
1
1
1
1
1
1
1
1
1
1
1
1
1
1
1
1
1
1
1
1
1
1
1
1
1
1
1
1
1
1
1
1
1
1
1
1
1
1
1
1
1
1
1
1
1
1
1
1
1
1
1
1
1
1
1
1
1
1
1
1
1
1
1
1
1
1
1
1
1
1
1
1
1
1
1
1
1
1
1
1
1
1
1
1
1
1
1
1
1
1
1
1
1
1
1
1
1
1
1
1
1
1
1
1
1
1
1
1
1
1
0.999935
0.999959
0.999981
1
1
1
1
1
1
1
1
1
1
1
1
1
1
1
1
1
1
1
1
1
1
1
1
1
1
1
1
1
1
1
1
1
1
1
1
1
1
1
1
1
1
1
1
1
1
1
1
1
1
1
1
1
1
1
1
1
1
1
1
1
1
1
1
1
1
1
1
1
1
1
1
1
1
1
1
1
1
1
1
1
1
1
1
1
1
1
1
1
1
1
1
1
1
1
1
1
1
1
1
1
1
1
1
1
1
1
1
1
1
1
1
1
1
1
1
1
0.999922
0.99995
0.999975
1
1
1
1
1
1
1
1
1
1
1
1
1
1
1
1
1
1
1
1
1
1
1
1
1
1
1
1
1
1
1
1
1
1
1
1
1
1
1
1
1
1
1
1
1
1
1
1
1
1
1
1
1
1
1
1
1
1
1
1
1
1
1
1
1
1
1
1
1
1
1
1
1
1
1
1
1
1
1
1
1
1
1
1
1
1
1
1
1
1
1
1
1
1
1
1
1
1
1
1
1
1
1
1
1
1
1
1
1
1
1
1
1
1
1
1
1
0.999913
0.999942
0.99997
0.999996
1
1
1
1
1
1
1
1
1
1
1
1
1
1
1
1
1
1
1
1
1
1
1
1
1
1
1
1
1
1
1
1
1
1
1
1
1
1
1
1
1
1
1
1
1
1
1
1
1
1
1
1
1
1
1
1
1
1
1
1
1
1
1
1
1
1
1
1
1
1
1
1
1
1
1
1
1
1
1
1
1
1
1
1
1
1
1
1
1
1
1
1
1
1
1
1
1
1
1
1
1
1
1
1
1
1
1
1
1
1
1
1
1
1
1
1
0.999907
0.999937
0.999965
0.999993
1
1
1
1
1
1
1
1
1
1
1
1
1
1
1
1
1
1
1
1
1
1
1
1
1
1
1
1
1
1
1
1
1
1
1
1
1
1
1
1
1
1
1
1
1
1
1
1
1
1
1
1
1
1
1
1
1
1
1
1
1
1
1
1
1
1
1
1
1
1
1
1
1
1
1
1
1
1
1
1
1
1
1
1
1
1
1
1
1
1
1
1
1
1
1
1
1
1
1
1
1
1
1
1
1
1
1
1
1
1
1
1
1
1
1
1
0.999902
0.999933
0.999962
0.99999
1
1
1
1
1
1
1
1
1
1
1
1
1
1
1
1
1
1
1
1
1
1
1
1
1
1
1
1
1
1
1
1
1
1
1
1
1
1
1
1
1
1
1
1
1
1
1
1
1
1
1
1
1
1
1
1
1
1
1
1
1
1
1
1
1
1
1
1
1
1
1
1
1
1
1
1
1
1
1
1
1
1
1
1
1
1
1
1
1
1
1
1
1
1
1
1
1
1
1
1
1
1
1
1
1
1
1
1
1
1
1
1
1
1
1
1
0.9999
0.999931
0.99996
0.999989
1
1
1
1
1
1
1
1
1
1
1
1
1
1
1
1
1
1
1
1
1
1
1
1
1
1
1
1
1
1
1
1
1
1
1
1
1
1
1
1
1
1
1
1
1
1
1
1
1
1
1
1
1
1
1
1
1
1
1
1
1
1
1
1
1
1
1
1
1
1
1
1
1
1
1
1
1
1
1
1
1
1
1
1
1
1
1
1
1
1
1
1
1
1
1
1
1
1
1
1
1
1
1
1
1
1
1
1
1
1
1
1
1
1
1
1
0.999899
0.99993
0.999959
0.999988
1
1
1
1
1
1
1
1
1
1
1
1
1
1
1
1
1
1
1
1
1
1
1
1
1
1
1
1
1
1
1
1
1
1
1
1
1
1
1
1
1
1
1
1
1
1
1
1
1
1
1
1
1
1
1
1
1
1
1
1
1
1
1
1
1
1
1
1
1
1
1
1
1
1
1
1
1
1
1
1
1
1
1
1
1
1
1
1
1
1
1
1
1
1
1
1
1
1
1
1
1
1
1
1
1
1
1
1
1
1
1
1
1
1
1
1
0.999899
0.99993
0.999959
0.999988
1
1
1
1
1
1
1
1
1
1
1
1
1
1
1
1
1
1
1
1
1
1
1
1
1
1
1
1
1
1
1
1
1
1
1
1
1
1
1
1
1
1
1
1
1
1
1
1
1
1
1
1
1
1
1
1
1
1
1
1
1
1
1
1
1
1
1
1
1
1
1
1
1
1
1
1
1
1
1
1
1
1
1
1
1
1
1
1
1
1
1
1
1
1
1
1
1
1
1
1
1
1
1
1
1
1
1
1
1
1
1
1
1
1
1
1
0.999901
0.999931
0.99996
0.999989
1
1
1
1
1
1
1
1
1
1
1
1
1
1
1
1
1
1
1
1
1
1
1
1
1
1
1
1
1
1
1
1
1
1
1
1
1
1
1
1
1
1
1
1
1
1
1
1
1
1
1
1
1
1
1
1
1
1
1
1
1
1
1
1
1
1
1
1
1
1
1
1
1
1
1
1
1
1
1
1
1
1
1
1
1
1
1
1
1
1
1
1
1
1
1
1
1
1
1
1
1
1
1
1
1
1
1
1
1
1
1
1
1
1
1
1
0.999903
0.999933
0.999962
0.99999
1
1
1
1
1
1
1
1
1
1
1
1
1
1
1
1
1
1
1
1
1
1
1
1
1
1
1
1
1
1
1
1
1
1
1
1
1
1
1
1
1
1
1
1
1
1
1
1
1
1
1
1
1
1
1
1
1
1
1
1
1
1
1
1
1
1
1
1
1
1
1
1
1
1
1
1
1
1
1
1
1
1
1
1
1
1
1
1
1
1
1
1
1
1
1
1
1
1
1
1
1
1
1
1
1
1
1
1
1
1
1
1
1
1
1
1
0.999906
0.999935
0.999964
0.999993
1
1
1
1
1
1
1
1
1
1
1
1
1
1
1
1
1
1
1
1
1
1
1
1
1
1
1
1
1
1
1
1
1
1
1
1
1
1
1
1
1
1
1
1
1
1
1
1
1
1
1
1
1
1
1
1
1
1
1
1
1
1
1
1
1
1
1
1
1
1
1
1
1
1
1
1
1
1
1
1
1
1
1
1
1
1
1
1
1
1
1
1
1
1
1
1
1
1
1
1
1
1
1
1
1
1
1
1
1
1
1
1
1
1
1
1
0.99991
0.999939
0.999967
0.999995
1
1
1
1
1
1
1
1
1
1
1
1
1
1
1
1
1
1
1
1
1
1
1
1
1
1
1
1
1
1
1
1
1
1
1
1
1
1
1
1
1
1
1
1
1
1
1
1
1
1
1
1
1
1
1
1
1
1
1
1
1
1
1
1
1
1
1
1
1
1
1
1
1
1
1
1
1
1
1
1
1
1
1
1
1
1
1
1
1
1
1
1
1
1
1
1
1
1
1
1
1
1
1
1
1
1
1
1
1
1
1
1
1
1
1
1
0.999914
0.999943
0.999971
0.999999
1
1
1
1
1
1
1
1
1
1
1
1
1
1
1
1
1
1
1
1
1
1
1
1
1
1
1
1
1
1
1
1
1
1
1
1
1
1
1
1
1
1
1
1
1
1
1
1
1
1
1
1
1
1
1
1
1
1
1
1
1
1
1
1
1
1
1
1
1
1
1
1
1
1
1
1
1
1
1
1
1
1
1
1
1
1
1
1
1
1
1
1
1
1
1
1
1
1
1
1
1
1
1
1
1
1
1
1
1
1
1
1
1
1
1
1
0.99992
0.999948
0.999976
1
1
1
1
1
1
1
1
1
1
1
1
1
1
1
1
1
1
1
1
1
1
1
1
1
1
1
1
1
1
1
1
1
1
1
1
1
1
1
1
1
1
1
1
1
1
1
1
1
1
1
1
1
1
1
1
1
1
1
1
1
1
1
1
1
1
1
1
1
1
1
1
1
1
1
1
1
1
1
1
1
1
1
1
1
1
1
1
1
1
1
1
1
1
1
1
1
1
1
1
1
1
1
1
1
1
1
1
1
1
1
1
1
1
1
1
1
0.999857
0.999954
0.999981
1
1
1
1
1
1
1
1
1
1
1
1
1
1
1
1
1
1
1
1
1
1
1
1
1
1
1
1
1
1
1
1
1
1
1
1
1
1
1
1
1
1
1
1
1
1
1
1
1
1
1
1
1
1
1
1
1
1
1
1
1
1
1
1
1
1
1
1
1
1
1
1
1
1
1
1
1
1
1
1
1
1
1
1
1
1
1
1
1
1
1
1
1
1
1
1
1
1
1
1
1
1
1
1
1
1
1
1
1
1
1
1
1
1
1
1
1
1
0.999962
0.999986
1
1
1
1
1
1
1
1
1
1
1
1
1
1
1
1
1
1
1
1
1
1
1
1
1
1
1
1
1
1
1
1
1
1
1
1
1
1
1
1
1
1
1
1
1
1
1
1
1
1
1
1
1
1
1
1
1
1
1
1
1
1
1
1
1
1
1
1
1
1
1
1
1
1
1
1
1
1
1
1
1
1
1
1
1
1
1
1
1
1
1
1
1
1
1
1
1
1
1
1
1
1
1
1
1
1
1
1
1
1
1
1
1
1
1
1
1
1
0.999966
0.999992
1
1
1
1
1
1
1
1
1
1
1
1
1
1
1
1
1
1
1
1
1
1
1
1
1
1
1
1
1
1
1
1
1
1
1
1
1
1
1
1
1
1
1
1
1
1
1
1
1
1
1
1
1
1
1
1
1
1
1
1
1
1
1
1
1
1
1
1
1
1
1
1
1
1
1
1
1
1
1
1
1
1
1
1
1
1
1
1
1
1
1
1
1
1
1
1
1
1
1
1
1
1
1
1
1
1
1
1
1
1
1
1
1
1
1
1
1
1
0.99997
0.999997
1
1
1
1
1
1
1
1
1
1
1
1
1
1
1
1
1
1
1
1
1
1
1
1
1
1
1
1
1
1
1
1
1
1
1
1
1
1
1
1
1
1
1
1
1
1
1
1
1
1
1
1
1
1
1
1
1
1
1
1
1
1
1
1
1
1
1
1
1
1
1
1
1
1
1
1
1
1
1
1
1
1
1
1
1
1
1
1
1
1
1
1
1
1
1
1
1
1
1
1
1
1
1
1
1
1
1
1
1
1
1
1
1
1
1
1
1
1
0.999976
1
1
1
1
1
1
1
1
1
1
1
1
1
1
1
1
1
1
1
1
1
1
1
1
1
1
1
1
1
1
1
1
1
1
1
1
1
1
1
1
1
1
1
1
1
1
1
1
1
1
1
1
1
1
1
1
1
1
1
1
1
1
1
1
1
1
1
1
1
1
1
1
1
1
1
1
1
1
1
1
1
1
1
1
1
1
1
1
1
1
1
1
1
1
1
1
1
1
1
1
1
1
1
1
1
1
1
1
1
1
1
1
1
1
1
1
1
1
1
0.99994
1
1
1
1
1
1
1
1
1
1
1
1
1
1
1
1
1
1
1
1
1
1
1
1
1
1
1
1
1
1
1
1
1
1
1
1
1
1
1
1
1
1
1
1
1
1
1
1
1
1
1
1
1
1
1
1
1
1
1
1
1
1
1
1
1
1
1
1
1
1
1
1
1
1
1
1
1
1
1
1
1
1
1
1
1
1
1
1
1
1
1
1
1
1
1
1
1
1
1
1
1
1
1
1
1
1
1
1
1
1
1
1
1
1
1
1
1
1
1
1
1
1
1
1
1
1
1
1
1
1
1
1
1
1
1
1
1
1
1
1
1
1
1
1
1
1
1
1
1
1
1
1
1
1
1
1
1
1
1
1
1
1
1
1
1
1
1
1
1
1
1
1
1
1
1
1
1
1
1
1
1
1
1
1
1
1
1
1
1
1
1
1
1
1
1
1
1
1
1
1
1
1
1
1
1
1
1
1
1
1
1
0.998714
1
0.996731
1
0.995333
1
0.994317
1
0.994964
1
0.994853
1
0.99503
1
0.995712
1
0.995825
1
0.99776
1
1
1
1
1
1
1
1
1
0.999979
0.99991
1
1
1
1
1
1
1
1
1
1
1
1
1
1
1
1
1
1
1
1
1
1
1
1
1
1
1
1
1
1
1
1
1
1
1
1
1
1
1
1
1
1
1
1
1
1
1
1
1
1
1
1
1
1
1
1
1
1
1
1
1
1
1
1
1
1
1
0.993731
0.991632
0.98479
0.982502
0.976645
0.974552
0.969384
0.967182
0.962198
0.959447
0.954404
0.951155
0.945921
0.94234
0.937007
0.933078
0.928065
0.923845
0.91921
0.914585
0.910457
0.906603
0.904092
0.900279
0.898619
0.894929
0.89316
0.889243
0.887671
0.882694
0.881823
0.872357
0.874136
0.86221
0.863656
0.845737
0.847448
0.820877
0.823679
0.786634
0.790157
0.736052
0.741474
0.663793
0.671357
0.570507
0.572518
0.443687
0.440062
0.27675
0.264041
0.0710206
0.210202
1
1
1
1
1
1
1
1
1
1
1
1
1
1
1
1
1
1
1
1
1
1
1
1
1
1
1
1
1
1
1
1
1
1
1
1
1
1
1
1
1
1
1
1
1
1
1
1
1
1
1
1
1
1
1
1
1
1
1
1
0.996758
0.995625
0.98928
0.987865
0.979326
0.977637
0.969799
0.967819
0.963815
0.962478
0.95953
0.957623
0.955017
0.952468
0.950042
0.946635
0.944314
0.940295
0.938206
0.933553
0.931885
0.926489
0.924767
0.918538
0.916553
0.909027
0.905402
0.897521
0.894145
0.88406
0.879215
0.8673
0.859453
0.844777
0.832522
0.814601
0.796148
0.775599
0.755214
0.727828
0.698902
0.668358
0.632692
0.597107
0.558808
0.516719
0.47542
0.426629
0.386062
0.331002
0.295594
0.236435
0.201385
0.148276
0.11653
0.0752524
0.0488657
0.0267367
0.000167045
0.0054977
0.104569
1
1
1
1
1
1
1
1
1
1
1
1
1
1
1
1
1
1
1
1
1
1
1
1
1
1
1
1
1
1
1
1
1
1
1
1
1
1
1
1
1
1
1
1
1
1
1
1
1
1
1
1
1
0.995376
0.993818
0.988485
0.985094
0.979567
0.973565
0.967067
0.962375
0.956758
0.953464
0.949259
0.948137
0.945242
0.944517
0.940477
0.938571
0.933358
0.930396
0.924127
0.919822
0.911765
0.90646
0.897056
0.890523
0.87949
0.871659
0.858821
0.84891
0.833807
0.821209
0.804395
0.790175
0.775165
0.756489
0.735316
0.712877
0.688087
0.659642
0.633962
0.600914
0.576138
0.537942
0.515965
0.472162
0.44511
0.40208
0.38094
0.335625
0.315517
0.272389
0.252134
0.213831
0.195045
0.163305
0.144621
0.119879
0.101063
0.0812443
0.0650773
0.0486134
0.0369684
0.0223965
0.0140076
0.00217128
0.000167012
0.00261527
0.00736545
0.0887327
1
1
1
1
1
1
1
1
1
1
1
1
1
1
1
1
1
1
1
1
1
1
1
1
1
1
1
1
1
1
1
1
1
1
1
1
1
1
1
1
1
1
1
1
1
1
1
0.997201
0.992379
0.987914
0.981498
0.973734
0.96826
0.961521
0.95341
0.945027
0.938561
0.934947
0.930554
0.929391
0.92787
0.927256
0.924234
0.91876
0.909508
0.899927
0.887394
0.875088
0.859945
0.845476
0.82837
0.812508
0.793781
0.775269
0.754769
0.735082
0.712527
0.691725
0.667282
0.645443
0.619098
0.59653
0.568623
0.544299
0.508152
0.483042
0.450067
0.424745
0.391784
0.36995
0.336798
0.318857
0.285802
0.271267
0.236868
0.226012
0.198186
0.189745
0.163004
0.156185
0.132249
0.125784
0.105905
0.0996223
0.0836409
0.076328
0.0634601
0.0549225
0.045077
0.0368865
0.0279201
0.0198658
0.0122895
0.00537812
0.000166985
0.000167045
0.000167045
0.000167019
0.000166984
0.00807687
0.0510039
0.9998
1
1
1
1
1
1
1
1
1
1
1
1
1
1
1
1
1
1
1
1
1
1
1
1
1
1
1
1
1
1
1
1
1
1
1
0.99769
0.99003
0.984836
0.980699
0.974678
0.971714
0.970013
0.963627
0.955748
0.945355
0.941888
0.934353
0.932741
0.921965
0.922691
0.906961
0.899195
0.893675
0.90016
0.901884
0.902104
0.893284
0.87467
0.842021
0.802767
0.762158
0.728338
0.698063
0.669449
0.641061
0.612222
0.585226
0.557963
0.532078
0.504571
0.479562
0.453116
0.429267
0.404168
0.382362
0.359089
0.339918
0.316781
0.298993
0.275037
0.257885
0.236115
0.225813
0.208025
0.197886
0.182753
0.174555
0.159632
0.153366
0.138958
0.134812
0.121571
0.119511
0.107421
0.104128
0.093098
0.0903879
0.0797637
0.0765642
0.0672443
0.0629686
0.0542887
0.0489073
0.0412408
0.0352391
0.0285053
0.0215277
0.0155153
0.00958865
0.00524316
0.0027228
0.000167006
0.000167045
0.000167045
0.000167045
0.000167045
0.000167045
0.000167045
0.000167045
0.00175317
0.0936716
0.273974
1
1
1
1
1
1
1
1
1
1
1
1
1
1
1
1
1
1
1
1
1
1
1
1
1
1
1
1
1
1
0.601537
0.592557
0.586505
0.578754
0.577788
0.572243
0.566245
0.558827
0.545665
0.52272
0.506571
0.491349
0.47943
0.459915
0.445196
0.423761
0.414751
0.387449
0.381429
0.364569
0.341896
0.305505
0.269493
0.234759
0.202503
0.180755
0.169806
0.168289
0.168861
0.167612
0.164482
0.162208
0.158014
0.155805
0.152855
0.150677
0.148151
0.146344
0.144744
0.142494
0.140625
0.138664
0.136613
0.134623
0.132421
0.130311
0.127357
0.12547
0.122557
0.121302
0.116025
0.113903
0.108948
0.10635
0.100593
0.0980352
0.0920256
0.0893708
0.0832545
0.080479
0.073644
0.070396
0.0644412
0.0608478
0.0546046
0.0505132
0.0443423
0.0401016
0.0338751
0.0290461
0.023811
0.0190975
0.0145053
0.00929671
0.00510539
0.00216671
0.000166961
0.000167028
0.000167045
0.000167045
0.000167045
0.000167045
0.000167045
0.000167045
0.000167045
0.000167045
0.000167045
0.000167025
0.000167045
0.000167045
0.000167045
0.000167045
0.000167045
0.000167045
0.000167045
0.000167045
0.000167045
0.000167045
0.000167045
0.000167045
0.000167045
0.000167045
0.000167045
0.000167045
0.000167045
0.000167045
0.000167045
0.000167045
0.000167045
0.000167045
0.000167045
0.000167045
0.000167045
0.000167045
0.000167045
0.000167045
0.000167045
0.000167045
0.000167045
0.000167045
0.0280039
0.0346096
0.0394825
0.0439122
0.0459224
0.047672
0.0505666
0.051469
0.0579966
0.0657744
0.0718896
0.0729587
0.075507
0.0779041
0.0815361
0.0850384
0.08539
0.0906642
0.08893
0.0887545
0.0934042
0.100633
0.10951
0.116518
0.123093
0.126373
0.128436
0.128432
0.128084
0.126678
0.126345
0.125306
0.124882
0.123184
0.122183
0.119913
0.11828
0.115497
0.11305
0.110097
0.107134
0.10376
0.100487
0.0969644
0.0938111
0.0903222
0.0870912
0.0835628
0.0797685
0.0762258
0.0729358
0.070181
0.0670171
0.0646925
0.061925
0.0594917
0.0567913
0.0539121
0.0510707
0.04751
0.0447089
0.0415672
0.0381624
0.0342288
0.0308482
0.0262757
0.0229523
0.0185611
0.0148367
0.0105976
0.00755428
0.00426431
0.0023381
0.000166964
0.000167009
0.000167045
0.000167045
0.000167045
0.000167045
0.000167045
0.000167045
0.000167045
0.000167045
0.000167045
0.000167045
0.000167045
0.000167045
0.000167045
0.000167045
0.000167045
0.000167045
0.000167045
0.000167045
0.000167045
0.000167045
0.000167045
0.000167045
0.000167045
0.000167045
0.000167045
0.000167045
0.000167045
0.000167045
0.000167045
0.000167045
0.000167045
0.000167045
0.000167045
0.000167045
0.000167045
0.000167045
0.000167045
0.000167045
0.000167045
0.000167045
0.000167045
0.000167045
0.000167045
0.000167045
0.000167045
0.0182201
0.0183079
0.0187532
0.0197264
0.021102
0.0231695
0.0254026
0.0281174
0.0306228
0.031445
0.0328585
0.0339195
0.0358174
0.0366177
0.0384525
0.0391919
0.0415952
0.0420761
0.0453975
0.0488244
0.0515971
0.0539839
0.0556116
0.0572849
0.0588382
0.0606165
0.0623805
0.0643676
0.0662881
0.0680591
0.0695587
0.0700888
0.0702986
0.0704734
0.0702222
0.0700897
0.0701051
0.0697762
0.0696486
0.068574
0.0681157
0.0669951
0.0663517
0.0648266
0.0636753
0.0618378
0.0606804
0.0589561
0.0580621
0.0566147
0.0547183
0.0526227
0.0502637
0.0474305
0.0447318
0.0418291
0.0391281
0.036108
0.0332082
0.0307671
0.026864
0.0235296
0.0194365
0.0162625
0.012116
0.00973083
0.00649863
0.00462756
0.00233625
0.00172028
0.000166979
0.000167016
0.000167045
0.000167045
0.000167045
0.000167045
0.000167045
0.000167045
0.000167045
0.000167045
0.000167045
0.000167045
0.000167045
0.000167045
0.000167045
0.000167045
0.000167045
0.000167045
0.000167045
0.000167045
0.000167045
0.000167045
0.000167045
0.000167045
0.000167045
0.000167045
0.000167045
0.000167045
0.000167045
0.000167045
0.000167045
0.000167045
0.000167045
0.000167045
0.000167045
0.000167045
0.000167045
0.000167045
0.000167045
0.000167045
0.000167045
0.000167045
0.000167045
0.000167045
0.000167045
0.000167045
0.000167045
0.000167045
0.000167045
0.000167045
0.000167045
0.000167045
0.000167045
0.000167045
0.000167045
0.000167045
0.000167045
0.000167045
0.000167017
0.00190966
0.0030191
0.00509568
0.00629232
0.00870814
0.00985849
0.0124771
0.0132812
0.0161616
0.016461
0.0165866
0.0165791
0.0173618
0.0179492
0.0192467
0.0201597
0.0215748
0.0227572
0.024257
0.025666
0.0273149
0.0289849
0.0309085
0.0326359
0.0341859
0.0354335
0.036566
0.0371722
0.037616
0.0378046
0.0379908
0.0379026
0.0380103
0.0376041
0.0371631
0.0365506
0.0356505
0.0346495
0.0333931
0.0314111
0.0304162
0.0283339
0.0275377
0.0252094
0.0234175
0.021538
0.0192106
0.0166303
0.0143883
0.0120242
0.00938096
0.00691021
0.0050444
0.00339214
0.00194439
0.00149928
0.000166951
0.000166995
0.000167045
0.000167045
0.000167045
0.000167045
0.000167045
0.000167045
0.000167045
0.000167045
0.000167045
0.000167045
0.000167045
0.000167045
0.000167045
0.000167045
0.000167045
0.000167045
0.000167045
0.000167045
0.000167045
0.000167045
0.000167045
0.000167045
0.000167045
0.000167045
0.000167045
0.000167045
0.000167045
0.000167045
0.000167045
0.000167045
0.000167045
0.000167045
0.000167045
0.000167045
0.000167045
0.000167045
0.000167045
0.000167045
0.000167045
0.000167045
0.000167045
0.000167045
0.000167045
0.000167045
0.000167045
0.000167045
0.000167045
0.000167045
0.000167045
0.000167045
0.000167045
0.000167045
0.000167045
0.000167045
0.000167045
0.000167045
0.000167045
0.000167045
0.000167045
0.000167045
0.000167045
0.000167045
0.000167045
0.000167045
0.000167045
0.000167045
0.000167045
0.000167045
0.000167045
0.000167045
0.00016702
0.000166972
0.00156027
0.00195502
0.00314431
0.00356098
0.00471671
0.00514487
0.0062915
0.0066264
0.00753162
0.00773409
0.00852634
0.0088173
0.00951235
0.00976995
0.0103722
0.0107347
0.0112966
0.0116154
0.011716
0.0116808
0.0116303
0.0114973
0.0113647
0.0111649
0.0106148
0.0100369
0.00951824
0.00877951
0.00825631
0.00766649
0.00718217
0.00654073
0.00555426
0.00448353
0.00419263
0.00318943
0.00292417
0.00164326
0.00124221
0.000166965
0.000166995
0.000167045
0.000167045
0.000167045
0.000167043
0.000167045
0.000167045
0.000167045
0.000167045
0.000167045
0.000167045
0.000167045
0.000167045
0.000167045
0.000167045
0.000167045
0.000167045
0.000167045
0.000167045
0.000167045
0.000167045
0.000167045
0.000167045
0.000167045
0.000167045
0.000167045
0.000167045
0.000167045
0.000167045
0.000167045
0.000167045
0.000167045
0.000167045
0.000167045
0.000167045
0.000167045
0.000167045
0.000167045
0.000167045
0.000167045
0.000167045
0.000167045
0.000167045
0.000167045
0.000167045
0.000167045
0.000167045
0.000167045
0.000167045
0.000167045
0.000167045
0.000167045
0.000167045
0.000167045
0.000167045
0.000167045
0.000167045
0.000167045
0.000167045
0.000167045
0.000167045
0.000167045
0.000167045
0.000167045
0.000167045
0.000167045
0.000167045
0.000167045
0.000167045
0.000167045
0.000167045
0.000167045
0.000167045
0.000167045
0.000167045
0.000167045
0.000167045
0.000167045
0.000167045
0.000167045
0.000167045
0.000167045
0.000167045
0.000167045
0.000167045
0.000167045
0.000167045
0.000167045
0.000167045
0.000167045
0.000167045
0.000167045
0.000167045
0.000167045
0.000167044
0.000167042
0.00016704
0.000167045
0.000167045
0.000167045
0.000167045
0.000167039
0.000167039
0.000167043
0.000167043
0.000167045
0.000167042
0.000167045
0.000167041
0.00016704
0.000167045
0.000167045
0.000167033
0.000167045
0.000167044
0.000167045
0.000167044
0.000167045
0.000167045
0.000167045
0.000167045
0.000167045
0.000167045
0.000167045
0.000167045
0.000167045
0.000167045
0.000167045
0.000167045
0.000167045
0.000167045
0.000167045
0.000167045
0.000167045
0.000167045
0.000167045
0.000167045
0.000167045
0.000167045
0.000167045
0.000167045
0.000167045
0.000167045
0.000167045
0.000167045
0.000167045
0.000167045
0.000167045
0.000167045
0.000167045
0.000167045
0.000167045
0.000167045
0.000167045
0.000167045
0.000167045
0.000167045
0.000167045
0.000167045
0.000167045
0.000167045
0.000167045
0.000167045
0.000167045
0.000167045
0.000167045
0.000167045
0.000167045
0.000167045
0.000167045
0.000167045
0.000167045
0.000167045
0.000167045
0.000167045
0.000167045
0.000167045
0.000167045
0.000167045
0.000167045
0.000167045
0.000167045
0.000167045
0.000167045
0.000167045
0.000167045
0.000167045
0.000167045
0.000167045
0.000167045
0.000167045
0.000167045
0.000167045
0.000167045
0.000167045
0.000167045
0.000167045
0.000167045
0.000167045
0.000167045
0.000167045
0.000167045
0.000167045
0.000167045
0.000167045
0.000167045
0.000167045
0.000167045
0.000167045
0.000167045
0.000167045
0.000167045
0.000167045
0.000167045
0.000167045
0.000167045
0.000167045
0.000167045
0.000167045
0.000167045
0.000167045
0.000167045
0.000167045
0.000167045
0.000167045
0.000167045
0.000167045
0.000167045
0.000167045
0.000167045
0.000167045
0.000167045
0.000167045
0.000167045
0.000167045
0.000167045
0.000167045
0.000167045
0.000167045
0.000167045
0.000167045
0.000167045
0.000167045
0.000167045
0.000167045
0.000167045
0.000167045
0.000167045
0.000167045
0.000167045
0.000167045
0.000167045
0.000167045
0.000167045
0.000167045
0.000167045
0.000167045
0.000167045
0.000167045
0.000167045
0.000167045
0.000167045
0.000167045
0.000167045
0.000167045
0.000167045
0.000167045
0.000167045
0.000167045
0.000167045
0.000167045
0.000167045
0.000167045
0.000167045
0.000167045
0.000167045
0.000167045
0.000167045
0.000167045
0.000167045
0.000167045
0.000167045
0.000167045
0.000167045
0.000167045
0.000167045
0.000167045
0.000167045
0.000167045
0.000167045
0.000167045
0.000167045
0.000167045
0.000167045
0.000167045
0.000167045
0.000167045
0.000167045
0.000167045
0.000167045
0.000167045
0.000167045
0.000167045
0.000167045
0.000167045
0.000167045
0.000167045
0.000167045
0.000167045
0.000167045
0.000167045
0.000167045
0.000167045
0.000167045
0.000167045
0.000167045
0.000167045
0.000167045
0.000167045
0.000167045
0.000167045
0.000167045
0.000167045
0.000167045
0.000167045
0.000167045
0.000167045
0.000167045
0.000167045
0.000167045
0.000167045
0.000167045
0.000167045
0.000167045
0.000167045
0.000167045
0.000167045
0.000167045
0.000167045
0.000167045
0.000167045
0.000167045
0.000167045
0.000167045
0.000167045
0.000167045
0.000167045
0.000167045
0.000167045
0.000167045
0.000167045
0.000167045
0.000167045
0.000167045
0.000167045
0.000167045
0.000167045
0.000167045
0.000167045
0.000167045
0.000167045
0.000167045
0.000167045
0.000167045
0.000167045
0.000167045
0.000167045
0.000167045
0.000167045
0.000167045
0.000167045
0.000167045
0.000167045
0.000167045
0.000167045
0.000167045
0.000167045
0.000167045
0.000167045
0.000167045
0.000167045
0.000167045
0.000167045
0.000167045
0.000167045
0.000167045
0.000167045
0.000167045
0.000167045
0.000167045
0.000167045
0.000167045
0.000167045
0.000167045
0.000167045
0.000167045
0.000167045
0.000167045
0.000167045
0.000167045
0.000167045
0.000167045
0.000167045
0.000167045
0.000167045
0.000167045
0.000167045
0.000167045
0.000167045
0.000167045
0.000167045
0.000167045
0.000167045
0.000167045
0.000167045
0.000167045
0.000167045
0.000167045
0.000167045
0.000167045
0.000167045
)
;

boundaryField
{
    hot
    {
        type            calculated;
        value           uniform 1;
    }
    hotTop
    {
        type            calculated;
        value           nonuniform List<scalar> 8(0.601537 0.0280039 0.0182201 0.000167045 0.000167045 0.000167045 0.000167045 0.000167045);
    }
    cold
    {
        type            calculated;
        value           uniform 1;
    }
    coldTop
    {
        type            calculated;
        value           nonuniform List<scalar> 8(0.000167045 0.000167045 0.000167045 0.000167045 0.000167045 0.000167045 0.000167045 0.000167045);
    }
    top
    {
        type            calculated;
        value           nonuniform List<scalar> 
120
(
0.000167045
0.000167045
0.000167045
0.000167045
0.000167045
0.000167045
0.000167045
0.000167045
0.000167045
0.000167045
0.000167045
0.000167045
0.000167045
0.000167045
0.000167045
0.000167045
0.000167045
0.000167045
0.000167045
0.000167045
0.000167045
0.000167045
0.000167045
0.000167045
0.000167045
0.000167045
0.000167045
0.000167045
0.000167045
0.000167045
0.000167045
0.000167045
0.000167045
0.000167045
0.000167045
0.000167045
0.000167045
0.000167045
0.000167045
0.000167045
0.000167045
0.000167045
0.000167045
0.000167045
0.000167045
0.000167045
0.000167045
0.000167045
0.000167045
0.000167045
0.000167045
0.000167045
0.000167045
0.000167045
0.000167045
0.000167045
0.000167045
0.000167045
0.000167045
0.000167045
0.000167045
0.000167045
0.000167045
0.000167045
0.000167045
0.000167045
0.000167045
0.000167045
0.000167045
0.000167045
0.000167045
0.000167045
0.000167045
0.000167045
0.000167045
0.000167045
0.000167045
0.000167045
0.000167045
0.000167045
0.000167045
0.000167045
0.000167045
0.000167045
0.000167045
0.000167045
0.000167045
0.000167045
0.000167045
0.000167045
0.000167045
0.000167045
0.000167045
0.000167045
0.000167045
0.000167045
0.000167045
0.000167045
0.000167045
0.000167045
0.000167045
0.000167045
0.000167045
0.000167045
0.000167045
0.000167045
0.000167045
0.000167045
0.000167045
0.000167045
0.000167045
0.000167045
0.000167045
0.000167045
0.000167045
0.000167045
0.000167045
0.000167045
0.000167045
0.000167045
)
;
    }
    btm
    {
        type            calculated;
        value           nonuniform List<scalar> 
120
(
1
1
1
1
1
1
1
1
1
1
1
1
1
1
1
1
1
1
1
1
1
1
1
1
1
1
1
1
1
1
1
1
1
1
1
1
1
1
1
1
1
1
1
1
1
1
1
1
1
1
1
1
1
1
1
1
1
1
1
1
1
1
1
1
1
1
1
1
1
1
1
1
1
1
1
1
1
1
1
1
1
1
1
1
1
1
1
1
1
1
1
1
1
1
1
1
1
1
1
1
1
1
1
1
1
1
1
1
1
1
1
1
1
1
1
1
1
1
1
1
)
;
    }
    frontAndBack
    {
        type            empty;
    }
}


// ************************************************************************* //
