/*--------------------------------*- C++ -*----------------------------------*\
  =========                 |
  \\      /  F ield         | OpenFOAM: The Open Source CFD Toolbox
   \\    /   O peration     | Website:  https://openfoam.org
    \\  /    A nd           | Version:  6
     \\/     M anipulation  |
\*---------------------------------------------------------------------------*/
FoamFile
{
    version     2.0;
    format      ascii;
    class       volScalarField;
    location    "510";
    object      rho;
}
// * * * * * * * * * * * * * * * * * * * * * * * * * * * * * * * * * * * * * //

dimensions      [1 -3 0 0 0 0 0];

internalField   nonuniform List<scalar> 
5964
(
6087.46
6088.14
6088.75
6089.27
6089.68
6090.01
6090.28
6090.49
6090.67
6090.83
6090.97
6091.11
6091.25
6091.41
6091.57
6091.73
5907.33
5907.43
5907.44
5907.43
5907.44
5907.45
5907.47
5907.51
5907.54
5907.59
5907.64
5907.69
5907.74
5907.79
5907.85
5907.9
5907.95
5908.01
5908.06
5908.11
5908.16
5908.21
5908.26
5908.3
5908.35
5908.39
5908.44
5908.48
5908.52
5908.56
5908.6
5908.64
5908.68
5908.72
5908.76
5908.8
5908.84
5908.88
5908.92
5908.95
5908.99
5909.03
5909.07
5909.1
5909.14
5909.18
5909.22
5909.26
5909.29
5909.33
5909.37
5909.41
5909.45
5909.48
5909.52
5909.56
5909.6
5909.64
5909.68
5909.72
5909.75
5909.79
5909.83
5909.87
5909.91
5909.95
5909.98
5910
6087.47
6088.16
6088.77
6089.28
6089.69
6090.02
6090.28
6090.49
6090.66
6090.81
6090.94
6091.08
6091.23
6091.38
6091.56
6091.76
5907.52
5907.51
5907.46
5907.43
5907.42
5907.44
5907.47
5907.5
5907.54
5907.59
5907.63
5907.69
5907.74
5907.79
5907.85
5907.9
5907.95
5908.01
5908.06
5908.11
5908.16
5908.21
5908.26
5908.3
5908.35
5908.39
5908.44
5908.48
5908.52
5908.56
5908.6
5908.64
5908.68
5908.72
5908.76
5908.8
5908.84
5908.88
5908.92
5908.95
5908.99
5909.03
5909.07
5909.1
5909.14
5909.18
5909.22
5909.26
5909.29
5909.33
5909.37
5909.41
5909.45
5909.48
5909.52
5909.56
5909.6
5909.64
5909.68
5909.72
5909.75
5909.79
5909.83
5909.87
5909.91
5909.95
5909.98
5910
6087.47
6088.17
6088.78
6089.29
6089.7
6090.02
6090.27
6090.47
6090.62
6090.76
6090.89
6091.03
6091.17
6091.34
6091.53
6091.79
5996.45
5907.62
5907.45
5907.4
5907.4
5907.42
5907.45
5907.49
5907.53
5907.58
5907.63
5907.68
5907.74
5907.79
5907.85
5907.9
5907.95
5908.01
5908.06
5908.11
5908.16
5908.21
5908.26
5908.3
5908.35
5908.39
5908.44
5908.48
5908.52
5908.56
5908.6
5908.64
5908.68
5908.72
5908.76
5908.8
5908.84
5908.88
5908.92
5908.95
5908.99
5909.03
5909.07
5909.1
5909.14
5909.18
5909.22
5909.26
5909.29
5909.33
5909.37
5909.41
5909.45
5909.48
5909.52
5909.56
5909.6
5909.64
5909.68
5909.72
5909.75
5909.79
5909.83
5909.87
5909.91
5909.95
5909.98
5910
6087.47
6088.17
6088.8
6089.31
6089.72
6090.02
6090.25
6090.43
6090.57
6090.7
6090.82
6090.95
6091.1
6091.26
6091.45
6091.66
6084.94
5907.36
5907.33
5907.33
5907.35
5907.39
5907.43
5907.47
5907.52
5907.57
5907.63
5907.68
5907.74
5907.79
5907.85
5907.9
5907.96
5908.01
5908.06
5908.11
5908.16
5908.21
5908.26
5908.31
5908.35
5908.4
5908.44
5908.48
5908.52
5908.57
5908.61
5908.65
5908.68
5908.72
5908.76
5908.8
5908.84
5908.88
5908.92
5908.95
5908.99
5909.03
5909.07
5909.1
5909.14
5909.18
5909.22
5909.26
5909.29
5909.33
5909.37
5909.41
5909.45
5909.48
5909.52
5909.56
5909.6
5909.64
5909.68
5909.72
5909.75
5909.79
5909.83
5909.87
5909.91
5909.95
5909.98
5910
6087.47
6088.18
6088.81
6089.33
6089.72
6090.01
6090.21
6090.37
6090.49
6090.6
6090.72
6090.84
6090.99
6091.16
6091.34
6091.53
6091.7
5907.09
5907.18
5907.24
5907.3
5907.35
5907.4
5907.45
5907.51
5907.56
5907.62
5907.68
5907.73
5907.79
5907.85
5907.9
5907.96
5908.01
5908.06
5908.12
5908.17
5908.21
5908.26
5908.31
5908.35
5908.4
5908.44
5908.48
5908.53
5908.57
5908.61
5908.65
5908.69
5908.72
5908.76
5908.8
5908.84
5908.88
5908.92
5908.95
5908.99
5909.03
5909.07
5909.1
5909.14
5909.18
5909.22
5909.26
5909.29
5909.33
5909.37
5909.41
5909.45
5909.48
5909.52
5909.56
5909.6
5909.64
5909.68
5909.71
5909.75
5909.79
5909.83
5909.87
5909.91
5909.95
5909.99
5910
6087.46
6088.16
6088.8
6089.32
6089.7
6089.96
6090.14
6090.27
6090.38
6090.48
6090.59
6090.71
6090.87
6091.04
6091.23
6091.41
6091.57
5906.89
5907.06
5907.16
5907.24
5907.31
5907.37
5907.43
5907.49
5907.55
5907.61
5907.67
5907.73
5907.79
5907.85
5907.91
5907.96
5908.02
5908.07
5908.12
5908.17
5908.22
5908.27
5908.31
5908.36
5908.4
5908.44
5908.49
5908.53
5908.57
5908.61
5908.65
5908.69
5908.72
5908.76
5908.8
5908.84
5908.88
5908.92
5908.95
5908.99
5909.03
5909.07
5909.1
5909.14
5909.18
5909.22
5909.25
5909.29
5909.33
5909.37
5909.41
5909.45
5909.48
5909.52
5909.56
5909.6
5909.64
5909.68
5909.71
5909.75
5909.79
5909.83
5909.87
5909.91
5909.95
5910
5910
6087.49
6088.21
6088.82
6089.3
6089.65
6089.89
6090.05
6090.16
6090.25
6090.34
6090.45
6090.57
6090.74
6090.92
6091.12
6091.32
6091.49
5906.78
5906.98
5907.11
5907.2
5907.27
5907.34
5907.41
5907.47
5907.54
5907.6
5907.67
5907.73
5907.79
5907.85
5907.91
5907.97
5908.02
5908.07
5908.12
5908.17
5908.22
5908.27
5908.32
5908.36
5908.4
5908.45
5908.49
5908.53
5908.57
5908.61
5908.65
5908.69
5908.73
5908.76
5908.8
5908.84
5908.88
5908.91
5908.95
5908.99
5909.03
5909.07
5909.1
5909.14
5909.18
5909.22
5909.25
5909.29
5909.33
5909.37
5909.41
5909.44
5909.48
5909.52
5909.56
5909.6
5909.64
5909.68
5909.71
5909.75
5909.79
5909.83
5909.87
5909.9
5909.94
5909.98
5910
6087.48
6088.19
6088.79
6089.25
6089.57
6089.79
6089.93
6090.02
6090.11
6090.19
6090.29
6090.43
6090.6
6090.8
6091.02
6091.24
6091.46
5906.78
5906.98
5907.08
5907.16
5907.23
5907.31
5907.38
5907.45
5907.53
5907.6
5907.66
5907.73
5907.79
5907.86
5907.91
5907.97
5908.03
5908.08
5908.13
5908.18
5908.23
5908.27
5908.32
5908.36
5908.41
5908.45
5908.49
5908.53
5908.57
5908.61
5908.65
5908.69
5908.73
5908.76
5908.8
5908.84
5908.88
5908.91
5908.95
5908.99
5909.03
5909.06
5909.1
5909.14
5909.18
5909.22
5909.25
5909.29
5909.33
5909.37
5909.41
5909.44
5909.48
5909.52
5909.56
5909.6
5909.64
5909.68
5909.71
5909.75
5909.79
5909.83
5909.87
5909.9
5909.93
5909.96
5909.99
6087.46
6088.14
6088.73
6089.17
6089.47
6089.67
6089.79
6089.88
6089.96
6090.03
6090.14
6090.28
6090.47
6090.68
6090.92
6091.18
6091.46
5906.97
5907.05
5907.07
5907.13
5907.2
5907.28
5907.36
5907.44
5907.52
5907.59
5907.66
5907.73
5907.8
5907.86
5907.92
5907.98
5908.03
5908.09
5908.14
5908.19
5908.23
5908.28
5908.32
5908.37
5908.41
5908.45
5908.49
5908.53
5908.57
5908.61
5908.65
5908.69
5908.73
5908.76
5908.8
5908.84
5908.88
5908.91
5908.95
5908.99
5909.03
5909.06
5909.1
5909.14
5909.18
5909.21
5909.25
5909.29
5909.33
5909.37
5909.41
5909.44
5909.48
5909.52
5909.56
5909.6
5909.64
5909.67
5909.71
5909.75
5909.79
5909.83
5909.87
5909.9
5909.93
5909.96
5910
6087.45
6088.1
6088.66
6089.08
6089.36
6089.54
6089.65
6089.73
6089.81
6089.88
6089.99
6090.15
6090.34
6090.57
6090.83
6091.12
6091.47
6000.63
5907.14
5907.04
5907.07
5907.15
5907.24
5907.33
5907.42
5907.5
5907.59
5907.66
5907.73
5907.8
5907.87
5907.93
5907.99
5908.04
5908.09
5908.14
5908.19
5908.24
5908.29
5908.33
5908.37
5908.41
5908.46
5908.5
5908.53
5908.57
5908.61
5908.65
5908.69
5908.73
5908.76
5908.8
5908.84
5908.88
5908.91
5908.95
5908.99
5909.03
5909.06
5909.1
5909.14
5909.18
5909.21
5909.25
5909.29
5909.33
5909.37
5909.4
5909.44
5909.48
5909.52
5909.56
5909.6
5909.64
5909.67
5909.71
5909.75
5909.79
5909.83
5909.87
5909.9
5909.94
5909.98
5910
6087.43
6088.06
6088.59
6088.97
6089.24
6089.41
6089.51
6089.59
6089.67
6089.74
6089.87
6090.03
6090.23
6090.46
6090.73
6091.02
6091.32
6085.51
5906.82
5906.89
5906.98
5907.09
5907.19
5907.3
5907.4
5907.5
5907.58
5907.67
5907.74
5907.81
5907.88
5907.94
5908
5908.05
5908.1
5908.15
5908.2
5908.25
5908.29
5908.34
5908.38
5908.42
5908.46
5908.5
5908.54
5908.58
5908.61
5908.65
5908.69
5908.73
5908.76
5908.8
5908.84
5908.88
5908.91
5908.95
5908.99
5909.02
5909.06
5909.1
5909.14
5909.18
5909.21
5909.25
5909.29
5909.33
5909.37
5909.4
5909.44
5909.48
5909.52
5909.56
5909.6
5909.63
5909.67
5909.71
5909.75
5909.79
5909.83
5909.87
5909.9
5909.94
5909.96
5910
6087.41
6088
6088.49
6088.86
6089.11
6089.27
6089.38
6089.45
6089.53
6089.62
6089.76
6089.93
6090.14
6090.38
6090.64
6090.91
6091.18
6091.4
5906.51
5906.71
5906.87
5907.02
5907.15
5907.28
5907.39
5907.49
5907.59
5907.67
5907.75
5907.82
5907.89
5907.95
5908.01
5908.06
5908.11
5908.16
5908.21
5908.26
5908.3
5908.34
5908.38
5908.42
5908.46
5908.5
5908.54
5908.58
5908.62
5908.65
5908.69
5908.73
5908.76
5908.8
5908.84
5908.88
5908.91
5908.95
5908.99
5909.02
5909.06
5909.1
5909.14
5909.17
5909.21
5909.25
5909.29
5909.33
5909.36
5909.4
5909.44
5909.48
5909.52
5909.56
5909.6
5909.63
5909.67
5909.71
5909.75
5909.79
5909.83
5909.87
5909.9
5909.94
5909.97
5909.98
6087.39
6087.94
6088.4
6088.74
6088.98
6089.14
6089.24
6089.32
6089.42
6089.53
6089.68
6089.86
6090.08
6090.32
6090.58
6090.84
6091.08
6091.28
5906.29
5906.56
5906.77
5906.96
5907.12
5907.26
5907.38
5907.49
5907.59
5907.68
5907.76
5907.84
5907.9
5907.96
5908.02
5908.08
5908.13
5908.17
5908.22
5908.26
5908.31
5908.35
5908.39
5908.43
5908.47
5908.5
5908.54
5908.58
5908.62
5908.65
5908.69
5908.73
5908.76
5908.8
5908.84
5908.87
5908.91
5908.95
5908.99
5909.02
5909.06
5909.1
5909.14
5909.17
5909.21
5909.25
5909.29
5909.32
5909.36
5909.4
5909.44
5909.48
5909.52
5909.56
5909.59
5909.63
5909.67
5909.71
5909.75
5909.79
5909.83
5909.87
5909.9
5909.94
5909.97
5909.99
6087.38
6087.89
6088.32
6088.64
6088.86
6089.01
6089.12
6089.21
6089.32
6089.46
6089.63
6089.82
6090.04
6090.29
6090.54
6090.79
6091.02
6091.21
5906.14
5906.45
5906.7
5906.91
5907.09
5907.25
5907.38
5907.5
5907.61
5907.7
5907.78
5907.85
5907.92
5907.98
5908.04
5908.09
5908.14
5908.19
5908.23
5908.27
5908.32
5908.36
5908.39
5908.43
5908.47
5908.51
5908.55
5908.58
5908.62
5908.65
5908.69
5908.73
5908.76
5908.8
5908.84
5908.87
5908.91
5908.95
5908.98
5909.02
5909.06
5909.1
5909.13
5909.17
5909.21
5909.25
5909.29
5909.32
5909.36
5909.4
5909.44
5909.48
5909.52
5909.56
5909.59
5909.63
5909.67
5909.71
5909.75
5909.79
5909.83
5909.87
5909.91
5909.95
5909.98
5910
6087.36
6087.83
6088.23
6088.53
6088.74
6088.9
6089.01
6089.13
6089.27
6089.43
6089.61
6089.81
6090.03
6090.28
6090.53
6090.77
6090.98
6091.17
5906.07
5906.39
5906.67
5906.9
5907.09
5907.26
5907.4
5907.52
5907.63
5907.72
5907.8
5907.88
5907.94
5908
5908.06
5908.11
5908.16
5908.2
5908.24
5908.28
5908.32
5908.36
5908.4
5908.44
5908.47
5908.51
5908.55
5908.58
5908.62
5908.66
5908.69
5908.73
5908.76
5908.8
5908.84
5908.87
5908.91
5908.95
5908.98
5909.02
5909.06
5909.09
5909.13
5909.17
5909.21
5909.25
5909.28
5909.32
5909.36
5909.4
5909.44
5909.48
5909.52
5909.55
5909.59
5909.63
5909.67
5909.71
5909.75
5909.79
5909.83
5909.87
5909.91
5909.95
5909.99
5910
6087.33
6087.77
6088.14
6088.42
6088.64
6088.8
6088.93
6089.08
6089.24
6089.42
6089.62
6089.83
6090.06
6090.29
6090.54
6090.77
6090.98
6091.16
5906.05
5906.39
5906.67
5906.91
5907.11
5907.28
5907.43
5907.55
5907.66
5907.75
5907.83
5907.91
5907.97
5908.03
5908.08
5908.13
5908.17
5908.22
5908.26
5908.3
5908.33
5908.37
5908.41
5908.44
5908.48
5908.51
5908.55
5908.58
5908.62
5908.66
5908.69
5908.73
5908.76
5908.8
5908.83
5908.87
5908.91
5908.94
5908.98
5909.02
5909.05
5909.09
5909.13
5909.17
5909.21
5909.24
5909.28
5909.32
5909.36
5909.4
5909.44
5909.48
5909.51
5909.55
5909.59
5909.63
5909.67
5909.71
5909.75
5909.79
5909.83
5909.87
5909.91
5909.95
5909.99
5910
6087.31
6087.72
6088.06
6088.33
6088.55
6088.72
6088.89
6089.07
6089.26
6089.46
6089.67
6089.89
6090.11
6090.34
6090.57
6090.79
6091
6091.18
5906.08
5906.42
5906.71
5906.95
5907.16
5907.33
5907.47
5907.6
5907.7
5907.79
5907.87
5907.94
5908
5908.05
5908.1
5908.15
5908.19
5908.23
5908.27
5908.31
5908.34
5908.38
5908.41
5908.45
5908.48
5908.52
5908.55
5908.59
5908.62
5908.66
5908.69
5908.73
5908.76
5908.8
5908.83
5908.87
5908.91
5908.94
5908.98
5909.02
5909.05
5909.09
5909.13
5909.17
5909.2
5909.24
5909.28
5909.32
5909.36
5909.4
5909.43
5909.47
5909.51
5909.55
5909.59
5909.63
5909.67
5909.71
5909.75
5909.79
5909.82
5909.86
5909.91
5909.95
5909.99
5910
6087.3
6087.67
6087.99
6088.26
6088.48
6088.68
6088.88
6089.09
6089.31
6089.54
6089.75
6089.96
6090.17
6090.39
6090.62
6090.83
6091.04
6091.22
5906.16
5906.5
5906.78
5907.02
5907.23
5907.4
5907.54
5907.66
5907.76
5907.84
5907.91
5907.98
5908.03
5908.08
5908.13
5908.17
5908.21
5908.25
5908.28
5908.32
5908.35
5908.39
5908.42
5908.45
5908.49
5908.52
5908.55
5908.59
5908.62
5908.65
5908.69
5908.72
5908.76
5908.79
5908.83
5908.87
5908.9
5908.94
5908.98
5909.01
5909.05
5909.09
5909.13
5909.16
5909.2
5909.24
5909.28
5909.32
5909.36
5909.39
5909.43
5909.47
5909.51
5909.55
5909.59
5909.63
5909.67
5909.71
5909.75
5909.79
5909.82
5909.86
5909.91
5909.95
5909.99
5910
6087.28
6087.63
6087.94
6088.2
6088.44
6088.68
6088.92
6089.18
6089.43
6089.66
6089.88
6090.08
6090.27
6090.47
6090.68
6090.89
6091.09
6091.27
5906.29
5906.62
5906.9
5907.13
5907.32
5907.48
5907.62
5907.73
5907.82
5907.9
5907.96
5908.02
5908.07
5908.12
5908.16
5908.19
5908.23
5908.26
5908.3
5908.33
5908.36
5908.39
5908.42
5908.46
5908.49
5908.52
5908.55
5908.59
5908.62
5908.65
5908.69
5908.72
5908.76
5908.79
5908.83
5908.86
5908.9
5908.94
5908.97
5909.01
5909.05
5909.09
5909.12
5909.16
5909.2
5909.24
5909.28
5909.31
5909.35
5909.39
5909.43
5909.47
5909.51
5909.55
5909.59
5909.63
5909.67
5909.71
5909.75
5909.78
5909.82
5909.86
5909.9
5909.94
5909.98
5910
6087.27
6087.6
6087.9
6088.18
6088.44
6088.72
6089.01
6089.31
6089.58
6089.83
6090.03
6090.21
6090.39
6090.57
6090.76
6090.97
6091.16
6091.34
5906.46
5906.78
5907.05
5907.27
5907.45
5907.59
5907.71
5907.81
5907.89
5907.96
5908.02
5908.07
5908.11
5908.15
5908.19
5908.22
5908.25
5908.28
5908.31
5908.34
5908.37
5908.4
5908.43
5908.46
5908.49
5908.52
5908.55
5908.59
5908.62
5908.65
5908.69
5908.72
5908.75
5908.79
5908.83
5908.86
5908.9
5908.93
5908.97
5909.01
5909.04
5909.08
5909.12
5909.16
5909.2
5909.24
5909.27
5909.31
5909.35
5909.39
5909.43
5909.47
5909.51
5909.55
5909.59
5909.63
5909.67
5909.71
5909.74
5909.78
5909.82
5909.86
5909.9
5909.94
5909.98
5910
6087.26
6087.58
6087.89
6088.18
6088.48
6088.81
6089.15
6089.48
6089.78
6090.02
6090.21
6090.37
6090.52
6090.68
6090.86
6091.06
6091.25
6091.43
5906.67
5906.98
5907.24
5907.44
5907.6
5907.72
5907.82
5907.9
5907.97
5908.03
5908.08
5908.12
5908.15
5908.19
5908.22
5908.24
5908.27
5908.3
5908.32
5908.35
5908.38
5908.4
5908.43
5908.46
5908.49
5908.52
5908.55
5908.58
5908.62
5908.65
5908.68
5908.72
5908.75
5908.79
5908.82
5908.86
5908.89
5908.93
5908.97
5909
5909.04
5909.08
5909.12
5909.16
5909.19
5909.23
5909.27
5909.31
5909.35
5909.39
5909.43
5909.47
5909.51
5909.55
5909.59
5909.63
5909.67
5909.7
5909.74
5909.78
5909.82
5909.86
5909.9
5909.94
5909.98
5910
6087.26
6087.58
6087.89
6088.22
6088.57
6088.94
6089.32
6089.68
6089.98
6090.21
6090.39
6090.53
6090.67
6090.81
6090.97
6091.16
6091.35
6091.54
5906.93
5907.24
5907.47
5907.64
5907.77
5907.87
5907.95
5908.01
5908.06
5908.1
5908.14
5908.17
5908.2
5908.22
5908.25
5908.27
5908.29
5908.31
5908.34
5908.36
5908.38
5908.41
5908.44
5908.46
5908.49
5908.52
5908.55
5908.58
5908.61
5908.65
5908.68
5908.71
5908.75
5908.78
5908.82
5908.85
5908.89
5908.93
5908.96
5909
5909.04
5909.08
5909.11
5909.15
5909.19
5909.23
5909.27
5909.31
5909.35
5909.39
5909.43
5909.47
5909.5
5909.54
5909.58
5909.62
5909.66
5909.7
5909.74
5909.78
5909.82
5909.86
5909.9
5909.94
5909.99
5910
6087.26
6087.58
6087.92
6088.28
6088.68
6089.09
6089.51
6089.88
6090.18
6090.4
6090.56
6090.69
6090.81
6090.94
6091.09
6091.26
6091.46
6091.66
5907.27
5907.57
5907.75
5907.88
5907.97
5908.03
5908.08
5908.12
5908.16
5908.18
5908.21
5908.23
5908.24
5908.26
5908.28
5908.29
5908.31
5908.33
5908.35
5908.37
5908.39
5908.41
5908.44
5908.46
5908.49
5908.52
5908.55
5908.58
5908.61
5908.64
5908.68
5908.71
5908.74
5908.78
5908.81
5908.85
5908.89
5908.92
5908.96
5909
5909.03
5909.07
5909.11
5909.15
5909.19
5909.23
5909.27
5909.3
5909.34
5909.38
5909.42
5909.46
5909.5
5909.54
5909.58
5909.62
5909.66
5909.7
5909.74
5909.78
5909.82
5909.86
5909.9
5909.93
5909.97
5910
6087.27
6087.61
6087.97
6088.36
6088.81
6089.26
6089.7
6090.07
6090.36
6090.56
6090.71
6090.83
6090.94
6091.06
6091.2
6091.37
6091.56
6091.79
5907.38
5907.98
5908.09
5908.15
5908.18
5908.21
5908.23
5908.25
5908.26
5908.26
5908.27
5908.28
5908.29
5908.3
5908.3
5908.31
5908.33
5908.34
5908.36
5908.37
5908.39
5908.41
5908.44
5908.46
5908.49
5908.52
5908.54
5908.57
5908.61
5908.64
5908.67
5908.7
5908.74
5908.77
5908.81
5908.84
5908.88
5908.92
5908.95
5908.99
5909.03
5909.07
5909.11
5909.15
5909.18
5909.22
5909.26
5909.3
5909.34
5909.38
5909.42
5909.46
5909.5
5909.54
5909.58
5909.62
5909.66
5909.7
5909.74
5909.78
5909.82
5909.86
5909.9
5909.93
5909.96
5909.98
6087.28
6087.64
6088.03
6088.46
6088.95
6089.44
6089.89
6090.24
6090.5
6090.68
6090.81
6090.92
6091.03
6091.14
6091.28
6091.44
6091.64
6091.92
6057.74
5908.51
5908.47
5908.43
5908.41
5908.4
5908.39
5908.37
5908.36
5908.35
5908.34
5908.33
5908.33
5908.33
5908.33
5908.33
5908.34
5908.35
5908.36
5908.38
5908.39
5908.41
5908.43
5908.46
5908.48
5908.51
5908.54
5908.57
5908.6
5908.63
5908.66
5908.7
5908.73
5908.77
5908.8
5908.84
5908.88
5908.91
5908.95
5908.99
5909.03
5909.06
5909.1
5909.14
5909.18
5909.22
5909.26
5909.3
5909.34
5909.38
5909.42
5909.46
5909.5
5909.54
5909.58
5909.62
5909.66
5909.7
5909.74
5909.78
5909.82
5909.86
5909.9
5909.93
5909.97
5909.99
6087.29
6087.69
6088.12
6088.6
6089.13
6089.63
6090.05
6090.36
6090.58
6090.73
6090.85
6090.95
6091.06
6091.17
6091.3
6091.45
6091.65
6091.91
6089.08
5992.79
5908.84
5908.71
5908.64
5908.59
5908.55
5908.51
5908.47
5908.43
5908.4
5908.38
5908.37
5908.36
5908.35
5908.35
5908.35
5908.36
5908.36
5908.38
5908.39
5908.41
5908.43
5908.45
5908.48
5908.5
5908.53
5908.56
5908.59
5908.62
5908.66
5908.69
5908.73
5908.76
5908.8
5908.83
5908.87
5908.91
5908.94
5908.98
5909.02
5909.06
5909.1
5909.14
5909.18
5909.22
5909.26
5909.3
5909.34
5909.38
5909.42
5909.46
5909.5
5909.54
5909.58
5909.62
5909.66
5909.7
5909.74
5909.78
5909.82
5909.86
5909.9
5909.94
5909.98
5910
6087.31
6087.74
6088.2
6088.72
6089.26
6089.75
6090.14
6090.41
6090.6
6090.73
6090.83
6090.91
6091
6091.11
6091.23
6091.38
6091.56
6091.79
6092.06
6086.06
6003.12
5908.93
5908.84
5908.79
5908.74
5908.66
5908.58
5908.52
5908.47
5908.43
5908.4
5908.38
5908.37
5908.36
5908.36
5908.36
5908.36
5908.37
5908.39
5908.4
5908.42
5908.44
5908.47
5908.5
5908.52
5908.55
5908.58
5908.62
5908.65
5908.68
5908.72
5908.75
5908.79
5908.83
5908.86
5908.9
5908.94
5908.98
5909.02
5909.05
5909.09
5909.13
5909.17
5909.21
5909.25
5909.29
5909.33
5909.37
5909.41
5909.45
5909.49
5909.54
5909.58
5909.62
5909.66
5909.7
5909.74
5909.78
5909.82
5909.86
5909.9
5909.94
5909.99
5910
6087.33
6087.81
6088.32
6088.86
6089.38
6089.84
6090.19
6090.43
6090.58
6090.67
6090.75
6090.81
6090.88
6090.97
6091.07
6091.21
6091.37
6091.57
6091.8
6092.05
6090.88
6031.53
5908.99
5908.98
5908.97
5908.84
5908.71
5908.6
5908.53
5908.47
5908.43
5908.4
5908.38
5908.37
5908.36
5908.36
5908.36
5908.37
5908.38
5908.39
5908.41
5908.43
5908.46
5908.48
5908.51
5908.54
5908.57
5908.61
5908.64
5908.67
5908.71
5908.74
5908.78
5908.82
5908.86
5908.89
5908.93
5908.97
5909.01
5909.05
5909.09
5909.13
5909.17
5909.21
5909.25
5909.29
5909.33
5909.37
5909.41
5909.45
5909.49
5909.53
5909.57
5909.61
5909.66
5909.7
5909.74
5909.78
5909.82
5909.86
5909.9
5909.94
5909.98
5910
6087.35
6087.87
6088.41
6088.95
6089.47
6089.89
6090.2
6090.4
6090.52
6090.58
6090.62
6090.66
6090.7
6090.77
6090.86
6090.96
6091.11
6091.28
6091.49
6091.72
6091.98
6089.19
6045.37
5909.1
5909.33
5909.04
5908.83
5908.68
5908.58
5908.51
5908.46
5908.42
5908.39
5908.37
5908.35
5908.35
5908.35
5908.35
5908.36
5908.38
5908.4
5908.42
5908.44
5908.47
5908.5
5908.53
5908.56
5908.6
5908.63
5908.66
5908.7
5908.74
5908.77
5908.81
5908.85
5908.89
5908.93
5908.96
5909
5909.04
5909.08
5909.12
5909.16
5909.2
5909.24
5909.29
5909.33
5909.37
5909.41
5909.45
5909.49
5909.53
5909.57
5909.61
5909.65
5909.7
5909.74
5909.78
5909.82
5909.86
5909.9
5909.94
5909.97
5910
6087.37
6087.92
6088.48
6089.03
6089.52
6089.92
6090.19
6090.35
6090.43
6090.47
6090.48
6090.5
6090.51
6090.55
6090.61
6090.69
6090.81
6090.96
6091.14
6091.37
6091.63
6091.93
6092.27
6089.76
5923.16
5909.21
5908.91
5908.75
5908.63
5908.54
5908.47
5908.42
5908.38
5908.36
5908.34
5908.33
5908.33
5908.34
5908.35
5908.36
5908.38
5908.4
5908.43
5908.46
5908.49
5908.52
5908.55
5908.58
5908.62
5908.65
5908.69
5908.73
5908.76
5908.8
5908.84
5908.88
5908.92
5908.96
5909
5909.04
5909.08
5909.12
5909.16
5909.2
5909.24
5909.28
5909.32
5909.36
5909.4
5909.45
5909.49
5909.53
5909.57
5909.61
5909.65
5909.69
5909.74
5909.78
5909.82
5909.86
5909.9
5909.94
5909.98
5910
6087.39
6087.98
6088.56
6089.1
6089.57
6089.92
6090.15
6090.28
6090.33
6090.34
6090.33
6090.33
6090.32
6090.33
6090.37
6090.42
6090.51
6090.64
6090.8
6091
6091.25
6091.52
6091.82
6091.54
6085.02
5908.02
5908.93
5908.8
5908.66
5908.55
5908.47
5908.41
5908.37
5908.34
5908.32
5908.31
5908.31
5908.31
5908.32
5908.34
5908.36
5908.38
5908.41
5908.44
5908.47
5908.5
5908.53
5908.57
5908.6
5908.64
5908.68
5908.72
5908.75
5908.79
5908.83
5908.87
5908.91
5908.95
5908.99
5909.03
5909.07
5909.11
5909.15
5909.19
5909.24
5909.28
5909.32
5909.36
5909.4
5909.44
5909.48
5909.53
5909.57
5909.61
5909.65
5909.69
5909.73
5909.78
5909.82
5909.86
5909.9
5909.94
5910
5910
6087.4
6088
6088.59
6089.12
6089.57
6089.9
6090.1
6090.2
6090.23
6090.23
6090.2
6090.17
6090.15
6090.13
6090.15
6090.18
6090.24
6090.34
6090.47
6090.65
6090.87
6091.13
6091.42
6091.75
6090.54
6070.11
5909.13
5908.88
5908.69
5908.55
5908.45
5908.39
5908.34
5908.31
5908.29
5908.28
5908.28
5908.29
5908.3
5908.31
5908.34
5908.36
5908.39
5908.42
5908.45
5908.48
5908.52
5908.55
5908.59
5908.63
5908.67
5908.7
5908.74
5908.78
5908.82
5908.86
5908.9
5908.94
5908.98
5909.03
5909.07
5909.11
5909.15
5909.19
5909.23
5909.27
5909.31
5909.36
5909.4
5909.44
5909.48
5909.52
5909.57
5909.61
5909.65
5909.69
5909.73
5909.78
5909.82
5909.86
5909.9
5909.94
5909.99
5910
6087.41
6088.02
6088.61
6089.13
6089.56
6089.85
6090.03
6090.11
6090.13
6090.12
6090.08
6090.03
6089.99
6089.96
6089.96
6089.97
6090
6090.08
6090.19
6090.34
6090.53
6090.77
6091.06
6091.4
6091.79
6092.26
5956.8
5908.95
5908.68
5908.51
5908.41
5908.34
5908.3
5908.27
5908.25
5908.24
5908.24
5908.25
5908.27
5908.28
5908.31
5908.34
5908.36
5908.4
5908.43
5908.47
5908.5
5908.54
5908.58
5908.61
5908.65
5908.69
5908.73
5908.77
5908.81
5908.85
5908.89
5908.94
5908.98
5909.02
5909.06
5909.1
5909.14
5909.19
5909.23
5909.27
5909.31
5909.35
5909.4
5909.44
5909.48
5909.52
5909.56
5909.61
5909.65
5909.69
5909.73
5909.77
5909.82
5909.86
5909.9
5909.95
5909.99
5910
6087.41
6088.02
6088.59
6089.1
6089.5
6089.78
6089.95
6090.02
6090.03
6090.01
6089.97
6089.92
6089.87
6089.83
6089.8
6089.79
6089.81
6089.86
6089.94
6090.06
6090.22
6090.44
6090.71
6091.04
6091.42
6091.64
6085.45
5908.72
5908.57
5908.42
5908.33
5908.28
5908.24
5908.21
5908.2
5908.19
5908.2
5908.21
5908.23
5908.25
5908.28
5908.31
5908.34
5908.37
5908.41
5908.44
5908.48
5908.52
5908.56
5908.6
5908.64
5908.68
5908.72
5908.76
5908.8
5908.84
5908.89
5908.93
5908.97
5909.01
5909.05
5909.1
5909.14
5909.18
5909.22
5909.26
5909.31
5909.35
5909.39
5909.43
5909.48
5909.52
5909.56
5909.6
5909.65
5909.69
5909.73
5909.77
5909.81
5909.86
5909.9
5909.95
5910
5910
6087.4
6088
6088.56
6089.06
6089.44
6089.71
6089.87
6089.93
6089.94
6089.92
6089.87
6089.82
6089.76
6089.71
6089.68
6089.65
6089.65
6089.67
6089.73
6089.82
6089.96
6090.14
6090.39
6090.7
6091.06
6091.49
6091.97
5989.09
5908.44
5908.28
5908.22
5908.19
5908.16
5908.15
5908.14
5908.14
5908.15
5908.16
5908.19
5908.21
5908.24
5908.27
5908.31
5908.35
5908.38
5908.42
5908.46
5908.5
5908.54
5908.58
5908.63
5908.67
5908.71
5908.75
5908.79
5908.84
5908.88
5908.92
5908.96
5909
5909.05
5909.09
5909.13
5909.18
5909.22
5909.26
5909.3
5909.35
5909.39
5909.43
5909.47
5909.52
5909.56
5909.6
5909.64
5909.69
5909.73
5909.77
5909.81
5909.86
5909.9
5909.95
5910
5910
6087.4
6087.99
6088.54
6089.01
6089.38
6089.64
6089.78
6089.84
6089.85
6089.83
6089.78
6089.73
6089.67
6089.62
6089.57
6089.54
6089.52
6089.53
6089.55
6089.62
6089.73
6089.89
6090.11
6090.39
6090.74
6091.14
6091.58
6086.93
5907.92
5908.03
5908.07
5908.08
5908.08
5908.07
5908.07
5908.08
5908.09
5908.11
5908.14
5908.17
5908.2
5908.24
5908.28
5908.32
5908.36
5908.4
5908.44
5908.48
5908.53
5908.57
5908.61
5908.65
5908.7
5908.74
5908.78
5908.83
5908.87
5908.91
5908.95
5909
5909.04
5909.08
5909.13
5909.17
5909.21
5909.26
5909.3
5909.34
5909.39
5909.43
5909.47
5909.51
5909.56
5909.6
5909.64
5909.68
5909.73
5909.77
5909.81
5909.85
5909.9
5909.94
5909.98
5910
6087.4
6087.98
6088.52
6088.97
6089.32
6089.56
6089.7
6089.76
6089.76
6089.74
6089.69
6089.64
6089.59
6089.54
6089.49
6089.45
6089.42
6089.4
6089.41
6089.45
6089.53
6089.66
6089.86
6090.12
6090.44
6090.81
6091.24
6091.65
5906.87
5907.81
5907.93
5907.98
5907.99
5907.99
5908
5908.01
5908.03
5908.06
5908.09
5908.12
5908.16
5908.2
5908.24
5908.29
5908.33
5908.37
5908.42
5908.46
5908.51
5908.55
5908.6
5908.64
5908.68
5908.73
5908.77
5908.82
5908.86
5908.9
5908.95
5908.99
5909.03
5909.08
5909.12
5909.17
5909.21
5909.25
5909.3
5909.34
5909.38
5909.43
5909.47
5909.51
5909.55
5909.6
5909.64
5909.68
5909.73
5909.77
5909.81
5909.85
5909.89
5909.93
5909.97
5910
6087.39
6087.96
6088.48
6088.92
6089.25
6089.48
6089.61
6089.67
6089.67
6089.65
6089.6
6089.56
6089.51
6089.46
6089.41
6089.37
6089.33
6089.3
6089.29
6089.31
6089.37
6089.47
6089.64
6089.87
6090.17
6090.54
6090.97
6091.42
6063.29
5907.7
5907.84
5907.89
5907.9
5907.91
5907.92
5907.94
5907.96
5908
5908.03
5908.07
5908.12
5908.16
5908.21
5908.25
5908.3
5908.35
5908.4
5908.44
5908.49
5908.53
5908.58
5908.63
5908.67
5908.72
5908.76
5908.81
5908.85
5908.9
5908.94
5908.98
5909.03
5909.07
5909.12
5909.16
5909.2
5909.25
5909.29
5909.34
5909.38
5909.42
5909.47
5909.51
5909.55
5909.6
5909.64
5909.68
5909.72
5909.77
5909.81
5909.85
5909.89
5909.93
5909.97
5909.99
6087.38
6087.93
6088.43
6088.85
6089.18
6089.39
6089.52
6089.57
6089.58
6089.55
6089.51
6089.47
6089.42
6089.38
6089.33
6089.29
6089.25
6089.21
6089.19
6089.19
6089.22
6089.3
6089.44
6089.64
6089.92
6090.28
6090.71
6091.19
6091.68
5907.71
5907.81
5907.81
5907.81
5907.82
5907.83
5907.86
5907.89
5907.93
5907.97
5908.02
5908.07
5908.12
5908.17
5908.22
5908.27
5908.32
5908.37
5908.42
5908.47
5908.52
5908.56
5908.61
5908.66
5908.7
5908.75
5908.8
5908.84
5908.89
5908.93
5908.98
5909.02
5909.07
5909.11
5909.15
5909.2
5909.24
5909.29
5909.33
5909.38
5909.42
5909.46
5909.51
5909.55
5909.59
5909.64
5909.68
5909.72
5909.77
5909.81
5909.85
5909.89
5909.94
5909.98
5910
6087.37
6087.9
6088.38
6088.78
6089.09
6089.31
6089.43
6089.48
6089.48
6089.46
6089.42
6089.38
6089.34
6089.3
6089.26
6089.21
6089.17
6089.13
6089.1
6089.08
6089.1
6089.15
6089.26
6089.44
6089.7
6090.04
6090.46
6090.96
6091.55
5938.63
5907.84
5907.73
5907.71
5907.72
5907.74
5907.78
5907.82
5907.86
5907.91
5907.97
5908.02
5908.08
5908.13
5908.19
5908.24
5908.3
5908.35
5908.4
5908.45
5908.5
5908.55
5908.6
5908.65
5908.69
5908.74
5908.79
5908.83
5908.88
5908.92
5908.97
5909.01
5909.06
5909.11
5909.15
5909.19
5909.24
5909.28
5909.33
5909.37
5909.42
5909.46
5909.5
5909.55
5909.59
5909.64
5909.68
5909.72
5909.77
5909.81
5909.85
5909.9
5909.94
5909.98
5910
6087.36
6087.87
6088.33
6088.72
6089.02
6089.22
6089.34
6089.38
6089.39
6089.36
6089.33
6089.29
6089.25
6089.21
6089.17
6089.14
6089.09
6089.05
6089.01
6088.99
6088.99
6089.02
6089.11
6089.26
6089.49
6089.82
6090.23
6090.73
6091.29
6082.32
5907.48
5907.55
5907.58
5907.61
5907.64
5907.68
5907.73
5907.79
5907.85
5907.91
5907.97
5908.04
5908.1
5908.16
5908.21
5908.27
5908.32
5908.38
5908.43
5908.48
5908.53
5908.58
5908.63
5908.68
5908.73
5908.78
5908.82
5908.87
5908.92
5908.96
5909.01
5909.05
5909.1
5909.14
5909.19
5909.24
5909.28
5909.32
5909.37
5909.41
5909.46
5909.5
5909.55
5909.59
5909.63
5909.68
5909.72
5909.76
5909.81
5909.85
5909.89
5909.94
5909.98
5910
6087.35
6087.84
6088.28
6088.66
6088.94
6089.14
6089.25
6089.29
6089.29
6089.26
6089.23
6089.19
6089.16
6089.13
6089.09
6089.06
6089.02
6088.97
6088.93
6088.9
6088.88
6088.9
6088.97
6089.09
6089.3
6089.6
6089.99
6090.48
6091.02
6091.53
5907.22
5907.41
5907.46
5907.49
5907.53
5907.59
5907.65
5907.72
5907.79
5907.86
5907.93
5907.99
5908.06
5908.12
5908.18
5908.24
5908.3
5908.36
5908.41
5908.47
5908.52
5908.57
5908.62
5908.67
5908.72
5908.77
5908.81
5908.86
5908.91
5908.96
5909
5909.05
5909.09
5909.14
5909.19
5909.23
5909.28
5909.32
5909.37
5909.41
5909.46
5909.5
5909.54
5909.59
5909.63
5909.68
5909.72
5909.76
5909.81
5909.85
5909.89
5909.94
5909.97
5910
6087.34
6087.81
6088.24
6088.6
6088.88
6089.06
6089.16
6089.2
6089.2
6089.17
6089.14
6089.1
6089.07
6089.04
6089.01
6088.97
6088.94
6088.9
6088.85
6088.81
6088.79
6088.79
6088.84
6088.94
6089.12
6089.39
6089.77
6090.26
6090.83
6091.42
5907.36
5907.4
5907.35
5907.36
5907.41
5907.48
5907.56
5907.64
5907.72
5907.8
5907.88
5907.95
5908.02
5908.09
5908.16
5908.22
5908.28
5908.34
5908.39
5908.45
5908.5
5908.56
5908.61
5908.66
5908.71
5908.76
5908.81
5908.85
5908.9
5908.95
5909
5909.04
5909.09
5909.14
5909.18
5909.23
5909.27
5909.32
5909.36
5909.41
5909.45
5909.5
5909.54
5909.59
5909.63
5909.68
5909.72
5909.76
5909.81
5909.85
5909.89
5909.94
5909.98
5910
6087.33
6087.79
6088.2
6088.55
6088.81
6088.98
6089.07
6089.11
6089.1
6089.08
6089.04
6089.01
6088.98
6088.95
6088.92
6088.89
6088.85
6088.81
6088.77
6088.73
6088.69
6088.69
6088.72
6088.8
6088.95
6089.2
6089.56
6090.03
6090.62
6088.51
6053.83
5907.42
5907.18
5907.19
5907.27
5907.37
5907.47
5907.56
5907.66
5907.75
5907.83
5907.91
5907.99
5908.06
5908.13
5908.19
5908.26
5908.32
5908.38
5908.43
5908.49
5908.54
5908.6
5908.65
5908.7
5908.75
5908.8
5908.85
5908.89
5908.94
5908.99
5909.04
5909.08
5909.13
5909.18
5909.22
5909.27
5909.32
5909.36
5909.41
5909.45
5909.5
5909.54
5909.59
5909.63
5909.68
5909.72
5909.76
5909.81
5909.85
5909.89
5909.94
5910
5910
6087.33
6087.77
6088.17
6088.5
6088.75
6088.9
6088.99
6089.02
6089.01
6088.99
6088.95
6088.92
6088.89
6088.86
6088.84
6088.81
6088.77
6088.73
6088.69
6088.64
6088.6
6088.59
6088.6
6088.67
6088.79
6089.01
6089.33
6089.77
6090.31
6090.91
6091.43
5906.62
5906.79
5906.95
5907.1
5907.25
5907.37
5907.49
5907.6
5907.7
5907.79
5907.87
5907.95
5908.03
5908.1
5908.17
5908.24
5908.3
5908.36
5908.42
5908.47
5908.53
5908.58
5908.64
5908.69
5908.74
5908.79
5908.84
5908.89
5908.94
5908.98
5909.03
5909.08
5909.13
5909.17
5909.22
5909.27
5909.31
5909.36
5909.4
5909.45
5909.5
5909.54
5909.59
5909.63
5909.68
5909.72
5909.76
5909.81
5909.85
5909.89
5909.94
5909.98
5910
6087.32
6087.75
6088.14
6088.45
6088.68
6088.83
6088.91
6088.93
6088.93
6088.9
6088.87
6088.84
6088.81
6088.78
6088.75
6088.72
6088.69
6088.65
6088.6
6088.56
6088.52
6088.49
6088.5
6088.54
6088.65
6088.84
6089.12
6089.51
6089.99
6090.5
6090.95
5905.93
5906.4
5906.71
5906.95
5907.13
5907.29
5907.42
5907.54
5907.65
5907.75
5907.84
5907.92
5908
5908.08
5908.15
5908.22
5908.28
5908.34
5908.4
5908.46
5908.52
5908.57
5908.63
5908.68
5908.73
5908.78
5908.83
5908.88
5908.93
5908.98
5909.03
5909.07
5909.12
5909.17
5909.22
5909.26
5909.31
5909.36
5909.4
5909.45
5909.49
5909.54
5909.58
5909.63
5909.67
5909.72
5909.76
5909.81
5909.85
5909.89
5909.94
5909.97
5910
6087.32
6087.73
6088.1
6088.4
6088.62
6088.75
6088.83
6088.85
6088.84
6088.81
6088.78
6088.75
6088.72
6088.69
6088.67
6088.64
6088.6
6088.56
6088.52
6088.47
6088.43
6088.4
6088.4
6088.43
6088.52
6088.68
6088.93
6089.29
6089.74
6090.24
6090.7
5905.51
5906.12
5906.53
5906.82
5907.04
5907.22
5907.36
5907.49
5907.61
5907.71
5907.81
5907.9
5907.98
5908.06
5908.13
5908.2
5908.27
5908.33
5908.39
5908.45
5908.51
5908.56
5908.62
5908.67
5908.72
5908.77
5908.82
5908.87
5908.92
5908.97
5909.02
5909.07
5909.12
5909.17
5909.21
5909.26
5909.31
5909.35
5909.4
5909.45
5909.49
5909.54
5909.58
5909.63
5909.67
5909.72
5909.76
5909.81
5909.85
5909.9
5909.94
5909.97
5910
6087.31
6087.71
6088.06
6088.34
6088.55
6088.68
6088.75
6088.77
6088.76
6088.74
6088.7
6088.67
6088.64
6088.61
6088.58
6088.55
6088.52
6088.48
6088.44
6088.39
6088.35
6088.32
6088.31
6088.33
6088.4
6088.54
6088.77
6089.12
6089.57
6090.09
6090.6
5905.35
5906.01
5906.44
5906.75
5906.98
5907.16
5907.32
5907.45
5907.57
5907.68
5907.78
5907.87
5907.96
5908.04
5908.11
5908.18
5908.25
5908.32
5908.38
5908.44
5908.5
5908.55
5908.61
5908.66
5908.72
5908.77
5908.82
5908.87
5908.92
5908.97
5909.02
5909.07
5909.11
5909.16
5909.21
5909.26
5909.31
5909.35
5909.4
5909.45
5909.49
5909.54
5909.58
5909.63
5909.68
5909.72
5909.77
5909.81
5909.85
5909.9
5909.94
5909.99
5910
6087.3
6087.68
6088.01
6088.28
6088.48
6088.6
6088.67
6088.69
6088.69
6088.66
6088.63
6088.6
6088.56
6088.53
6088.5
6088.47
6088.44
6088.4
6088.36
6088.31
6088.27
6088.24
6088.23
6088.24
6088.31
6088.44
6088.66
6089
6089.46
6090.01
6090.59
5905.47
5906.07
5906.44
5906.72
5906.94
5907.13
5907.29
5907.42
5907.55
5907.66
5907.76
5907.85
5907.94
5908.02
5908.1
5908.17
5908.24
5908.31
5908.37
5908.43
5908.49
5908.55
5908.6
5908.66
5908.71
5908.76
5908.81
5908.86
5908.91
5908.96
5909.01
5909.06
5909.11
5909.16
5909.21
5909.26
5909.3
5909.35
5909.4
5909.45
5909.49
5909.54
5909.58
5909.63
5909.68
5909.72
5909.77
5909.81
5909.86
5909.9
5909.95
5910
5910
6087.29
6087.65
6087.96
6088.22
6088.41
6088.53
6088.6
6088.62
6088.61
6088.59
6088.56
6088.53
6088.49
6088.46
6088.42
6088.39
6088.36
6088.32
6088.28
6088.24
6088.2
6088.17
6088.16
6088.17
6088.22
6088.35
6088.57
6088.9
6089.37
6089.96
6090.63
6009.23
5906.28
5906.5
5906.72
5906.93
5907.11
5907.26
5907.4
5907.53
5907.64
5907.74
5907.84
5907.93
5908.01
5908.09
5908.16
5908.23
5908.29
5908.36
5908.42
5908.48
5908.54
5908.59
5908.65
5908.7
5908.75
5908.81
5908.86
5908.91
5908.96
5909.01
5909.06
5909.11
5909.16
5909.21
5909.25
5909.3
5909.35
5909.4
5909.44
5909.49
5909.54
5909.59
5909.63
5909.68
5909.72
5909.77
5909.81
5909.86
5909.9
5909.96
5910
5910
6087.28
6087.62
6087.91
6088.16
6088.34
6088.46
6088.52
6088.55
6088.54
6088.52
6088.49
6088.46
6088.42
6088.39
6088.35
6088.32
6088.28
6088.25
6088.21
6088.17
6088.13
6088.11
6088.09
6088.1
6088.15
6088.27
6088.48
6088.8
6089.27
6089.87
6090.62
5966.03
5906.4
5906.52
5906.71
5906.91
5907.09
5907.25
5907.39
5907.51
5907.63
5907.73
5907.83
5907.91
5908
5908.08
5908.15
5908.22
5908.29
5908.35
5908.41
5908.47
5908.53
5908.59
5908.64
5908.7
5908.75
5908.8
5908.85
5908.9
5908.96
5909.01
5909.06
5909.1
5909.15
5909.2
5909.25
5909.3
5909.35
5909.4
5909.44
5909.49
5909.54
5909.59
5909.63
5909.68
5909.73
5909.77
5909.82
5909.86
5909.91
5909.96
5910
5910
6087.27
6087.58
6087.86
6088.09
6088.26
6088.38
6088.45
6088.48
6088.48
6088.46
6088.43
6088.4
6088.36
6088.32
6088.29
6088.25
6088.22
6088.18
6088.14
6088.11
6088.07
6088.05
6088.04
6088.05
6088.1
6088.21
6088.42
6088.73
6089.18
6089.76
6090.45
6084.64
5906.1
5906.4
5906.66
5906.88
5907.07
5907.23
5907.37
5907.5
5907.62
5907.72
5907.82
5907.91
5907.99
5908.07
5908.14
5908.21
5908.28
5908.34
5908.41
5908.47
5908.52
5908.58
5908.64
5908.69
5908.74
5908.8
5908.85
5908.9
5908.95
5909
5909.05
5909.1
5909.15
5909.2
5909.25
5909.3
5909.35
5909.4
5909.44
5909.49
5909.54
5909.59
5909.63
5909.68
5909.73
5909.77
5909.82
5909.86
5909.91
5909.96
5910
5910
6087.25
6087.55
6087.81
6088.03
6088.19
6088.31
6088.38
6088.41
6088.41
6088.39
6088.37
6088.34
6088.3
6088.26
6088.22
6088.19
6088.15
6088.12
6088.08
6088.05
6088.02
6088
6087.99
6088
6088.06
6088.17
6088.37
6088.69
6089.16
6089.75
6090.36
6090.9
5905.78
5906.25
5906.59
5906.84
5907.05
5907.22
5907.36
5907.49
5907.61
5907.71
5907.81
5907.9
5907.98
5908.06
5908.14
5908.21
5908.27
5908.34
5908.4
5908.46
5908.52
5908.58
5908.63
5908.69
5908.74
5908.79
5908.85
5908.9
5908.95
5909
5909.05
5909.1
5909.15
5909.2
5909.25
5909.3
5909.35
5909.4
5909.44
5909.49
5909.54
5909.59
5909.64
5909.69
5909.73
5909.78
5909.82
5909.87
5909.91
5909.96
5910
5910
6087.24
6087.51
6087.75
6087.96
6088.12
6088.23
6088.3
6088.33
6088.33
6088.33
6088.3
6088.27
6088.24
6088.2
6088.17
6088.13
6088.09
6088.06
6088.03
6087.99
6087.97
6087.95
6087.95
6087.97
6088.02
6088.14
6088.35
6088.67
6089.12
6089.68
6090.26
6090.76
5905.55
5906.12
5906.52
5906.81
5907.03
5907.21
5907.36
5907.49
5907.61
5907.71
5907.81
5907.9
5907.98
5908.06
5908.13
5908.2
5908.27
5908.33
5908.4
5908.46
5908.51
5908.57
5908.63
5908.68
5908.74
5908.79
5908.84
5908.89
5908.95
5909
5909.05
5909.1
5909.15
5909.2
5909.25
5909.3
5909.35
5909.4
5909.44
5909.49
5909.54
5909.59
5909.64
5909.69
5909.74
5909.78
5909.83
5909.87
5909.92
5909.96
5910
5910
6087.23
6087.47
6087.69
6087.88
6088.03
6088.14
6088.21
6088.25
6088.25
6088.25
6088.23
6088.2
6088.17
6088.14
6088.1
6088.07
6088.03
6088
6087.97
6087.94
6087.92
6087.91
6087.91
6087.94
6088.01
6088.14
6088.35
6088.67
6089.1
6089.64
6090.2
6090.68
5905.4
5906.04
5906.47
5906.78
5907.02
5907.21
5907.36
5907.49
5907.61
5907.71
5907.81
5907.89
5907.98
5908.05
5908.13
5908.2
5908.26
5908.33
5908.39
5908.45
5908.51
5908.57
5908.62
5908.68
5908.73
5908.79
5908.84
5908.89
5908.94
5908.99
5909.04
5909.1
5909.15
5909.2
5909.25
5909.3
5909.35
5909.4
5909.45
5909.5
5909.55
5909.6
5909.64
5909.69
5909.74
5909.79
5909.84
5909.88
5909.92
5909.96
5910
5910
6087.21
6087.43
6087.63
6087.81
6087.94
6088.05
6088.11
6088.15
6088.16
6088.16
6088.15
6088.13
6088.1
6088.07
6088.04
6088
6087.97
6087.94
6087.92
6087.89
6087.88
6087.87
6087.88
6087.93
6088.01
6088.16
6088.38
6088.7
6089.12
6089.63
6090.17
6090.66
5905.36
5906.01
5906.47
5906.79
5907.03
5907.21
5907.37
5907.5
5907.61
5907.71
5907.81
5907.9
5907.98
5908.05
5908.13
5908.2
5908.26
5908.33
5908.39
5908.45
5908.51
5908.56
5908.62
5908.68
5908.73
5908.78
5908.84
5908.89
5908.94
5908.99
5909.04
5909.09
5909.14
5909.19
5909.25
5909.3
5909.35
5909.4
5909.45
5909.5
5909.55
5909.6
5909.65
5909.7
5909.75
5909.8
5909.85
5909.89
5909.93
5909.97
5910
5910
6087.2
6087.39
6087.57
6087.72
6087.85
6087.94
6088
6088.05
6088.06
6088.07
6088.06
6088.04
6088.02
6087.99
6087.96
6087.94
6087.91
6087.88
6087.86
6087.85
6087.84
6087.84
6087.87
6087.93
6088.04
6088.22
6088.48
6088.83
6089.25
6089.72
6090.22
6090.69
5905.45
5906.08
5906.52
5906.82
5907.05
5907.23
5907.38
5907.51
5907.62
5907.72
5907.81
5907.9
5907.98
5908.05
5908.13
5908.19
5908.26
5908.32
5908.39
5908.45
5908.5
5908.56
5908.62
5908.67
5908.73
5908.78
5908.83
5908.89
5908.94
5908.99
5909.04
5909.09
5909.14
5909.19
5909.24
5909.3
5909.35
5909.4
5909.45
5909.5
5909.55
5909.6
5909.65
5909.71
5909.76
5909.81
5909.86
5909.9
5909.95
5909.98
5910
5910
6087.18
6087.34
6087.49
6087.63
6087.74
6087.83
6087.89
6087.93
6087.95
6087.96
6087.95
6087.94
6087.93
6087.91
6087.89
6087.87
6087.84
6087.83
6087.81
6087.8
6087.8
6087.82
6087.87
6087.95
6088.09
6088.3
6088.59
6088.96
6089.39
6089.86
6090.34
6090.8
5905.71
5906.27
5906.64
5906.9
5907.1
5907.27
5907.4
5907.52
5907.63
5907.73
5907.82
5907.9
5907.98
5908.05
5908.13
5908.19
5908.26
5908.32
5908.38
5908.44
5908.5
5908.56
5908.62
5908.67
5908.72
5908.78
5908.83
5908.88
5908.94
5908.99
5909.04
5909.09
5909.14
5909.19
5909.24
5909.3
5909.35
5909.4
5909.45
5909.5
5909.55
5909.61
5909.66
5909.71
5909.77
5909.82
5909.87
5909.92
5909.96
5910
5910
5910
6087.17
6087.3
6087.43
6087.54
6087.63
6087.71
6087.77
6087.8
6087.83
6087.84
6087.85
6087.85
6087.84
6087.83
6087.81
6087.8
6087.78
6087.77
6087.77
6087.77
6087.78
6087.82
6087.89
6088
6088.18
6088.42
6088.73
6089.09
6089.51
6089.97
6090.45
6090.95
5906.27
5906.59
5906.81
5907
5907.16
5907.3
5907.43
5907.54
5907.64
5907.74
5907.82
5907.9
5907.98
5908.06
5908.13
5908.19
5908.26
5908.32
5908.38
5908.44
5908.5
5908.56
5908.61
5908.67
5908.72
5908.78
5908.83
5908.88
5908.93
5908.99
5909.04
5909.09
5909.14
5909.19
5909.24
5909.3
5909.35
5909.4
5909.45
5909.5
5909.56
5909.61
5909.67
5909.72
5909.78
5909.83
5909.89
5909.94
5909.98
5910
5910
5910
6087.15
6087.26
6087.36
6087.45
6087.52
6087.59
6087.65
6087.68
6087.71
6087.73
6087.74
6087.75
6087.76
6087.76
6087.75
6087.74
6087.73
6087.73
6087.73
6087.75
6087.78
6087.84
6087.93
6088.08
6088.28
6088.55
6088.87
6089.23
6089.63
6090.07
6090.55
6091.11
5956.5
5906.98
5906.99
5907.1
5907.22
5907.34
5907.46
5907.56
5907.65
5907.74
5907.83
5907.91
5907.98
5908.06
5908.13
5908.19
5908.26
5908.32
5908.38
5908.44
5908.5
5908.56
5908.61
5908.67
5908.72
5908.77
5908.83
5908.88
5908.93
5908.98
5909.04
5909.09
5909.14
5909.19
5909.24
5909.29
5909.35
5909.4
5909.45
5909.51
5909.56
5909.62
5909.67
5909.73
5909.79
5909.84
5909.9
5909.96
5910
5910
5910
5910
6087.14
6087.23
6087.31
6087.37
6087.43
6087.48
6087.53
6087.58
6087.61
6087.64
6087.66
6087.67
6087.69
6087.7
6087.7
6087.69
6087.69
6087.7
6087.71
6087.74
6087.79
6087.87
6087.99
6088.16
6088.39
6088.66
6088.98
6089.35
6089.74
6090.15
6090.59
6091.06
6083.49
5906.85
5907.04
5907.16
5907.27
5907.38
5907.48
5907.57
5907.67
5907.75
5907.83
5907.91
5907.99
5908.06
5908.13
5908.2
5908.26
5908.32
5908.38
5908.44
5908.5
5908.56
5908.61
5908.67
5908.72
5908.77
5908.83
5908.88
5908.93
5908.98
5909.04
5909.09
5909.14
5909.19
5909.24
5909.29
5909.35
5909.4
5909.45
5909.51
5909.56
5909.62
5909.68
5909.74
5909.79
5909.86
5909.92
5909.98
5910
5910
5910
5910
6087.13
6087.21
6087.27
6087.31
6087.34
6087.37
6087.43
6087.51
6087.57
6087.59
6087.61
6086.91
6064.49
6038.48
6018.89
6003.83
5990.75
5981.17
5980.12
5980.99
5987.69
5990.99
5999.77
6009.42
6009.42
6013.04
6006.36
6009.99
6012.51
6012.14
6009.75
6010.39
6009.72
5906.82
5907.08
5907.21
5907.31
5907.4
5907.5
5907.59
5907.67
5907.76
5907.84
5907.92
5907.99
5908.06
5908.13
5908.2
5908.26
5908.32
5908.38
5908.44
5908.5
5908.55
5908.61
5908.66
5908.72
5908.77
5908.82
5908.88
5908.93
5908.98
5909.03
5909.09
5909.14
5909.19
5909.24
5909.29
5909.35
5909.4
5909.45
5909.51
5909.57
5909.62
5909.68
5909.74
5909.8
5909.87
5909.93
5910
5910
5910
5910
5910
5923.81
5921.96
5913.84
5884.54
5864.56
5839.59
5821.18
5819.47
5800.29
5787.36
5783
5783.43
5790.82
5805.3
5820.96
5834.66
5846.03
5856.62
5864.93
5874.11
5876.98
5877.4
5875.01
5871.83
5871.21
5866.23
5866.79
5864.6
5865.76
5864.41
5869.55
5869.98
5865.05
5879.44
5907.14
5907.25
5907.32
5907.31
5907.43
5907.58
5907.68
5907.76
5907.81
5907.91
5907.99
5908.05
5908.13
5908.2
5908.26
5908.32
5908.38
5908.44
5908.5
5908.55
5908.61
5908.66
5908.72
5908.77
5908.82
5908.88
5908.93
5908.98
5909.03
5909.09
5909.14
5909.19
5909.24
5909.29
5909.35
5909.4
5909.45
5909.51
5909.57
5909.62
5909.68
5909.74
5909.81
5909.87
5909.94
5910
5910
5910
5910
5910
931.688
929.662
934.838
939.393
941.412
945.708
948.344
959.008
971.34
980.928
988.493
986.434
990.256
995.678
999.237
1000.94
999.265
996.736
996.017
989.498
985.68
982.458
984.245
984.059
984.074
985.226
977.84
979.287
974.125
971.9
972.882
975.021
984.174
960.426
954.71
954.727
955.182
955.34
953.712
951.145
949.695
948.971
948.539
948.441
948.608
948.699
949.305
822.299
1280.44
1682.97
1878.81
1961.67
2024.43
2088.22
2146.46
2190.8
2235.08
2219.98
2158.65
2076.2
2035.32
2024.07
2084.55
2194.22
2297.66
2354.92
2382.42
2450.39
2449.83
2370.22
2338.65
2501.59
2698.68
2881.56
2933.72
3071.42
3307.36
3379.55
3664.76
3972.61
4064.15
4335.45
5085.24
5490.79
300.913
305.915
301.919
297.848
293.536
292.018
292.585
290.976
288.457
286.52
281.598
280.751
277.322
270.876
264.715
259.635
255.86
253.464
253.915
254.062
259.35
265.609
265.43
263.583
261.67
256.819
263.645
262.892
266.971
268.632
269.081
271.393
273.393
278.376
279.84
281.491
283.877
287.246
289.287
289.101
287.969
289.755
290.823
290.998
291.389
292.214
290.273
300.2
270.522
275.008
275.859
275.874
275.503
275.242
275.793
275.155
275.004
275.133
274.634
274.331
273.897
272.795
271.669
270.249
268.86
268.349
267.459
267.393
267.116
265.79
265.449
264.728
264.451
264.028
263.594
263.054
262.572
262.201
261.831
261.404
261.171
261.592
262.747
265.687
126.098
117.564
119.53
121.166
122.984
125.643
126.662
128.553
130.333
130.587
131.815
137.14
139.665
143.123
147.849
153.358
156.1
159.65
160.739
158.124
156.587
153.076
154.755
157.489
158.393
161.124
159.36
159.811
158.416
155.404
154.689
151.822
146.121
143.009
139.136
137.737
137.142
136.523
134.593
132.335
129.186
127.037
126.157
128.451
131.287
133.018
134.34
129.064
136.001
137.335
139.729
140.089
142.28
142.27
142.385
140.938
141.967
142.838
143.658
144.634
146.066
146.616
146.056
145.369
144.203
145.09
145.774
146.901
148.097
149.569
151.17
152.82
154.003
155.09
155.32
155.126
155.548
155.348
156.193
155.064
155.48
154.609
154.938
151.582
41.9033
44.1682
42.8772
40.7354
38.546
35.726
33.2415
30.6936
28.0439
26.1542
24.8083
23.5945
22.7463
21.5316
20.6195
20.1716
20.1179
19.5858
20.6655
21.8159
20.9205
25.1759
25.0462
25.0862
25.332
23.7636
24.298
24.1859
24.5229
24.8116
24.3349
23.7647
24.9767
27.2845
30.5503
33.4816
34.7309
35.0972
36.7082
39.0069
41.2547
42.5129
42.6488
40.0244
36.7784
34.741
34.3233
35.3119
33.0394
33.7775
33.6195
35.9081
36.0303
35.8235
34.9571
34.3322
33.9795
33.047
32.484
32.4602
32.573
32.3468
32.3341
31.5692
30.6144
29.7572
29.254
28.9111
29.1605
28.6886
28.728
28.3615
28.2077
28.1701
28.222
28.3327
27.6804
27.0915
26.7698
26.5201
27.0583
27.2622
27.4759
27.6254
1.09957
1.09999
1.1
1.1
1.1
1.1
1.1
1.09999
1.09997
1.1
1.09988
1.09986
1.09996
1.09997
1.09993
1.09993
1.09997
1.09957
1.09936
1.09939
1.09913
1.0996
1.09967
1.0997
1.09992
1.09977
1.09999
1.09998
1.09999
1.09985
1.09974
1.09997
1.1
1.09991
1.09998
1.09999
1.1
1.1
1.09999
1.0999
1.09992
1.09996
1.09993
1.09996
1.1
1.09999
1.09996
1.09979
1.0997
1.09983
1.09974
1.09999
1.09999
1.09989
1.09993
1.09966
1.1
1.1
1.09997
1.09997
1.09977
1.09985
1.09988
1.09999
1.09994
1.09997
1.09998
1.09997
1.09998
1.09996
1.09999
1.09991
1.09981
1.09993
1.09995
1.1
1.1
1.1
1.1
1.09992
1.1
1.09996
1.09967
1.09946
1.09999
1.0993
1.09964
1.09974
1.09972
1.09978
1.09977
1.09976
1.09977
1.09989
1.09998
1.09984
1.1
1.0999
1.09992
1.0999
1.09901
1.09997
1.1
1.09911
1.09947
1.09986
1.09981
1.09999
1.09986
1.09998
1.09998
1.09998
1.09997
1.1
1.09987
1.09881
1.0973
1.09826
1.09974
1.09997
1.09992
1.1
1.1
1.09999
1.1
1.0999
1.09985
1.09994
1.09999
1.09997
1.09992
1.1
1.09999
1.1
1.1
1.09982
1.09978
1.09985
1.09995
1.09996
1.09986
1.09995
1.09997
1.0999
1.09997
1.09996
1.0999
1.09999
1.09999
1.1
1.09997
1.09984
1.09999
1.09999
1.09997
1.1
1.09999
1.1
1.1
1.09997
1.1
1.09977
1.1
1.09992
1.09994
1.09996
1.09998
1.09997
1.09995
1.1
1.1
1.1
1.1
1.1
1.09999
1.1
1.09963
1.09993
1.1
1.1
1.1
1.09999
1.09999
1.09955
1.09999
1.09983
1.09998
1.09986
1.09995
1.09999
1.1
1.09998
1.09996
1.09999
1.1
1.09996
1.09969
1.09983
1.09998
1.09935
1.09901
1.09939
1.09993
1.09993
1.09992
1.09989
1.09985
1.09991
1.09989
1.09988
1.09999
1.09991
1.09981
1.09997
1.09992
1.1
1.09997
1.09993
1.09999
1.09982
1.09978
1.09998
1.09995
1.1
1.09997
1.09992
1.09992
1.0999
1.09998
1.09999
1.09999
1.09996
1.09999
1.09999
1.09993
1.09999
1.09998
1.09992
1.09997
1.1
1.09999
1.09999
1.1
1.1
1.09993
1.09999
1.1
1.09999
1.09999
1.09999
1.09998
1.1
1.0999
1.09996
1.09995
1.09996
1.09995
1.09996
1.1
1.09997
1.09998
1.09996
1.1
1.09999
1.09998
1.09992
1.09991
1.09998
1.09999
1.09986
1.09981
1.09992
1.09994
1.1
1.09999
1.1
1.1
1.1
1.1
1.1
1.09987
1.09953
1.09944
1.09979
1.09999
1.1
1.09991
1.09965
1.09979
1.09996
1.1
1.09998
1.09999
1.09999
1.09997
1.1
1.09999
1.1
1.09999
1.1
1.1
1.0999
1.09986
1.09996
1.1
1.1
1.1
1.1
1.1
1.09999
1.09999
1.09997
1.09997
1.1
1.1
1.1
1.1
1.09999
1.09998
1.09999
1.1
1.1
1.1
1.1
1.1
1.1
1.1
1.09999
1.1
1.1
1.09999
1.1
1.1
1.1
1.09999
1.1
)
;

boundaryField
{
    hot
    {
        type            calculated;
        value           nonuniform List<scalar> 
64
(
6087.1
6087.1
6087.1
6087.1
6087.1
6087.1
6087.1
6087.1
6087.1
6087.1
6087.1
6087.1
6087.1
6087.1
6087.1
6087.1
6087.1
6087.1
6087.1
6087.1
6087.1
6087.1
6087.1
6087.1
6087.1
6087.1
6087.1
6087.1
6087.1
6087.1
6087.1
6087.1
6087.1
6087.1
6087.1
6087.1
6087.1
6087.1
6087.1
6087.1
6087.1
6087.1
6087.1
6087.1
6087.1
6087.1
6087.1
6087.1
6087.1
6087.1
6087.1
6087.1
6087.1
6087.1
6087.1
6087.1
6087.1
6087.1
6087.1
6087.1
6087.1
6087.1
5923.77
931.684
)
;
    }
    hotTop
    {
        type            calculated;
        value           nonuniform List<scalar> 7(300.912 126.097 41.9031 3.36781 1.09999 1.09995 1.0999);
    }
    cold
    {
        type            calculated;
        value           nonuniform List<scalar> 
64
(
5910
5910
5910
5910
5910
5910
5910
5909.99
5910
5910
5910
5909.98
5909.99
5910
5910
5910
5910
5910
5910
5910
5910
5910
5910
5909.98
5909.99
5910
5910
5910
5910
5910
5910
5910
5910
5910
5910
5910
5910
5909.99
5910
5910
5910
5910
5910
5910
5910
5910
5910
5910
5910
5910
5910
5910
5910
5910
5910
5910
5910
5910
5910
5910
5910
5910
5910
5491.31
)
;
    }
    coldTop
    {
        type            calculated;
        value           nonuniform List<scalar> 7(265.687 151.582 27.6254 4.09412 1.09997 1.1 1.1);
    }
    top
    {
        type            calculated;
        value           nonuniform List<scalar> 
84
(
1.0999
1.09996
1.09995
1.09996
1.09995
1.09996
1.1
1.09997
1.09998
1.09996
1.1
1.09999
1.09998
1.09992
1.09991
1.09998
1.09999
1.09986
1.09981
1.09992
1.09994
1.1
1.09999
1.1
1.1
1.1
1.1
1.1
1.09987
1.09953
1.09944
1.09979
1.09999
1.1
1.09991
1.09965
1.09979
1.09996
1.1
1.09998
1.09999
1.09999
1.09997
1.1
1.09999
1.1
1.09999
1.1
1.1
1.0999
1.09986
1.09996
1.1
1.1
1.1
1.1
1.1
1.09999
1.09999
1.09997
1.09997
1.1
1.1
1.1
1.1
1.09999
1.09998
1.09999
1.1
1.1
1.1
1.1
1.1
1.1
1.1
1.09999
1.1
1.1
1.09999
1.1
1.1
1.1
1.09999
1.1
)
;
    }
    btm
    {
        type            calculated;
        value           nonuniform List<scalar> 
84
(
6087.46
6088.14
6088.75
6089.27
6089.68
6090.01
6090.28
6090.49
6090.67
6090.83
6090.97
6091.11
6091.25
6091.41
6091.57
6091.73
5910.08
5910.08
5910.08
5910.08
5910.08
5910.08
5910.08
5910.08
5910.07
5910.07
5910.07
5910.07
5910.07
5910.07
5910.07
5910.06
5910.06
5910.06
5910.06
5910.06
5910.06
5910.05
5910.05
5910.05
5910.05
5910.05
5910.05
5910.05
5910.05
5910.04
5910.04
5910.04
5910.04
5910.04
5910.04
5910.04
5910.04
5910.03
5910.03
5910.03
5910.03
5910.03
5910.03
5910.03
5910.03
5910.03
5910.02
5910.02
5910.02
5910.02
5910.02
5910.02
5910.02
5910.02
5910.01
5910.01
5910.01
5910.01
5910.01
5910.01
5910.01
5910.01
5910.01
5910
5910
5910
5910
5910
)
;
    }
    frontAndBack
    {
        type            empty;
    }
}


// ************************************************************************* //
