/*--------------------------------*- C++ -*----------------------------------*\
  =========                 |
  \\      /  F ield         | OpenFOAM: The Open Source CFD Toolbox
   \\    /   O peration     | Website:  https://openfoam.org
    \\  /    A nd           | Version:  6
     \\/     M anipulation  |
\*---------------------------------------------------------------------------*/
FoamFile
{
    version     2.0;
    format      ascii;
    class       volScalarField;
    location    "510";
    object      stFactor;
}
// * * * * * * * * * * * * * * * * * * * * * * * * * * * * * * * * * * * * * //

dimensions      [0 0 0 0 0 0 0];

internalField   nonuniform List<scalar> 
5964
(
1.01432
1.01444
1.01454
1.01462
1.01469
1.01475
1.01479
1.01483
1.01486
1.01488
1.01491
1.01493
1.01496
1.01498
1.01501
1.01504
0.984309
0.984326
0.984328
0.984326
0.984327
0.984329
0.984333
0.984338
0.984345
0.984352
0.98436
0.984368
0.984377
0.984386
0.984395
0.984404
0.984413
0.984422
0.98443
0.984439
0.984447
0.984455
0.984463
0.984471
0.984479
0.984486
0.984493
0.984501
0.984508
0.984514
0.984521
0.984528
0.984535
0.984541
0.984548
0.984554
0.98456
0.984567
0.984573
0.984579
0.984586
0.984592
0.984598
0.984605
0.984611
0.984617
0.984624
0.98463
0.984636
0.984643
0.984649
0.984655
0.984662
0.984668
0.984674
0.984681
0.984687
0.984694
0.9847
0.984706
0.984713
0.984719
0.984726
0.984732
0.984739
0.984745
0.98475
0.984754
1.01432
1.01444
1.01454
1.01463
1.01469
1.01475
1.01479
1.01483
1.01486
1.01488
1.0149
1.01493
1.01495
1.01498
1.01501
1.01504
0.984341
0.984339
0.98433
0.984325
0.984325
0.984327
0.984331
0.984337
0.984344
0.984352
0.98436
0.984368
0.984377
0.984386
0.984395
0.984404
0.984413
0.984422
0.98443
0.984439
0.984447
0.984455
0.984463
0.984471
0.984479
0.984486
0.984493
0.984501
0.984508
0.984514
0.984521
0.984528
0.984535
0.984541
0.984548
0.984554
0.98456
0.984567
0.984573
0.984579
0.984586
0.984592
0.984598
0.984605
0.984611
0.984617
0.984624
0.98463
0.984636
0.984642
0.984649
0.984655
0.984662
0.984668
0.984674
0.984681
0.984687
0.984694
0.9847
0.984706
0.984713
0.984719
0.984726
0.984732
0.984739
0.984745
0.984751
0.984754
1.01432
1.01444
1.01454
1.01463
1.0147
1.01475
1.01479
1.01482
1.01485
1.01487
1.0149
1.01492
1.01494
1.01497
1.015
1.01504
0.999159
0.984356
0.984328
0.984321
0.98432
0.984324
0.984329
0.984335
0.984343
0.984351
0.984359
0.984368
0.984377
0.984386
0.984395
0.984404
0.984413
0.984422
0.984431
0.984439
0.984447
0.984456
0.984464
0.984471
0.984479
0.984486
0.984494
0.984501
0.984508
0.984515
0.984521
0.984528
0.984535
0.984541
0.984548
0.984554
0.98456
0.984567
0.984573
0.984579
0.984586
0.984592
0.984598
0.984605
0.984611
0.984617
0.984623
0.98463
0.984636
0.984642
0.984649
0.984655
0.984662
0.984668
0.984674
0.984681
0.984687
0.984694
0.9847
0.984706
0.984713
0.984719
0.984726
0.984732
0.984739
0.984745
0.984751
0.984754
1.01432
1.01444
1.01455
1.01463
1.0147
1.01475
1.01479
1.01482
1.01484
1.01486
1.01488
1.0149
1.01493
1.01496
1.01499
1.01502
1.0139
0.984314
0.984309
0.984309
0.984313
0.984318
0.984325
0.984333
0.984341
0.984349
0.984358
0.984367
0.984376
0.984386
0.984395
0.984404
0.984413
0.984422
0.984431
0.984439
0.984448
0.984456
0.984464
0.984472
0.984479
0.984487
0.984494
0.984501
0.984508
0.984515
0.984521
0.984528
0.984535
0.984541
0.984548
0.984554
0.98456
0.984567
0.984573
0.984579
0.984586
0.984592
0.984598
0.984605
0.984611
0.984617
0.984623
0.98463
0.984636
0.984642
0.984649
0.984655
0.984661
0.984668
0.984674
0.984681
0.984687
0.984693
0.9847
0.984706
0.984713
0.984719
0.984726
0.984732
0.984739
0.984745
0.984751
0.984754
1.01432
1.01444
1.01455
1.01463
1.0147
1.01475
1.01478
1.01481
1.01483
1.01485
1.01487
1.01489
1.01491
1.01494
1.01497
1.015
1.01503
0.984268
0.984284
0.984295
0.984304
0.984312
0.984321
0.984329
0.984338
0.984348
0.984357
0.984367
0.984376
0.984386
0.984395
0.984404
0.984414
0.984423
0.984431
0.98444
0.984448
0.984456
0.984464
0.984472
0.98448
0.984487
0.984494
0.984501
0.984508
0.984515
0.984522
0.984528
0.984535
0.984541
0.984548
0.984554
0.98456
0.984567
0.984573
0.984579
0.984586
0.984592
0.984598
0.984605
0.984611
0.984617
0.984623
0.98463
0.984636
0.984642
0.984649
0.984655
0.984661
0.984668
0.984674
0.984681
0.984687
0.984693
0.9847
0.984706
0.984713
0.984719
0.984726
0.984732
0.984738
0.984745
0.984752
0.984754
1.01432
1.01444
1.01455
1.01463
1.0147
1.01474
1.01477
1.01479
1.01481
1.01483
1.01484
1.01487
1.01489
1.01492
1.01495
1.01498
1.01501
0.984235
0.984264
0.984281
0.984294
0.984305
0.984316
0.984326
0.984336
0.984346
0.984356
0.984366
0.984376
0.984386
0.984395
0.984405
0.984414
0.984423
0.984432
0.984441
0.984449
0.984457
0.984465
0.984472
0.98448
0.984487
0.984494
0.984501
0.984508
0.984515
0.984522
0.984528
0.984535
0.984541
0.984548
0.984554
0.98456
0.984567
0.984573
0.984579
0.984586
0.984592
0.984598
0.984604
0.984611
0.984617
0.984623
0.98463
0.984636
0.984642
0.984649
0.984655
0.984661
0.984668
0.984674
0.984681
0.984687
0.984693
0.9847
0.984706
0.984713
0.984719
0.984725
0.984732
0.984738
0.984745
0.984753
0.984754
1.01433
1.01445
1.01455
1.01463
1.01469
1.01473
1.01475
1.01477
1.01479
1.0148
1.01482
1.01484
1.01487
1.0149
1.01493
1.01497
1.015
0.984217
0.984251
0.984272
0.984287
0.984299
0.98431
0.984322
0.984333
0.984344
0.984355
0.984365
0.984376
0.984386
0.984396
0.984406
0.984415
0.984424
0.984433
0.984441
0.98445
0.984458
0.984465
0.984473
0.984481
0.984488
0.984495
0.984502
0.984509
0.984515
0.984522
0.984528
0.984535
0.984541
0.984548
0.984554
0.98456
0.984567
0.984573
0.984579
0.984586
0.984592
0.984598
0.984604
0.984611
0.984617
0.984623
0.98463
0.984636
0.984642
0.984649
0.984655
0.984661
0.984668
0.984674
0.98468
0.984687
0.984693
0.9847
0.984706
0.984713
0.984719
0.984725
0.984732
0.984738
0.984744
0.98475
0.984754
1.01433
1.01444
1.01455
1.01462
1.01468
1.01471
1.01473
1.01475
1.01476
1.01478
1.0148
1.01482
1.01485
1.01488
1.01492
1.01495
1.01499
0.984217
0.98425
0.984268
0.984281
0.984293
0.984305
0.984318
0.98433
0.984342
0.984353
0.984365
0.984376
0.984386
0.984396
0.984406
0.984416
0.984425
0.984434
0.984442
0.98445
0.984458
0.984466
0.984474
0.984481
0.984488
0.984495
0.984502
0.984509
0.984516
0.984522
0.984529
0.984535
0.984541
0.984548
0.984554
0.98456
0.984567
0.984573
0.984579
0.984585
0.984592
0.984598
0.984604
0.984611
0.984617
0.984623
0.984629
0.984636
0.984642
0.984648
0.984655
0.984661
0.984668
0.984674
0.98468
0.984687
0.984693
0.9847
0.984706
0.984713
0.984719
0.984725
0.984732
0.984737
0.984743
0.984748
0.984752
1.01432
1.01444
1.01453
1.01461
1.01466
1.01469
1.01471
1.01473
1.01474
1.01475
1.01477
1.01479
1.01482
1.01486
1.0149
1.01494
1.01499
0.984249
0.984262
0.984266
0.984275
0.984287
0.9843
0.984313
0.984327
0.98434
0.984352
0.984364
0.984376
0.984387
0.984397
0.984407
0.984417
0.984426
0.984435
0.984443
0.984452
0.984459
0.984467
0.984475
0.984482
0.984489
0.984496
0.984503
0.984509
0.984516
0.984522
0.984529
0.984535
0.984542
0.984548
0.984554
0.98456
0.984567
0.984573
0.984579
0.984585
0.984592
0.984598
0.984604
0.98461
0.984617
0.984623
0.984629
0.984636
0.984642
0.984648
0.984655
0.984661
0.984667
0.984674
0.98468
0.984687
0.984693
0.9847
0.984706
0.984712
0.984719
0.984725
0.984731
0.984737
0.984743
0.984748
0.984754
1.01432
1.01443
1.01452
1.01459
1.01464
1.01467
1.01469
1.0147
1.01472
1.01473
1.01475
1.01477
1.0148
1.01484
1.01488
1.01493
1.01499
0.999855
0.984277
0.984261
0.984266
0.984279
0.984294
0.984309
0.984324
0.984338
0.984352
0.984364
0.984376
0.984388
0.984398
0.984409
0.984418
0.984427
0.984436
0.984445
0.984453
0.984461
0.984468
0.984475
0.984483
0.98449
0.984496
0.984503
0.98451
0.984516
0.984523
0.984529
0.984535
0.984542
0.984548
0.984554
0.98456
0.984567
0.984573
0.984579
0.984585
0.984591
0.984598
0.984604
0.98461
0.984617
0.984623
0.984629
0.984636
0.984642
0.984648
0.984655
0.984661
0.984667
0.984674
0.98468
0.984687
0.984693
0.984699
0.984706
0.984712
0.984719
0.984725
0.984731
0.984737
0.984743
0.984751
0.984754
1.01432
1.01442
1.01451
1.01458
1.01462
1.01465
1.01467
1.01468
1.01469
1.0147
1.01472
1.01475
1.01478
1.01482
1.01487
1.01492
1.01497
1.014
0.984225
0.984235
0.984251
0.984268
0.984286
0.984304
0.984321
0.984337
0.984351
0.984365
0.984377
0.984389
0.9844
0.98441
0.98442
0.984429
0.984438
0.984446
0.984454
0.984462
0.984469
0.984476
0.984483
0.98449
0.984497
0.984504
0.98451
0.984517
0.984523
0.984529
0.984535
0.984542
0.984548
0.984554
0.98456
0.984567
0.984573
0.984579
0.984585
0.984591
0.984598
0.984604
0.98461
0.984616
0.984623
0.984629
0.984635
0.984642
0.984648
0.984654
0.984661
0.984667
0.984674
0.98468
0.984687
0.984693
0.984699
0.984706
0.984712
0.984719
0.984725
0.984731
0.984738
0.984743
0.984748
0.984754
1.01431
1.01441
1.01449
1.01456
1.0146
1.01462
1.01464
1.01465
1.01467
1.01468
1.01471
1.01473
1.01477
1.01481
1.01485
1.0149
1.01494
1.01498
0.984173
0.984205
0.984232
0.984257
0.984279
0.9843
0.984319
0.984336
0.984351
0.984366
0.984379
0.984391
0.984402
0.984412
0.984422
0.984431
0.98444
0.984448
0.984456
0.984463
0.98447
0.984477
0.984484
0.984491
0.984498
0.984504
0.984511
0.984517
0.984523
0.984529
0.984536
0.984542
0.984548
0.984554
0.98456
0.984566
0.984573
0.984579
0.984585
0.984591
0.984597
0.984604
0.98461
0.984616
0.984622
0.984629
0.984635
0.984642
0.984648
0.984654
0.984661
0.984667
0.984674
0.98468
0.984686
0.984693
0.984699
0.984706
0.984712
0.984719
0.984725
0.984731
0.984738
0.984743
0.984748
0.984751
1.01431
1.0144
1.01448
1.01454
1.01458
1.0146
1.01462
1.01463
1.01465
1.01467
1.01469
1.01472
1.01476
1.0148
1.01484
1.01489
1.01493
1.01496
0.984135
0.98418
0.984216
0.984247
0.984273
0.984297
0.984318
0.984336
0.984353
0.984368
0.984381
0.984393
0.984404
0.984415
0.984424
0.984433
0.984442
0.98445
0.984457
0.984465
0.984472
0.984479
0.984485
0.984492
0.984498
0.984505
0.984511
0.984517
0.984523
0.98453
0.984536
0.984542
0.984548
0.984554
0.98456
0.984566
0.984572
0.984579
0.984585
0.984591
0.984597
0.984603
0.98461
0.984616
0.984622
0.984629
0.984635
0.984641
0.984648
0.984654
0.984661
0.984667
0.984673
0.98468
0.984686
0.984693
0.984699
0.984706
0.984712
0.984719
0.984725
0.984732
0.984738
0.984744
0.984749
0.984752
1.01431
1.0144
1.01447
1.01452
1.01456
1.01458
1.0146
1.01461
1.01463
1.01466
1.01468
1.01472
1.01475
1.01479
1.01484
1.01488
1.01492
1.01495
0.984111
0.984162
0.984205
0.98424
0.98427
0.984296
0.984318
0.984338
0.984355
0.98437
0.984384
0.984396
0.984407
0.984418
0.984427
0.984436
0.984444
0.984452
0.984459
0.984466
0.984473
0.98448
0.984486
0.984493
0.984499
0.984505
0.984511
0.984517
0.984524
0.98453
0.984536
0.984542
0.984548
0.984554
0.98456
0.984566
0.984572
0.984578
0.984585
0.984591
0.984597
0.984603
0.984609
0.984616
0.984622
0.984628
0.984635
0.984641
0.984647
0.984654
0.98466
0.984667
0.984673
0.98468
0.984686
0.984693
0.984699
0.984706
0.984712
0.984718
0.984725
0.984732
0.984738
0.984745
0.984751
0.984754
1.01431
1.01439
1.01445
1.0145
1.01454
1.01456
1.01458
1.0146
1.01462
1.01465
1.01468
1.01471
1.01475
1.01479
1.01483
1.01487
1.01491
1.01494
0.984098
0.984153
0.984199
0.984237
0.984269
0.984297
0.984321
0.984341
0.984359
0.984374
0.984388
0.9844
0.984411
0.984421
0.98443
0.984439
0.984447
0.984454
0.984461
0.984468
0.984475
0.984481
0.984487
0.984494
0.9845
0.984506
0.984512
0.984518
0.984524
0.98453
0.984536
0.984542
0.984548
0.984554
0.98456
0.984566
0.984572
0.984578
0.984584
0.98459
0.984597
0.984603
0.984609
0.984615
0.984622
0.984628
0.984634
0.984641
0.984647
0.984654
0.98466
0.984667
0.984673
0.98468
0.984686
0.984692
0.984699
0.984705
0.984712
0.984718
0.984725
0.984731
0.984738
0.984745
0.984752
0.984754
1.0143
1.01438
1.01444
1.01448
1.01452
1.01455
1.01457
1.01459
1.01462
1.01465
1.01468
1.01472
1.01476
1.0148
1.01484
1.01487
1.01491
1.01494
0.984096
0.984152
0.984199
0.984239
0.984273
0.984301
0.984325
0.984346
0.984364
0.98438
0.984393
0.984405
0.984415
0.984425
0.984434
0.984442
0.984449
0.984456
0.984463
0.98447
0.984476
0.984482
0.984488
0.984494
0.9845
0.984506
0.984512
0.984518
0.984524
0.98453
0.984536
0.984542
0.984548
0.984554
0.98456
0.984566
0.984572
0.984578
0.984584
0.98459
0.984596
0.984603
0.984609
0.984615
0.984621
0.984628
0.984634
0.984641
0.984647
0.984653
0.98466
0.984666
0.984673
0.984679
0.984686
0.984692
0.984699
0.984705
0.984712
0.984718
0.984725
0.984731
0.984738
0.984746
0.984753
0.984754
1.0143
1.01437
1.01442
1.01447
1.0145
1.01453
1.01456
1.01459
1.01462
1.01466
1.01469
1.01473
1.01476
1.0148
1.01484
1.01488
1.01491
1.01494
0.984101
0.984157
0.984205
0.984246
0.98428
0.984309
0.984333
0.984354
0.984371
0.984386
0.984399
0.98441
0.98442
0.984429
0.984438
0.984445
0.984452
0.984459
0.984465
0.984472
0.984478
0.984484
0.984489
0.984495
0.984501
0.984507
0.984512
0.984518
0.984524
0.98453
0.984536
0.984541
0.984547
0.984553
0.984559
0.984565
0.984571
0.984577
0.984584
0.98459
0.984596
0.984602
0.984609
0.984615
0.984621
0.984628
0.984634
0.98464
0.984647
0.984653
0.98466
0.984666
0.984673
0.984679
0.984686
0.984692
0.984699
0.984705
0.984712
0.984718
0.984725
0.984731
0.984738
0.984746
0.984753
0.984754
1.0143
1.01436
1.01441
1.01446
1.01449
1.01453
1.01456
1.0146
1.01463
1.01467
1.0147
1.01474
1.01478
1.01481
1.01485
1.01488
1.01492
1.01495
0.984115
0.98417
0.984218
0.984258
0.984292
0.98432
0.984343
0.984363
0.98438
0.984394
0.984406
0.984417
0.984426
0.984434
0.984442
0.984449
0.984456
0.984462
0.984468
0.984474
0.984479
0.984485
0.98449
0.984496
0.984502
0.984507
0.984513
0.984518
0.984524
0.98453
0.984535
0.984541
0.984547
0.984553
0.984559
0.984565
0.984571
0.984577
0.984583
0.984589
0.984596
0.984602
0.984608
0.984614
0.984621
0.984627
0.984634
0.98464
0.984646
0.984653
0.984659
0.984666
0.984672
0.984679
0.984685
0.984692
0.984699
0.984705
0.984712
0.984718
0.984725
0.984731
0.984738
0.984745
0.984752
0.984754
1.01429
1.01435
1.0144
1.01445
1.01449
1.01453
1.01457
1.01461
1.01465
1.01469
1.01473
1.01476
1.01479
1.01483
1.01486
1.01489
1.01493
1.01496
0.984135
0.98419
0.984237
0.984275
0.984308
0.984334
0.984357
0.984375
0.98439
0.984403
0.984414
0.984424
0.984432
0.98444
0.984447
0.984453
0.984459
0.984465
0.98447
0.984475
0.984481
0.984486
0.984491
0.984497
0.984502
0.984507
0.984513
0.984518
0.984524
0.98453
0.984535
0.984541
0.984547
0.984553
0.984559
0.984565
0.984571
0.984577
0.984583
0.984589
0.984595
0.984601
0.984608
0.984614
0.98462
0.984627
0.984633
0.98464
0.984646
0.984653
0.984659
0.984666
0.984672
0.984679
0.984685
0.984692
0.984698
0.984705
0.984711
0.984718
0.984724
0.984731
0.984738
0.984745
0.984751
0.984754
1.01429
1.01435
1.0144
1.01444
1.01449
1.01453
1.01458
1.01463
1.01468
1.01472
1.01475
1.01478
1.01481
1.01484
1.01487
1.01491
1.01494
1.01497
0.984163
0.984217
0.984262
0.984298
0.984328
0.984353
0.984372
0.984389
0.984402
0.984414
0.984423
0.984432
0.984439
0.984446
0.984452
0.984457
0.984462
0.984467
0.984472
0.984477
0.984482
0.984487
0.984492
0.984497
0.984502
0.984508
0.984513
0.984518
0.984524
0.984529
0.984535
0.984541
0.984546
0.984552
0.984558
0.984564
0.98457
0.984576
0.984582
0.984588
0.984595
0.984601
0.984607
0.984614
0.98462
0.984626
0.984633
0.984639
0.984646
0.984652
0.984659
0.984665
0.984672
0.984678
0.984685
0.984692
0.984698
0.984705
0.984711
0.984718
0.984724
0.984731
0.984737
0.984744
0.98475
0.984754
1.01429
1.01434
1.01439
1.01444
1.01449
1.01455
1.0146
1.01466
1.01471
1.01475
1.01478
1.01481
1.01483
1.01486
1.01489
1.01492
1.01495
1.01498
0.984199
0.984251
0.984293
0.984327
0.984353
0.984374
0.984391
0.984405
0.984416
0.984425
0.984433
0.98444
0.984446
0.984452
0.984457
0.984461
0.984466
0.98447
0.984475
0.984479
0.984483
0.984488
0.984493
0.984498
0.984502
0.984508
0.984513
0.984518
0.984523
0.984529
0.984534
0.98454
0.984546
0.984552
0.984557
0.984563
0.984569
0.984576
0.984582
0.984588
0.984594
0.9846
0.984607
0.984613
0.984619
0.984626
0.984632
0.984639
0.984645
0.984652
0.984658
0.984665
0.984672
0.984678
0.984685
0.984691
0.984698
0.984705
0.984711
0.984718
0.984724
0.984731
0.984737
0.984743
0.98475
0.984754
1.01429
1.01434
1.0144
1.01445
1.01451
1.01457
1.01463
1.01469
1.01474
1.01478
1.01481
1.01483
1.01486
1.01488
1.01491
1.01494
1.01497
1.015
0.984243
0.984294
0.984332
0.984361
0.984382
0.984399
0.984412
0.984422
0.984431
0.984438
0.984444
0.984449
0.984454
0.984458
0.984462
0.984465
0.984469
0.984473
0.984477
0.98448
0.984485
0.984489
0.984493
0.984498
0.984503
0.984507
0.984512
0.984518
0.984523
0.984528
0.984534
0.984539
0.984545
0.984551
0.984557
0.984563
0.984569
0.984575
0.984581
0.984587
0.984594
0.9846
0.984606
0.984613
0.984619
0.984625
0.984632
0.984638
0.984645
0.984652
0.984658
0.984665
0.984671
0.984678
0.984685
0.984691
0.984698
0.984704
0.984711
0.984718
0.984724
0.98473
0.984737
0.984743
0.984753
0.984754
1.01429
1.01434
1.0144
1.01446
1.01453
1.0146
1.01466
1.01473
1.01478
1.01481
1.01484
1.01486
1.01488
1.0149
1.01493
1.01496
1.01499
1.01502
0.984299
0.984348
0.98438
0.9844
0.984415
0.984426
0.984435
0.984441
0.984447
0.984451
0.984455
0.984458
0.984461
0.984464
0.984467
0.984469
0.984472
0.984475
0.984478
0.984482
0.984485
0.984489
0.984493
0.984498
0.984502
0.984507
0.984512
0.984517
0.984522
0.984528
0.984533
0.984539
0.984544
0.98455
0.984556
0.984562
0.984568
0.984574
0.98458
0.984587
0.984593
0.984599
0.984606
0.984612
0.984618
0.984625
0.984631
0.984638
0.984645
0.984651
0.984658
0.984664
0.984671
0.984678
0.984684
0.984691
0.984698
0.984704
0.984711
0.984717
0.984724
0.98473
0.984737
0.984742
0.984749
0.984754
1.01429
1.01435
1.01441
1.01447
1.01455
1.01462
1.0147
1.01476
1.01481
1.01484
1.01486
1.01488
1.0149
1.01492
1.01495
1.01497
1.01501
1.01505
0.984317
0.984418
0.984436
0.984445
0.984451
0.984456
0.984459
0.984462
0.984463
0.984465
0.984466
0.984467
0.984468
0.98447
0.984471
0.984473
0.984475
0.984477
0.98448
0.984483
0.984486
0.984489
0.984493
0.984497
0.984502
0.984506
0.984511
0.984516
0.984521
0.984527
0.984532
0.984538
0.984544
0.984549
0.984555
0.984561
0.984567
0.984573
0.98458
0.984586
0.984592
0.984599
0.984605
0.984611
0.984618
0.984624
0.984631
0.984637
0.984644
0.984651
0.984657
0.984664
0.984671
0.984677
0.984684
0.984691
0.984697
0.984704
0.984711
0.984717
0.984724
0.98473
0.984737
0.984742
0.984747
0.984751
1.01429
1.01435
1.01442
1.01449
1.01457
1.01465
1.01473
1.01479
1.01483
1.01486
1.01488
1.0149
1.01492
1.01494
1.01496
1.01499
1.01502
1.01507
1.00937
0.984506
0.984499
0.984493
0.984489
0.984487
0.984485
0.984483
0.984481
0.984479
0.984477
0.984476
0.984475
0.984475
0.984476
0.984476
0.984477
0.984479
0.984481
0.984483
0.984486
0.984489
0.984493
0.984497
0.984501
0.984506
0.98451
0.984515
0.98452
0.984526
0.984531
0.984537
0.984543
0.984548
0.984554
0.98456
0.984566
0.984573
0.984579
0.984585
0.984591
0.984598
0.984604
0.984611
0.984617
0.984624
0.98463
0.984637
0.984644
0.98465
0.984657
0.984664
0.98467
0.984677
0.984684
0.98469
0.984697
0.984704
0.984711
0.984717
0.984724
0.984731
0.984737
0.984743
0.984748
0.984752
1.01429
1.01436
1.01443
1.01451
1.0146
1.01468
1.01475
1.01481
1.01484
1.01487
1.01489
1.01491
1.01492
1.01494
1.01496
1.01499
1.01502
1.01506
1.01459
0.998549
0.984561
0.984539
0.984526
0.984519
0.984513
0.984506
0.984499
0.984493
0.984488
0.984485
0.984482
0.98448
0.984479
0.984479
0.984479
0.98448
0.984481
0.984483
0.984486
0.984489
0.984492
0.984496
0.9845
0.984505
0.984509
0.984514
0.984519
0.984525
0.98453
0.984536
0.984541
0.984547
0.984553
0.984559
0.984565
0.984572
0.984578
0.984584
0.984591
0.984597
0.984604
0.98461
0.984617
0.984623
0.98463
0.984636
0.984643
0.98465
0.984657
0.984663
0.98467
0.984677
0.984683
0.98469
0.984697
0.984704
0.98471
0.984717
0.984724
0.984731
0.984737
0.984744
0.984751
0.984754
1.0143
1.01437
1.01445
1.01453
1.01462
1.01471
1.01477
1.01482
1.01485
1.01487
1.01488
1.0149
1.01491
1.01493
1.01495
1.01498
1.01501
1.01504
1.01509
1.01409
1.00027
0.984576
0.984561
0.984551
0.984544
0.984531
0.984518
0.984507
0.984499
0.984493
0.984488
0.984485
0.984482
0.984481
0.98448
0.98448
0.984481
0.984483
0.984485
0.984488
0.984491
0.984495
0.984499
0.984503
0.984508
0.984513
0.984518
0.984523
0.984529
0.984534
0.98454
0.984546
0.984552
0.984558
0.984564
0.984571
0.984577
0.984583
0.98459
0.984596
0.984603
0.984609
0.984616
0.984623
0.984629
0.984636
0.984643
0.984649
0.984656
0.984663
0.98467
0.984676
0.984683
0.98469
0.984697
0.984704
0.98471
0.984717
0.984724
0.984731
0.984737
0.984745
0.984753
0.984754
1.0143
1.01438
1.01447
1.01456
1.01464
1.01472
1.01478
1.01482
1.01484
1.01486
1.01487
1.01488
1.01489
1.01491
1.01493
1.01495
1.01497
1.01501
1.01505
1.01509
1.01489
1.005
0.984586
0.984585
0.984583
0.98456
0.984538
0.984521
0.984509
0.9845
0.984493
0.984488
0.984484
0.984482
0.98448
0.98448
0.98448
0.984481
0.984483
0.984486
0.984489
0.984493
0.984497
0.984501
0.984506
0.984511
0.984516
0.984522
0.984527
0.984533
0.984539
0.984545
0.984551
0.984557
0.984563
0.984569
0.984576
0.984582
0.984589
0.984595
0.984602
0.984609
0.984615
0.984622
0.984629
0.984635
0.984642
0.984649
0.984656
0.984662
0.984669
0.984676
0.984683
0.98469
0.984696
0.984703
0.98471
0.984717
0.984724
0.984731
0.984737
0.984744
0.984751
0.984754
1.0143
1.01439
1.01448
1.01457
1.01466
1.01473
1.01478
1.01481
1.01483
1.01484
1.01485
1.01486
1.01486
1.01487
1.01489
1.01491
1.01493
1.01496
1.01499
1.01503
1.01508
1.01461
1.00731
0.984604
0.984642
0.984594
0.984558
0.984534
0.984518
0.984506
0.984497
0.98449
0.984485
0.984481
0.984479
0.984478
0.984478
0.984479
0.984481
0.984484
0.984487
0.984491
0.984495
0.984499
0.984504
0.984509
0.984514
0.98452
0.984525
0.984531
0.984537
0.984543
0.984549
0.984556
0.984562
0.984568
0.984575
0.984581
0.984588
0.984594
0.984601
0.984608
0.984614
0.984621
0.984628
0.984635
0.984641
0.984648
0.984655
0.984662
0.984669
0.984676
0.984682
0.984689
0.984696
0.984703
0.98471
0.984717
0.984724
0.984731
0.984737
0.984743
0.98475
0.984754
1.01431
1.0144
1.01449
1.01458
1.01467
1.01473
1.01478
1.0148
1.01482
1.01482
1.01483
1.01483
1.01483
1.01484
1.01485
1.01486
1.01488
1.01491
1.01494
1.01497
1.01502
1.01507
1.01512
1.01471
0.986946
0.984622
0.984573
0.984545
0.984525
0.98451
0.984499
0.98449
0.984484
0.98448
0.984477
0.984476
0.984476
0.984477
0.984478
0.984481
0.984484
0.984488
0.984492
0.984497
0.984502
0.984507
0.984512
0.984518
0.984523
0.984529
0.984535
0.984542
0.984548
0.984554
0.984561
0.984567
0.984574
0.98458
0.984587
0.984593
0.9846
0.984607
0.984614
0.98462
0.984627
0.984634
0.984641
0.984648
0.984655
0.984661
0.984668
0.984675
0.984682
0.984689
0.984696
0.984703
0.98471
0.984717
0.984724
0.98473
0.984737
0.984744
0.984751
0.984754
1.01431
1.01441
1.01451
1.0146
1.01467
1.01473
1.01477
1.01479
1.0148
1.0148
1.0148
1.0148
1.0148
1.0148
1.01481
1.01482
1.01483
1.01485
1.01488
1.01491
1.01495
1.015
1.01505
1.015
1.01392
0.984424
0.984575
0.984553
0.984531
0.984513
0.984499
0.984489
0.984482
0.984477
0.984474
0.984472
0.984472
0.984473
0.984475
0.984477
0.984481
0.984485
0.984489
0.984494
0.984499
0.984504
0.98451
0.984515
0.984521
0.984527
0.984534
0.98454
0.984546
0.984553
0.984559
0.984566
0.984572
0.984579
0.984586
0.984592
0.984599
0.984606
0.984613
0.98462
0.984627
0.984633
0.98464
0.984647
0.984654
0.984661
0.984668
0.984675
0.984682
0.984689
0.984696
0.984703
0.98471
0.984717
0.984723
0.98473
0.984737
0.984745
0.984754
0.984754
1.01431
1.01441
1.01451
1.0146
1.01467
1.01473
1.01476
1.01478
1.01478
1.01478
1.01478
1.01477
1.01477
1.01477
1.01477
1.01478
1.01479
1.0148
1.01483
1.01486
1.01489
1.01493
1.01498
1.01504
1.01484
1.01143
0.984609
0.984568
0.984535
0.984512
0.984496
0.984485
0.984477
0.984472
0.984469
0.984467
0.984467
0.984468
0.98447
0.984473
0.984477
0.984481
0.984485
0.98449
0.984496
0.984501
0.984507
0.984513
0.984519
0.984525
0.984532
0.984538
0.984544
0.984551
0.984558
0.984564
0.984571
0.984578
0.984585
0.984591
0.984598
0.984605
0.984612
0.984619
0.984626
0.984633
0.98464
0.984647
0.984654
0.984661
0.984667
0.984674
0.984681
0.984688
0.984695
0.984702
0.984709
0.984716
0.984723
0.98473
0.984737
0.984745
0.984752
0.984754
1.01431
1.01442
1.01451
1.0146
1.01467
1.01472
1.01475
1.01476
1.01477
1.01477
1.01476
1.01475
1.01475
1.01474
1.01474
1.01474
1.01475
1.01476
1.01478
1.0148
1.01483
1.01487
1.01492
1.01498
1.01504
1.01512
0.992553
0.984579
0.984533
0.984506
0.984489
0.984477
0.98447
0.984465
0.984462
0.984461
0.984461
0.984462
0.984465
0.984468
0.984472
0.984476
0.984481
0.984487
0.984492
0.984498
0.984504
0.98451
0.984517
0.984523
0.984529
0.984536
0.984543
0.984549
0.984556
0.984563
0.98457
0.984577
0.984583
0.98459
0.984597
0.984604
0.984611
0.984618
0.984625
0.984632
0.984639
0.984646
0.984653
0.98466
0.984667
0.984674
0.984681
0.984688
0.984695
0.984702
0.984709
0.984716
0.984723
0.98473
0.984738
0.984745
0.984753
0.984754
1.01431
1.01442
1.01451
1.0146
1.01466
1.01471
1.01474
1.01475
1.01475
1.01475
1.01474
1.01473
1.01472
1.01472
1.01471
1.01471
1.01471
1.01472
1.01474
1.01476
1.01478
1.01482
1.01486
1.01492
1.01498
1.01502
1.01399
0.984541
0.984516
0.984491
0.984476
0.984466
0.98446
0.984456
0.984454
0.984453
0.984454
0.984456
0.984458
0.984462
0.984467
0.984472
0.984477
0.984483
0.984489
0.984495
0.984501
0.984507
0.984514
0.984521
0.984527
0.984534
0.984541
0.984548
0.984554
0.984561
0.984568
0.984575
0.984582
0.984589
0.984596
0.984603
0.98461
0.984617
0.984624
0.984631
0.984638
0.984645
0.984652
0.98466
0.984667
0.984674
0.984681
0.984688
0.984695
0.984702
0.984709
0.984716
0.984723
0.98473
0.984738
0.984746
0.984754
0.984754
1.01431
1.01441
1.01451
1.01459
1.01465
1.0147
1.01472
1.01474
1.01474
1.01473
1.01472
1.01472
1.01471
1.0147
1.01469
1.01469
1.01469
1.01469
1.0147
1.01472
1.01474
1.01477
1.01481
1.01486
1.01492
1.01499
1.01507
0.997933
0.984494
0.984467
0.984457
0.984452
0.984448
0.984445
0.984444
0.984444
0.984445
0.984448
0.984451
0.984456
0.984461
0.984466
0.984472
0.984478
0.984484
0.984491
0.984498
0.984504
0.984511
0.984518
0.984525
0.984532
0.984539
0.984546
0.984553
0.98456
0.984567
0.984574
0.984581
0.984588
0.984595
0.984602
0.984609
0.984616
0.984624
0.984631
0.984638
0.984645
0.984652
0.984659
0.984666
0.984673
0.98468
0.984687
0.984694
0.984702
0.984709
0.984716
0.984723
0.98473
0.984737
0.984745
0.984753
0.984754
1.01431
1.01441
1.0145
1.01458
1.01464
1.01469
1.01471
1.01472
1.01472
1.01472
1.01471
1.0147
1.01469
1.01468
1.01468
1.01467
1.01467
1.01467
1.01467
1.01468
1.0147
1.01473
1.01476
1.01481
1.01487
1.01494
1.01501
1.01423
0.984407
0.984426
0.984433
0.984434
0.984434
0.984433
0.984433
0.984434
0.984436
0.984439
0.984444
0.984449
0.984454
0.98446
0.984467
0.984473
0.98448
0.984487
0.984494
0.984501
0.984508
0.984515
0.984522
0.98453
0.984537
0.984544
0.984551
0.984558
0.984565
0.984572
0.98458
0.984587
0.984594
0.984601
0.984608
0.984616
0.984623
0.98463
0.984637
0.984644
0.984651
0.984659
0.984666
0.984673
0.98468
0.984687
0.984694
0.984701
0.984708
0.984715
0.984722
0.984729
0.984737
0.984744
0.984751
0.984754
1.01431
1.01441
1.0145
1.01458
1.01463
1.01467
1.0147
1.01471
1.01471
1.0147
1.0147
1.01469
1.01468
1.01467
1.01466
1.01465
1.01465
1.01465
1.01465
1.01465
1.01467
1.01469
1.01472
1.01477
1.01482
1.01488
1.01495
1.01502
0.984233
0.984389
0.984409
0.984417
0.984419
0.984419
0.98442
0.984423
0.984426
0.98443
0.984435
0.984441
0.984447
0.984454
0.984461
0.984468
0.984476
0.984483
0.98449
0.984498
0.984505
0.984513
0.98452
0.984527
0.984535
0.984542
0.984549
0.984557
0.984564
0.984571
0.984578
0.984586
0.984593
0.9846
0.984607
0.984615
0.984622
0.984629
0.984636
0.984644
0.984651
0.984658
0.984665
0.984672
0.98468
0.984687
0.984694
0.984701
0.984708
0.984715
0.984722
0.984729
0.984736
0.984743
0.984749
0.984753
1.01431
1.01441
1.01449
1.01457
1.01462
1.01466
1.01468
1.01469
1.01469
1.01469
1.01468
1.01467
1.01466
1.01466
1.01465
1.01464
1.01463
1.01463
1.01463
1.01463
1.01464
1.01466
1.01469
1.01472
1.01477
1.01484
1.01491
1.01498
1.0103
0.984371
0.984394
0.984402
0.984404
0.984405
0.984407
0.98441
0.984415
0.98442
0.984426
0.984433
0.98444
0.984448
0.984455
0.984463
0.984471
0.984479
0.984487
0.984494
0.984502
0.98451
0.984517
0.984525
0.984532
0.98454
0.984547
0.984555
0.984562
0.98457
0.984577
0.984584
0.984592
0.984599
0.984607
0.984614
0.984621
0.984628
0.984636
0.984643
0.98465
0.984658
0.984665
0.984672
0.984679
0.984686
0.984694
0.984701
0.984708
0.984715
0.984722
0.984729
0.984736
0.984743
0.984749
0.984753
1.01431
1.0144
1.01448
1.01456
1.01461
1.01465
1.01467
1.01468
1.01468
1.01467
1.01467
1.01466
1.01465
1.01464
1.01464
1.01463
1.01462
1.01461
1.01461
1.01461
1.01462
1.01463
1.01465
1.01469
1.01473
1.01479
1.01486
1.01495
1.01503
0.984373
0.984389
0.984389
0.984389
0.98439
0.984393
0.984397
0.984403
0.984409
0.984416
0.984424
0.984432
0.984441
0.984449
0.984458
0.984466
0.984474
0.984483
0.984491
0.984499
0.984507
0.984515
0.984523
0.98453
0.984538
0.984546
0.984553
0.984561
0.984568
0.984576
0.984583
0.984591
0.984598
0.984606
0.984613
0.98462
0.984628
0.984635
0.984642
0.98465
0.984657
0.984664
0.984672
0.984679
0.984686
0.984693
0.984701
0.984708
0.984715
0.984722
0.984729
0.984736
0.984743
0.98475
0.984754
1.01431
1.0144
1.01448
1.01454
1.0146
1.01463
1.01465
1.01466
1.01466
1.01466
1.01465
1.01464
1.01464
1.01463
1.01462
1.01462
1.01461
1.0146
1.0146
1.01459
1.0146
1.01461
1.01462
1.01465
1.0147
1.01475
1.01482
1.01491
1.015
0.989524
0.984394
0.984375
0.984372
0.984374
0.984378
0.984383
0.98439
0.984398
0.984406
0.984415
0.984424
0.984434
0.984443
0.984452
0.984461
0.98447
0.984479
0.984487
0.984496
0.984504
0.984512
0.98452
0.984528
0.984536
0.984544
0.984552
0.984559
0.984567
0.984575
0.984582
0.98459
0.984597
0.984605
0.984612
0.98462
0.984627
0.984634
0.984642
0.984649
0.984657
0.984664
0.984671
0.984679
0.984686
0.984693
0.9847
0.984708
0.984715
0.984722
0.984729
0.984736
0.984744
0.984751
0.984754
1.01431
1.01439
1.01447
1.01453
1.01458
1.01462
1.01464
1.01464
1.01464
1.01464
1.01463
1.01463
1.01462
1.01461
1.01461
1.0146
1.0146
1.01459
1.01458
1.01458
1.01458
1.01458
1.0146
1.01462
1.01466
1.01472
1.01478
1.01487
1.01496
1.01347
0.984334
0.984346
0.984351
0.984355
0.984361
0.984368
0.984376
0.984386
0.984396
0.984406
0.984416
0.984427
0.984437
0.984446
0.984456
0.984465
0.984475
0.984484
0.984492
0.984501
0.984509
0.984518
0.984526
0.984534
0.984542
0.98455
0.984558
0.984566
0.984573
0.984581
0.984589
0.984596
0.984604
0.984611
0.984619
0.984626
0.984634
0.984641
0.984649
0.984656
0.984664
0.984671
0.984678
0.984686
0.984693
0.9847
0.984707
0.984715
0.984722
0.984729
0.984736
0.984743
0.98475
0.984754
1.0143
1.01439
1.01446
1.01452
1.01457
1.0146
1.01462
1.01463
1.01463
1.01462
1.01462
1.01461
1.01461
1.0146
1.01459
1.01459
1.01458
1.01458
1.01457
1.01456
1.01456
1.01456
1.01457
1.0146
1.01463
1.01468
1.01475
1.01483
1.01492
1.015
0.98429
0.984323
0.984331
0.984336
0.984343
0.984352
0.984362
0.984373
0.984385
0.984397
0.984408
0.984419
0.98443
0.984441
0.984451
0.984461
0.984471
0.98448
0.984489
0.984498
0.984507
0.984515
0.984524
0.984532
0.98454
0.984548
0.984556
0.984564
0.984572
0.98458
0.984588
0.984595
0.984603
0.984611
0.984618
0.984626
0.984633
0.984641
0.984648
0.984656
0.984663
0.984671
0.984678
0.984685
0.984693
0.9847
0.984707
0.984715
0.984722
0.984729
0.984736
0.984743
0.984749
0.984754
1.0143
1.01438
1.01445
1.01451
1.01456
1.01459
1.01461
1.01461
1.01461
1.01461
1.0146
1.0146
1.01459
1.01459
1.01458
1.01458
1.01457
1.01456
1.01455
1.01455
1.01454
1.01454
1.01455
1.01457
1.0146
1.01465
1.01471
1.01479
1.01488
1.01498
0.984313
0.98432
0.984312
0.984314
0.984322
0.984334
0.984347
0.984361
0.984374
0.984387
0.9844
0.984412
0.984424
0.984436
0.984446
0.984457
0.984467
0.984477
0.984486
0.984495
0.984504
0.984513
0.984522
0.98453
0.984539
0.984547
0.984555
0.984563
0.984571
0.984579
0.984586
0.984594
0.984602
0.98461
0.984617
0.984625
0.984633
0.98464
0.984648
0.984655
0.984663
0.98467
0.984678
0.984685
0.984692
0.9847
0.984707
0.984715
0.984722
0.984729
0.984736
0.984743
0.98475
0.984754
1.0143
1.01438
1.01445
1.0145
1.01455
1.01458
1.01459
1.0146
1.0146
1.01459
1.01459
1.01458
1.01458
1.01457
1.01457
1.01456
1.01456
1.01455
1.01454
1.01453
1.01453
1.01453
1.01453
1.01455
1.01457
1.01461
1.01467
1.01475
1.01485
1.0145
1.00872
0.984324
0.984285
0.984286
0.984299
0.984315
0.984332
0.984348
0.984363
0.984378
0.984392
0.984406
0.984418
0.98443
0.984442
0.984453
0.984463
0.984473
0.984483
0.984493
0.984502
0.984511
0.98452
0.984528
0.984537
0.984545
0.984553
0.984562
0.98457
0.984578
0.984585
0.984593
0.984601
0.984609
0.984617
0.984624
0.984632
0.98464
0.984647
0.984655
0.984662
0.98467
0.984677
0.984685
0.984692
0.9847
0.984707
0.984714
0.984722
0.984729
0.984736
0.984744
0.984754
0.984754
1.0143
1.01437
1.01444
1.0145
1.01454
1.01456
1.01458
1.01458
1.01458
1.01458
1.01457
1.01457
1.01456
1.01456
1.01455
1.01455
1.01454
1.01453
1.01453
1.01452
1.01451
1.01451
1.01451
1.01452
1.01455
1.01458
1.01464
1.01471
1.0148
1.0149
1.01499
0.984191
0.984219
0.984246
0.984271
0.984295
0.984316
0.984335
0.984353
0.98437
0.984385
0.984399
0.984413
0.984426
0.984438
0.984449
0.98446
0.98447
0.98448
0.98449
0.9845
0.984509
0.984518
0.984527
0.984535
0.984544
0.984552
0.98456
0.984568
0.984577
0.984585
0.984592
0.9846
0.984608
0.984616
0.984624
0.984632
0.984639
0.984647
0.984655
0.984662
0.98467
0.984677
0.984685
0.984692
0.9847
0.984707
0.984714
0.984722
0.984729
0.984736
0.984743
0.98475
0.984754
1.0143
1.01437
1.01444
1.01449
1.01453
1.01455
1.01456
1.01457
1.01457
1.01456
1.01456
1.01455
1.01455
1.01454
1.01454
1.01453
1.01453
1.01452
1.01451
1.01451
1.0145
1.0145
1.0145
1.0145
1.01452
1.01455
1.0146
1.01467
1.01474
1.01483
1.0149
0.984076
0.984154
0.984206
0.984245
0.984276
0.984302
0.984324
0.984344
0.984362
0.984378
0.984394
0.984408
0.984421
0.984434
0.984445
0.984457
0.984468
0.984478
0.984488
0.984498
0.984507
0.984516
0.984525
0.984534
0.984542
0.984551
0.984559
0.984567
0.984576
0.984584
0.984592
0.9846
0.984608
0.984615
0.984623
0.984631
0.984639
0.984647
0.984654
0.984662
0.98467
0.984677
0.984685
0.984692
0.9847
0.984707
0.984714
0.984722
0.984729
0.984736
0.984743
0.984749
0.984753
1.0143
1.01437
1.01443
1.01448
1.01452
1.01454
1.01455
1.01455
1.01455
1.01455
1.01454
1.01454
1.01453
1.01453
1.01452
1.01452
1.01451
1.01451
1.0145
1.01449
1.01448
1.01448
1.01448
1.01448
1.0145
1.01453
1.01457
1.01463
1.0147
1.01479
1.01486
0.984005
0.984108
0.984176
0.984224
0.984261
0.98429
0.984315
0.984336
0.984355
0.984373
0.984389
0.984403
0.984417
0.98443
0.984442
0.984454
0.984465
0.984476
0.984486
0.984496
0.984505
0.984514
0.984523
0.984532
0.984541
0.98455
0.984558
0.984566
0.984575
0.984583
0.984591
0.984599
0.984607
0.984615
0.984623
0.984631
0.984638
0.984646
0.984654
0.984662
0.984669
0.984677
0.984685
0.984692
0.9847
0.984707
0.984715
0.984722
0.984729
0.984737
0.984743
0.98475
0.984754
1.0143
1.01436
1.01442
1.01447
1.0145
1.01453
1.01454
1.01454
1.01454
1.01454
1.01453
1.01453
1.01452
1.01451
1.01451
1.01451
1.0145
1.01449
1.01449
1.01448
1.01447
1.01447
1.01446
1.01447
1.01448
1.0145
1.01454
1.0146
1.01467
1.01476
1.01485
0.983979
0.984089
0.984161
0.984212
0.98425
0.984281
0.984307
0.98433
0.98435
0.984368
0.984384
0.984399
0.984414
0.984427
0.984439
0.984451
0.984463
0.984473
0.984484
0.984494
0.984503
0.984513
0.984522
0.984531
0.98454
0.984548
0.984557
0.984565
0.984574
0.984582
0.98459
0.984598
0.984606
0.984614
0.984622
0.98463
0.984638
0.984646
0.984654
0.984661
0.984669
0.984677
0.984685
0.984692
0.9847
0.984707
0.984715
0.984722
0.984729
0.984737
0.984744
0.984752
0.984754
1.0143
1.01436
1.01442
1.01446
1.01449
1.01451
1.01452
1.01453
1.01453
1.01452
1.01452
1.01451
1.01451
1.0145
1.0145
1.01449
1.01449
1.01448
1.01447
1.01447
1.01446
1.01445
1.01445
1.01445
1.01446
1.01449
1.01452
1.01458
1.01466
1.01475
1.01484
0.983999
0.984099
0.984161
0.984207
0.984244
0.984275
0.984302
0.984325
0.984345
0.984364
0.984381
0.984396
0.984411
0.984424
0.984437
0.984449
0.98446
0.984471
0.984482
0.984492
0.984502
0.984511
0.984521
0.98453
0.984539
0.984547
0.984556
0.984564
0.984573
0.984581
0.984589
0.984598
0.984606
0.984614
0.984622
0.98463
0.984638
0.984646
0.984654
0.984661
0.984669
0.984677
0.984685
0.984692
0.9847
0.984707
0.984715
0.984722
0.98473
0.984737
0.984745
0.984754
0.984754
1.01429
1.01435
1.01441
1.01445
1.01448
1.0145
1.01451
1.01452
1.01452
1.01451
1.01451
1.0145
1.01449
1.01449
1.01448
1.01448
1.01447
1.01447
1.01446
1.01445
1.01445
1.01444
1.01444
1.01444
1.01445
1.01447
1.01451
1.01456
1.01464
1.01474
1.01485
1.00129
0.984134
0.984171
0.984208
0.984242
0.984271
0.984298
0.984321
0.984342
0.984361
0.984378
0.984394
0.984408
0.984422
0.984435
0.984447
0.984459
0.98447
0.98448
0.984491
0.9845
0.98451
0.984519
0.984529
0.984538
0.984546
0.984555
0.984564
0.984572
0.98458
0.984589
0.984597
0.984605
0.984613
0.984621
0.984629
0.984637
0.984645
0.984653
0.984661
0.984669
0.984677
0.984685
0.984692
0.9847
0.984708
0.984715
0.984723
0.98473
0.984738
0.984746
0.984754
0.984754
1.01429
1.01435
1.0144
1.01444
1.01447
1.01449
1.0145
1.0145
1.0145
1.0145
1.0145
1.01449
1.01448
1.01448
1.01447
1.01447
1.01446
1.01445
1.01445
1.01444
1.01444
1.01443
1.01443
1.01443
1.01444
1.01446
1.01449
1.01455
1.01462
1.01473
1.01485
0.99409
0.984154
0.984173
0.984206
0.984239
0.984268
0.984295
0.984318
0.984339
0.984358
0.984376
0.984391
0.984406
0.98442
0.984433
0.984445
0.984457
0.984468
0.984479
0.984489
0.984499
0.984509
0.984518
0.984528
0.984537
0.984545
0.984554
0.984563
0.984571
0.98458
0.984588
0.984596
0.984605
0.984613
0.984621
0.984629
0.984637
0.984645
0.984653
0.984661
0.984669
0.984677
0.984685
0.984693
0.9847
0.984708
0.984716
0.984723
0.984731
0.984738
0.984747
0.984754
0.984754
1.01429
1.01434
1.01439
1.01443
1.01446
1.01448
1.01449
1.01449
1.01449
1.01449
1.01448
1.01448
1.01447
1.01447
1.01446
1.01445
1.01445
1.01444
1.01444
1.01443
1.01443
1.01442
1.01442
1.01442
1.01443
1.01445
1.01448
1.01453
1.01461
1.01471
1.01482
1.01385
0.984104
0.984155
0.984197
0.984234
0.984265
0.984292
0.984316
0.984337
0.984357
0.984374
0.98439
0.984405
0.984419
0.984432
0.984444
0.984456
0.984467
0.984478
0.984488
0.984498
0.984508
0.984517
0.984527
0.984536
0.984545
0.984553
0.984562
0.984571
0.984579
0.984588
0.984596
0.984604
0.984612
0.984621
0.984629
0.984637
0.984645
0.984653
0.984661
0.984669
0.984677
0.984685
0.984693
0.984701
0.984709
0.984716
0.984724
0.984731
0.984739
0.984747
0.984754
0.984754
1.01429
1.01434
1.01438
1.01442
1.01444
1.01446
1.01448
1.01448
1.01448
1.01448
1.01447
1.01447
1.01446
1.01446
1.01445
1.01444
1.01444
1.01443
1.01443
1.01442
1.01442
1.01441
1.01441
1.01441
1.01442
1.01444
1.01447
1.01453
1.01461
1.0147
1.01481
1.0149
0.98405
0.98413
0.984185
0.984228
0.984262
0.98429
0.984315
0.984336
0.984356
0.984373
0.984389
0.984404
0.984418
0.984431
0.984443
0.984455
0.984466
0.984477
0.984487
0.984497
0.984507
0.984517
0.984526
0.984535
0.984544
0.984553
0.984561
0.98457
0.984579
0.984587
0.984595
0.984604
0.984612
0.98462
0.984629
0.984637
0.984645
0.984653
0.984661
0.984669
0.984677
0.984685
0.984693
0.984701
0.984709
0.984717
0.984724
0.984732
0.984739
0.984748
0.984754
0.984754
1.01429
1.01433
1.01437
1.01441
1.01443
1.01445
1.01446
1.01447
1.01447
1.01447
1.01446
1.01446
1.01445
1.01445
1.01444
1.01443
1.01443
1.01442
1.01442
1.01441
1.01441
1.0144
1.0144
1.01441
1.01442
1.01444
1.01447
1.01452
1.0146
1.01469
1.01479
1.01487
0.984012
0.984108
0.984174
0.984222
0.984259
0.984289
0.984314
0.984336
0.984355
0.984373
0.984388
0.984403
0.984417
0.98443
0.984442
0.984454
0.984465
0.984476
0.984486
0.984496
0.984506
0.984516
0.984525
0.984534
0.984543
0.984552
0.984561
0.984569
0.984578
0.984587
0.984595
0.984603
0.984612
0.98462
0.984628
0.984637
0.984645
0.984653
0.984661
0.98467
0.984678
0.984686
0.984694
0.984702
0.98471
0.984718
0.984725
0.984733
0.98474
0.984747
0.984754
0.984754
1.01428
1.01433
1.01436
1.01439
1.01442
1.01444
1.01445
1.01445
1.01446
1.01445
1.01445
1.01445
1.01444
1.01444
1.01443
1.01442
1.01442
1.01441
1.01441
1.0144
1.0144
1.0144
1.0144
1.0144
1.01441
1.01444
1.01447
1.01452
1.0146
1.01469
1.01478
1.01486
0.983988
0.984094
0.984166
0.984218
0.984257
0.984288
0.984314
0.984336
0.984355
0.984373
0.984388
0.984403
0.984417
0.98443
0.984442
0.984454
0.984465
0.984475
0.984486
0.984496
0.984506
0.984515
0.984524
0.984534
0.984543
0.984552
0.98456
0.984569
0.984578
0.984586
0.984595
0.984603
0.984611
0.98462
0.984628
0.984637
0.984645
0.984653
0.984661
0.98467
0.984678
0.984686
0.984695
0.984703
0.984711
0.984719
0.984727
0.984734
0.984741
0.984747
0.984753
0.984754
1.01428
1.01432
1.01435
1.01438
1.0144
1.01442
1.01443
1.01444
1.01444
1.01444
1.01444
1.01443
1.01443
1.01442
1.01442
1.01441
1.01441
1.0144
1.0144
1.0144
1.01439
1.01439
1.01439
1.0144
1.01441
1.01444
1.01448
1.01453
1.0146
1.01468
1.01478
1.01486
0.983981
0.98409
0.984165
0.984218
0.984258
0.98429
0.984315
0.984337
0.984356
0.984373
0.984389
0.984403
0.984417
0.984429
0.984442
0.984453
0.984464
0.984475
0.984485
0.984495
0.984505
0.984515
0.984524
0.984533
0.984542
0.984551
0.98456
0.984569
0.984577
0.984586
0.984594
0.984603
0.984611
0.98462
0.984628
0.984636
0.984645
0.984653
0.984662
0.98467
0.984679
0.984687
0.984695
0.984704
0.984712
0.98472
0.984728
0.984736
0.984743
0.984749
0.984753
0.984754
1.01428
1.01431
1.01434
1.01437
1.01439
1.0144
1.01441
1.01442
1.01442
1.01442
1.01442
1.01442
1.01442
1.01441
1.01441
1.0144
1.0144
1.01439
1.01439
1.01439
1.01439
1.01439
1.01439
1.0144
1.01442
1.01445
1.01449
1.01455
1.01462
1.0147
1.01478
1.01486
0.983995
0.984101
0.984174
0.984225
0.984263
0.984293
0.984318
0.984339
0.984357
0.984374
0.984389
0.984403
0.984417
0.984429
0.984441
0.984453
0.984464
0.984475
0.984485
0.984495
0.984505
0.984514
0.984524
0.984533
0.984542
0.984551
0.984559
0.984568
0.984577
0.984585
0.984594
0.984603
0.984611
0.984619
0.984628
0.984636
0.984645
0.984653
0.984662
0.98467
0.984679
0.984688
0.984696
0.984705
0.984713
0.984722
0.98473
0.984738
0.984745
0.984751
0.984754
0.984754
1.01428
1.0143
1.01433
1.01435
1.01437
1.01438
1.01439
1.0144
1.0144
1.01441
1.01441
1.0144
1.0144
1.0144
1.01439
1.01439
1.01439
1.01438
1.01438
1.01438
1.01438
1.01438
1.01439
1.0144
1.01443
1.01446
1.01451
1.01457
1.01464
1.01472
1.0148
1.01488
0.98404
0.984133
0.984194
0.984237
0.984271
0.984298
0.984321
0.984341
0.984359
0.984375
0.98439
0.984404
0.984417
0.98443
0.984441
0.984453
0.984464
0.984474
0.984485
0.984495
0.984504
0.984514
0.984523
0.984532
0.984541
0.98455
0.984559
0.984568
0.984576
0.984585
0.984594
0.984602
0.984611
0.984619
0.984628
0.984636
0.984645
0.984653
0.984662
0.984671
0.98468
0.984688
0.984697
0.984706
0.984715
0.984724
0.984732
0.98474
0.984748
0.984754
0.984754
0.984754
1.01427
1.0143
1.01432
1.01434
1.01435
1.01436
1.01437
1.01438
1.01438
1.01439
1.01439
1.01439
1.01439
1.01438
1.01438
1.01438
1.01438
1.01438
1.01437
1.01437
1.01438
1.01438
1.01439
1.01441
1.01444
1.01448
1.01453
1.0146
1.01466
1.01474
1.01482
1.0149
0.984131
0.984186
0.984223
0.984254
0.984281
0.984305
0.984325
0.984344
0.984361
0.984377
0.984391
0.984405
0.984418
0.98443
0.984442
0.984453
0.984464
0.984474
0.984484
0.984494
0.984504
0.984514
0.984523
0.984532
0.984541
0.98455
0.984559
0.984567
0.984576
0.984585
0.984593
0.984602
0.984611
0.984619
0.984628
0.984636
0.984645
0.984654
0.984662
0.984671
0.98468
0.984689
0.984698
0.984707
0.984717
0.984726
0.984735
0.984743
0.984751
0.984754
0.984754
0.984754
1.01427
1.01429
1.01431
1.01432
1.01433
1.01434
1.01435
1.01436
1.01436
1.01437
1.01437
1.01437
1.01437
1.01437
1.01437
1.01437
1.01437
1.01437
1.01437
1.01437
1.01438
1.01439
1.0144
1.01443
1.01446
1.0145
1.01456
1.01462
1.01468
1.01476
1.01484
1.01493
0.992503
0.984251
0.984252
0.98427
0.984291
0.984311
0.98433
0.984347
0.984363
0.984378
0.984392
0.984405
0.984418
0.98443
0.984442
0.984453
0.984464
0.984474
0.984484
0.984494
0.984504
0.984513
0.984523
0.984532
0.984541
0.98455
0.984558
0.984567
0.984576
0.984585
0.984593
0.984602
0.984611
0.984619
0.984628
0.984636
0.984645
0.984654
0.984663
0.984671
0.984681
0.98469
0.984699
0.984709
0.984718
0.984728
0.984737
0.984747
0.984754
0.984754
0.984754
0.984754
1.01427
1.01428
1.0143
1.01431
1.01432
1.01433
1.01434
1.01434
1.01435
1.01435
1.01436
1.01436
1.01436
1.01436
1.01436
1.01436
1.01436
1.01436
1.01437
1.01437
1.01438
1.01439
1.01441
1.01444
1.01448
1.01452
1.01458
1.01464
1.0147
1.01477
1.01484
1.01492
1.01366
0.984229
0.98426
0.984281
0.984299
0.984317
0.984334
0.98435
0.984365
0.984379
0.984393
0.984406
0.984418
0.98443
0.984442
0.984453
0.984464
0.984474
0.984484
0.984494
0.984504
0.984513
0.984522
0.984531
0.98454
0.984549
0.984558
0.984567
0.984576
0.984584
0.984593
0.984602
0.98461
0.984619
0.984628
0.984636
0.984645
0.984654
0.984663
0.984672
0.984681
0.98469
0.9847
0.98471
0.98472
0.98473
0.98474
0.98475
0.984754
0.984754
0.984754
0.984754
1.01427
1.01428
1.01429
1.0143
1.0143
1.01431
1.01432
1.01433
1.01434
1.01434
1.01435
1.01423
1.0105
1.00616
1.0029
1.00039
0.998209
0.996612
0.996437
0.996583
0.997698
0.998248
0.999711
1.00132
1.00132
1.00192
1.00081
1.00141
1.00183
1.00177
1.00138
1.00148
1.00137
0.984225
0.984267
0.984289
0.984306
0.984321
0.984337
0.984352
0.984366
0.98438
0.984394
0.984406
0.984419
0.984431
0.984442
0.984453
0.984464
0.984474
0.984484
0.984494
0.984504
0.984513
0.984522
0.984531
0.98454
0.984549
0.984558
0.984567
0.984576
0.984584
0.984593
0.984602
0.98461
0.984619
0.984628
0.984636
0.984645
0.984654
0.984663
0.984672
0.984681
0.984691
0.984701
0.984711
0.984721
0.984731
0.984742
0.984753
0.984754
0.984754
0.984754
0.984754
0.987054
0.986747
0.985393
0.980511
0.977182
0.973022
0.969954
0.969669
0.966473
0.964319
0.963592
0.963663
0.964896
0.967308
0.969918
0.9722
0.974095
0.97586
0.977244
0.978774
0.979252
0.979322
0.978923
0.978394
0.97829
0.977461
0.977554
0.977189
0.977382
0.977157
0.978013
0.978086
0.977265
0.979661
0.984278
0.984295
0.984307
0.984306
0.984326
0.984351
0.984367
0.984381
0.984388
0.984406
0.984419
0.98443
0.984442
0.984454
0.984464
0.984474
0.984484
0.984494
0.984503
0.984513
0.984522
0.984531
0.98454
0.984549
0.984558
0.984567
0.984575
0.984584
0.984593
0.984602
0.98461
0.984619
0.984628
0.984636
0.984645
0.984654
0.984663
0.984672
0.984682
0.984691
0.984701
0.984711
0.984722
0.984733
0.984744
0.984754
0.984754
0.984754
0.984754
0.984754
0.155243
0.154905
0.155767
0.156526
0.156863
0.157579
0.158018
0.159795
0.16185
0.163447
0.164708
0.164365
0.165001
0.165905
0.166498
0.166782
0.166503
0.166081
0.165961
0.164875
0.164239
0.163702
0.164
0.163969
0.163971
0.164163
0.162933
0.163174
0.162314
0.161943
0.162106
0.162463
0.163988
0.160031
0.159078
0.159081
0.159157
0.159184
0.158912
0.158485
0.158243
0.158122
0.15805
0.158034
0.158062
0.158077
0.158178
0.137016
0.213353
0.280425
0.313057
0.326864
0.337321
0.347949
0.357653
0.365042
0.372421
0.369904
0.359685
0.345948
0.339135
0.33726
0.347338
0.365613
0.382847
0.392388
0.396971
0.408297
0.408204
0.394938
0.389678
0.416828
0.449667
0.48014
0.488831
0.511776
0.551089
0.563117
0.61064
0.661937
0.677189
0.722395
0.847328
0.914903
0.0501397
0.0509731
0.0503073
0.049629
0.0489104
0.0486576
0.048752
0.0484838
0.0480641
0.0477414
0.0469213
0.0467802
0.0462088
0.0451347
0.0441081
0.0432617
0.0426327
0.0422335
0.0423087
0.0423331
0.0432142
0.0442571
0.0442272
0.0439195
0.0436008
0.0427924
0.0439299
0.0438044
0.044484
0.0447608
0.0448357
0.0452209
0.0455541
0.0463844
0.0466283
0.0469034
0.047301
0.0478623
0.0482025
0.0481714
0.0479829
0.0482804
0.0484584
0.0484876
0.0485527
0.0486901
0.0483667
0.0500208
0.0450757
0.0458232
0.0459651
0.0459674
0.0459058
0.0458621
0.0459539
0.0458476
0.0458225
0.0458441
0.0457609
0.0457105
0.0456381
0.0454545
0.0452668
0.0450302
0.0447988
0.0447136
0.0445654
0.0445544
0.0445082
0.0442872
0.0442305
0.0441102
0.0440641
0.0439937
0.0439213
0.0438313
0.0437511
0.0436893
0.0436276
0.0435564
0.0435176
0.0435878
0.0437803
0.0442701
0.0210111
0.0195891
0.0199167
0.0201892
0.0204922
0.0209353
0.0211051
0.0214201
0.0217168
0.021759
0.0219637
0.022851
0.0232717
0.0238479
0.0246353
0.0255534
0.0260101
0.0266017
0.0267831
0.0263473
0.0260914
0.0255062
0.025786
0.0262416
0.0263923
0.0268472
0.0265534
0.0266285
0.026396
0.0258942
0.0257751
0.0252973
0.0243474
0.0238289
0.0231836
0.0229504
0.0228513
0.0227481
0.0224265
0.0220503
0.0215256
0.0211676
0.0210209
0.0214031
0.0218757
0.0221641
0.0223845
0.0215052
0.0226612
0.0228835
0.0232824
0.0233424
0.0237074
0.0237057
0.0237249
0.0234838
0.0236552
0.0238004
0.023937
0.0240996
0.0243383
0.0244299
0.0243365
0.0242221
0.0240278
0.0241756
0.0242896
0.0244774
0.0246767
0.0249219
0.0251887
0.0254636
0.0256608
0.0258418
0.0258802
0.0258479
0.0259182
0.0258848
0.0260257
0.0258375
0.0259068
0.0257618
0.0258165
0.0252573
0.00698214
0.00735952
0.00714442
0.00678754
0.00642272
0.00595285
0.00553887
0.00511432
0.00467282
0.00435794
0.00413369
0.00393143
0.00379011
0.00358771
0.00343572
0.00336109
0.00335215
0.00326348
0.00344339
0.00363508
0.00348588
0.00419493
0.00417333
0.00417999
0.00422095
0.00395961
0.00404865
0.00402998
0.00408613
0.00413424
0.0040548
0.0039598
0.00416175
0.00454627
0.00509044
0.00557887
0.00578704
0.00584807
0.0061165
0.00649953
0.00687406
0.00708371
0.00710636
0.00666907
0.0061282
0.00578872
0.00571912
0.00588384
0.00550519
0.00562817
0.00560184
0.00598319
0.00600354
0.00596909
0.00582473
0.00572061
0.00566183
0.00550645
0.00541264
0.00540869
0.00542748
0.00538979
0.00538766
0.00526022
0.00510113
0.00495829
0.00487445
0.00481731
0.00485887
0.00478024
0.0047868
0.00472574
0.00470011
0.00469385
0.00470249
0.00472094
0.00461225
0.00451413
0.00446052
0.00441892
0.00450859
0.00454256
0.00457817
0.00460309
0.000183216
0.000183286
0.000183287
0.000183287
0.000183288
0.000183287
0.000183287
0.000183286
0.000183283
0.000183287
0.000183268
0.000183263
0.000183282
0.000183282
0.000183276
0.000183276
0.000183282
0.000183217
0.000183182
0.000183186
0.000183143
0.000183221
0.000183232
0.000183237
0.000183275
0.000183249
0.000183287
0.000183284
0.000183286
0.000183262
0.000183245
0.000183283
0.000183287
0.000183272
0.000183285
0.000183286
0.000183287
0.000183287
0.000183287
0.000183271
0.000183273
0.000183282
0.000183276
0.000183281
0.000183287
0.000183286
0.000183281
0.000183252
0.000183238
0.000183259
0.000183244
0.000183286
0.000183286
0.000183269
0.000183275
0.00018323
0.000183287
0.000183287
0.000183282
0.000183282
0.00018325
0.000183262
0.000183268
0.000183286
0.000183277
0.000183282
0.000183284
0.000183283
0.000183284
0.000183281
0.000183286
0.000183273
0.000183256
0.000183275
0.000183279
0.000183287
0.000183287
0.000183287
0.000183287
0.000183274
0.000183287
0.000183281
0.000183233
0.000183197
0.000183285
0.000183171
0.000183227
0.000183244
0.000183241
0.000183251
0.000183249
0.000183247
0.000183249
0.000183269
0.000183285
0.000183262
0.000183288
0.000183272
0.000183275
0.00018327
0.000183122
0.000183282
0.000183287
0.000183139
0.000183199
0.000183264
0.000183256
0.000183286
0.000183263
0.000183285
0.000183284
0.000183285
0.000183283
0.000183287
0.000183267
0.000183089
0.000182838
0.000182998
0.000183244
0.000183283
0.000183274
0.000183287
0.000183287
0.000183286
0.000183287
0.000183271
0.000183262
0.000183278
0.000183285
0.000183282
0.000183275
0.000183287
0.000183287
0.000183287
0.000183287
0.000183258
0.000183251
0.000183262
0.00018328
0.000183282
0.000183263
0.000183279
0.000183282
0.00018327
0.000183283
0.000183281
0.000183271
0.000183286
0.000183285
0.000183287
0.000183283
0.000183261
0.000183285
0.000183286
0.000183282
0.000183287
0.000183286
0.000183287
0.000183287
0.000183283
0.000183287
0.000183249
0.000183287
0.000183274
0.000183278
0.00018328
0.000183285
0.000183283
0.000183278
0.000183288
0.000183287
0.000183287
0.000183288
0.000183287
0.000183286
0.000183287
0.000183227
0.000183276
0.000183287
0.000183287
0.000183287
0.000183286
0.000183285
0.000183213
0.000183286
0.00018326
0.000183285
0.000183264
0.000183279
0.000183287
0.000183287
0.000183284
0.000183281
0.000183287
0.000183287
0.000183281
0.000183236
0.000183259
0.000183285
0.000183179
0.000183123
0.000183186
0.000183276
0.000183276
0.000183274
0.000183269
0.000183262
0.000183272
0.000183269
0.000183268
0.000183286
0.000183272
0.000183256
0.000183282
0.000183273
0.000183287
0.000183283
0.000183277
0.000183285
0.000183257
0.000183251
0.000183285
0.00018328
0.000183287
0.000183283
0.000183275
0.000183273
0.000183272
0.000183285
0.000183285
0.000183285
0.000183281
0.000183286
0.000183287
0.000183275
0.000183286
0.000183284
0.000183275
0.000183283
0.000183287
0.000183286
0.000183285
0.000183287
0.000183287
0.000183276
0.000183286
0.000183287
0.000183286
0.000183286
0.000183285
0.000183284
0.000183287
0.000183271
0.00018328
0.000183279
0.00018328
0.000183279
0.000183282
0.000183287
0.000183283
0.000183284
0.000183281
0.000183288
0.000183286
0.000183283
0.000183274
0.000183272
0.000183284
0.000183287
0.000183263
0.000183256
0.000183275
0.000183278
0.000183287
0.000183287
0.000183287
0.000183288
0.000183287
0.000183287
0.000183287
0.000183266
0.00018321
0.000183193
0.000183253
0.000183286
0.000183287
0.000183272
0.000183229
0.000183252
0.00018328
0.000183287
0.000183284
0.000183286
0.000183286
0.000183283
0.000183287
0.000183285
0.000183287
0.000183285
0.000183287
0.000183287
0.00018327
0.000183265
0.000183281
0.000183288
0.000183287
0.000183287
0.000183287
0.000183287
0.000183286
0.000183286
0.000183283
0.000183283
0.000183287
0.000183287
0.000183287
0.000183287
0.000183286
0.000183284
0.000183286
0.000183287
0.000183287
0.000183287
0.000183287
0.000183287
0.000183287
0.000183287
0.000183285
0.000183287
0.000183287
0.000183287
0.000183287
0.000183287
0.000183287
0.000183286
0.000183287
)
;

boundaryField
{
    hot
    {
        type            calculated;
        value           nonuniform List<scalar> 
64
(
1.01426
1.01426
1.01426
1.01426
1.01426
1.01426
1.01426
1.01426
1.01426
1.01426
1.01426
1.01426
1.01426
1.01426
1.01426
1.01426
1.01426
1.01426
1.01426
1.01426
1.01426
1.01426
1.01426
1.01426
1.01426
1.01426
1.01426
1.01426
1.01426
1.01426
1.01426
1.01426
1.01426
1.01426
1.01426
1.01426
1.01426
1.01426
1.01426
1.01426
1.01426
1.01426
1.01426
1.01426
1.01426
1.01426
1.01426
1.01426
1.01426
1.01426
1.01426
1.01426
1.01426
1.01426
1.01426
1.01426
1.01426
1.01426
1.01426
1.01426
1.01426
1.01426
0.987048
0.155242
)
;
    }
    hotTop
    {
        type            calculated;
        value           nonuniform List<scalar> 7(0.0501395 0.021011 0.00698211 0.000561161 0.000183285 0.000183278 0.000183271);
    }
    cold
    {
        type            calculated;
        value           nonuniform List<scalar> 
64
(
0.984754
0.984754
0.984754
0.984754
0.984754
0.984754
0.984754
0.984752
0.984753
0.984754
0.984754
0.984751
0.984753
0.984754
0.984754
0.984754
0.984754
0.984754
0.984754
0.984754
0.984754
0.984754
0.984754
0.984751
0.984752
0.984754
0.984754
0.984754
0.984754
0.984754
0.984754
0.984754
0.984754
0.984754
0.984754
0.984754
0.984753
0.984753
0.984754
0.984754
0.984754
0.984754
0.984754
0.984754
0.984754
0.984753
0.984754
0.984754
0.984754
0.984754
0.984754
0.984754
0.984754
0.984754
0.984754
0.984754
0.984754
0.984754
0.984754
0.984754
0.984754
0.984754
0.984754
0.91499
)
;
    }
    coldTop
    {
        type            calculated;
        value           nonuniform List<scalar> 7(0.0442701 0.0252573 0.00460309 0.000682183 0.000183283 0.000183287 0.000183287);
    }
    top
    {
        type            calculated;
        value           nonuniform List<scalar> 
84
(
0.000183271
0.00018328
0.000183279
0.00018328
0.000183279
0.000183282
0.000183287
0.000183283
0.000183284
0.000183281
0.000183288
0.000183286
0.000183283
0.000183274
0.000183272
0.000183284
0.000183287
0.000183263
0.000183256
0.000183275
0.000183278
0.000183287
0.000183287
0.000183287
0.000183288
0.000183287
0.000183287
0.000183287
0.000183266
0.00018321
0.000183193
0.000183253
0.000183286
0.000183287
0.000183272
0.000183229
0.000183252
0.00018328
0.000183287
0.000183284
0.000183286
0.000183286
0.000183283
0.000183287
0.000183285
0.000183287
0.000183285
0.000183287
0.000183287
0.00018327
0.000183265
0.000183281
0.000183288
0.000183287
0.000183287
0.000183287
0.000183287
0.000183286
0.000183286
0.000183283
0.000183283
0.000183287
0.000183287
0.000183287
0.000183287
0.000183286
0.000183284
0.000183286
0.000183287
0.000183287
0.000183287
0.000183287
0.000183287
0.000183287
0.000183287
0.000183285
0.000183287
0.000183287
0.000183287
0.000183287
0.000183287
0.000183287
0.000183286
0.000183287
)
;
    }
    btm
    {
        type            calculated;
        value           nonuniform List<scalar> 
84
(
1.01432
1.01444
1.01454
1.01462
1.01469
1.01475
1.01479
1.01483
1.01486
1.01488
1.01491
1.01493
1.01496
1.01498
1.01501
1.01504
0.984767
0.984767
0.984767
0.984767
0.984767
0.984767
0.984767
0.984766
0.984766
0.984766
0.984766
0.984766
0.984765
0.984765
0.984765
0.984764
0.984764
0.984764
0.984764
0.984763
0.984763
0.984763
0.984763
0.984762
0.984762
0.984762
0.984762
0.984762
0.984761
0.984761
0.984761
0.984761
0.984761
0.98476
0.98476
0.98476
0.98476
0.98476
0.984759
0.984759
0.984759
0.984759
0.984759
0.984758
0.984758
0.984758
0.984758
0.984758
0.984757
0.984757
0.984757
0.984757
0.984757
0.984756
0.984756
0.984756
0.984756
0.984756
0.984755
0.984755
0.984755
0.984755
0.984755
0.984754
0.984754
0.984754
0.984754
0.984754
)
;
    }
    frontAndBack
    {
        type            empty;
    }
}


// ************************************************************************* //
