/*--------------------------------*- C++ -*----------------------------------*\
  =========                 |
  \\      /  F ield         | OpenFOAM: The Open Source CFD Toolbox
   \\    /   O peration     | Website:  https://openfoam.org
    \\  /    A nd           | Version:  6
     \\/     M anipulation  |
\*---------------------------------------------------------------------------*/
FoamFile
{
    version     2.0;
    format      ascii;
    class       volScalarField;
    location    "2200";
    object      S_d;
}
// * * * * * * * * * * * * * * * * * * * * * * * * * * * * * * * * * * * * * //

dimensions      [1 -3 -1 0 0 0 0];

internalField   nonuniform List<scalar> 
4800
(
-0
-0
-0
-0
-0
-0
-0
-0
-0
-0
-0
-0
-0
-0
-0
-0
-0
-0
-0
-0
-0
-0
-0
-0
-0
-0
-0
-0
-0
-0
-0
-0
-0
-0
-0
-0
-0
-0
-0
-0
-0
-0
-0
-0
-0
-0
-0
-0
-0
-0
-0
-0
-0
-0
-0
-0
-0
-0
-0
-0
-0
-0
-0
-0
-0
-0
-0
-0
-0
-0
-0
-0
-0
-0
-0
-0
-0
-0
-0
-0
-0
-7.99186e+11
-7.99344e+11
-7.99496e+11
-7.99643e+11
-7.99786e+11
-7.99925e+11
-8e+11
-8e+11
-8e+11
-8e+11
-8e+11
-8e+11
-8e+11
-8e+11
-8e+11
-8e+11
-8e+11
-8e+11
-8e+11
-8e+11
-8e+11
-8e+11
-8e+11
-8e+11
-8e+11
-8e+11
-8e+11
-8e+11
-8e+11
-8e+11
-8e+11
-8e+11
-8e+11
-8e+11
-8e+11
-8e+11
-8e+11
-8e+11
-8e+11
-0
-0
-0
-0
-0
-0
-0
-0
-0
-0
-0
-0
-0
-0
-0
-0
-0
-0
-0
-0
-0
-0
-0
-0
-0
-0
-0
-0
-0
-0
-0
-0
-0
-0
-0
-0
-0
-0
-0
-0
-0
-0
-0
-0
-0
-0
-0
-0
-0
-0
-0
-0
-0
-0
-0
-0
-0
-0
-0
-0
-0
-0
-0
-0
-0
-0
-0
-0
-0
-0
-0
-0
-0
-0
-0
-0
-0
-0
-0
-0
-0
-7.99193e+11
-7.9935e+11
-7.99501e+11
-7.99648e+11
-7.99791e+11
-7.99929e+11
-8e+11
-8e+11
-8e+11
-8e+11
-8e+11
-8e+11
-8e+11
-8e+11
-8e+11
-8e+11
-8e+11
-8e+11
-8e+11
-8e+11
-8e+11
-8e+11
-8e+11
-8e+11
-8e+11
-8e+11
-8e+11
-8e+11
-8e+11
-8e+11
-8e+11
-8e+11
-8e+11
-8e+11
-8e+11
-8e+11
-8e+11
-8e+11
-8e+11
-0
-0
-0
-0
-0
-0
-0
-0
-0
-0
-0
-0
-0
-0
-0
-0
-0
-0
-0
-0
-0
-0
-0
-0
-0
-0
-0
-0
-0
-0
-0
-0
-0
-0
-0
-0
-0
-0
-0
-0
-0
-0
-0
-0
-0
-0
-0
-0
-0
-0
-0
-0
-0
-0
-0
-0
-0
-0
-0
-0
-0
-0
-0
-0
-0
-0
-0
-0
-0
-0
-0
-0
-0
-0
-0
-0
-0
-0
-0
-0
-0
-7.99204e+11
-7.9936e+11
-7.99511e+11
-7.99657e+11
-7.99799e+11
-7.99937e+11
-8e+11
-8e+11
-8e+11
-8e+11
-8e+11
-8e+11
-8e+11
-8e+11
-8e+11
-8e+11
-8e+11
-8e+11
-8e+11
-8e+11
-8e+11
-8e+11
-8e+11
-8e+11
-8e+11
-8e+11
-8e+11
-8e+11
-8e+11
-8e+11
-8e+11
-8e+11
-8e+11
-8e+11
-8e+11
-8e+11
-8e+11
-8e+11
-8e+11
-0
-0
-0
-0
-0
-0
-0
-0
-0
-0
-0
-0
-0
-0
-0
-0
-0
-0
-0
-0
-0
-0
-0
-0
-0
-0
-0
-0
-0
-0
-0
-0
-0
-0
-0
-0
-0
-0
-0
-0
-0
-0
-0
-0
-0
-0
-0
-0
-0
-0
-0
-0
-0
-0
-0
-0
-0
-0
-0
-0
-0
-0
-0
-0
-0
-0
-0
-0
-0
-0
-0
-0
-0
-0
-0
-0
-0
-0
-0
-0
-0
-7.99221e+11
-7.99376e+11
-7.99526e+11
-7.99671e+11
-7.99812e+11
-7.99948e+11
-8e+11
-8e+11
-8e+11
-8e+11
-8e+11
-8e+11
-8e+11
-8e+11
-8e+11
-8e+11
-8e+11
-8e+11
-8e+11
-8e+11
-8e+11
-8e+11
-8e+11
-8e+11
-8e+11
-8e+11
-8e+11
-8e+11
-8e+11
-8e+11
-8e+11
-8e+11
-8e+11
-8e+11
-8e+11
-8e+11
-8e+11
-8e+11
-8e+11
-0
-0
-0
-0
-0
-0
-0
-0
-0
-0
-0
-0
-0
-0
-0
-0
-0
-0
-0
-0
-0
-0
-0
-0
-0
-0
-0
-0
-0
-0
-0
-0
-0
-0
-0
-0
-0
-0
-0
-0
-0
-0
-0
-0
-0
-0
-0
-0
-0
-0
-0
-0
-0
-0
-0
-0
-0
-0
-0
-0
-0
-0
-0
-0
-0
-0
-0
-0
-0
-0
-0
-0
-0
-0
-0
-0
-0
-0
-0
-0
-0
-7.99243e+11
-7.99398e+11
-7.99547e+11
-7.9969e+11
-7.99828e+11
-7.99963e+11
-8e+11
-8e+11
-8e+11
-8e+11
-8e+11
-8e+11
-8e+11
-8e+11
-8e+11
-8e+11
-8e+11
-8e+11
-8e+11
-8e+11
-8e+11
-8e+11
-8e+11
-8e+11
-8e+11
-8e+11
-8e+11
-8e+11
-8e+11
-8e+11
-8e+11
-8e+11
-8e+11
-8e+11
-8e+11
-8e+11
-8e+11
-8e+11
-8e+11
-0
-0
-0
-0
-0
-0
-0
-0
-0
-0
-0
-0
-0
-0
-0
-0
-0
-0
-0
-0
-0
-0
-0
-0
-0
-0
-0
-0
-0
-0
-0
-0
-0
-0
-0
-0
-0
-0
-0
-0
-0
-0
-0
-0
-0
-0
-0
-0
-0
-0
-0
-0
-0
-0
-0
-0
-0
-0
-0
-0
-0
-0
-0
-0
-0
-0
-0
-0
-0
-0
-0
-0
-0
-0
-0
-0
-0
-0
-0
-0
-0
-7.9927e+11
-7.99425e+11
-7.99572e+11
-7.99713e+11
-7.99849e+11
-7.99981e+11
-8e+11
-8e+11
-8e+11
-8e+11
-8e+11
-8e+11
-8e+11
-8e+11
-8e+11
-8e+11
-8e+11
-8e+11
-8e+11
-8e+11
-8e+11
-8e+11
-8e+11
-8e+11
-8e+11
-8e+11
-8e+11
-8e+11
-8e+11
-8e+11
-8e+11
-8e+11
-8e+11
-8e+11
-8e+11
-8e+11
-8e+11
-8e+11
-8e+11
-0
-0
-0
-0
-0
-0
-0
-0
-0
-0
-0
-0
-0
-0
-0
-0
-0
-0
-0
-0
-0
-0
-0
-0
-0
-0
-0
-0
-0
-0
-0
-0
-0
-0
-0
-0
-0
-0
-0
-0
-0
-0
-0
-0
-0
-0
-0
-0
-0
-0
-0
-0
-0
-0
-0
-0
-0
-0
-0
-0
-0
-0
-0
-0
-0
-0
-0
-0
-0
-0
-0
-0
-0
-0
-0
-0
-0
-0
-0
-0
-0
-7.99305e+11
-7.99459e+11
-7.99604e+11
-7.99742e+11
-7.99874e+11
-8e+11
-8e+11
-8e+11
-8e+11
-8e+11
-8e+11
-8e+11
-8e+11
-8e+11
-8e+11
-8e+11
-8e+11
-8e+11
-8e+11
-8e+11
-8e+11
-8e+11
-8e+11
-8e+11
-8e+11
-8e+11
-8e+11
-8e+11
-8e+11
-8e+11
-8e+11
-8e+11
-8e+11
-8e+11
-8e+11
-8e+11
-8e+11
-8e+11
-8e+11
-0
-0
-0
-0
-0
-0
-0
-0
-0
-0
-0
-0
-0
-0
-0
-0
-0
-0
-0
-0
-0
-0
-0
-0
-0
-0
-0
-0
-0
-0
-0
-0
-0
-0
-0
-0
-0
-0
-0
-0
-0
-0
-0
-0
-0
-0
-0
-0
-0
-0
-0
-0
-0
-0
-0
-0
-0
-0
-0
-0
-0
-0
-0
-0
-0
-0
-0
-0
-0
-0
-0
-0
-0
-0
-0
-0
-0
-0
-0
-0
-0
-7.99349e+11
-7.99501e+11
-7.99641e+11
-7.99774e+11
-7.99902e+11
-8e+11
-8e+11
-8e+11
-8e+11
-8e+11
-8e+11
-8e+11
-8e+11
-8e+11
-8e+11
-8e+11
-8e+11
-8e+11
-8e+11
-8e+11
-8e+11
-8e+11
-8e+11
-8e+11
-8e+11
-8e+11
-8e+11
-8e+11
-8e+11
-8e+11
-8e+11
-8e+11
-8e+11
-8e+11
-8e+11
-8e+11
-8e+11
-8e+11
-8e+11
-0
-0
-0
-0
-0
-0
-0
-0
-0
-0
-0
-0
-0
-0
-0
-0
-0
-0
-0
-0
-0
-0
-0
-0
-0
-0
-0
-0
-0
-0
-0
-0
-0
-0
-0
-0
-0
-0
-0
-0
-0
-0
-0
-0
-0
-0
-0
-0
-0
-0
-0
-0
-0
-0
-0
-0
-0
-0
-0
-0
-0
-0
-0
-0
-0
-0
-0
-0
-0
-0
-0
-0
-0
-0
-0
-0
-0
-0
-0
-0
-0
-7.99404e+11
-7.99552e+11
-7.99685e+11
-7.99811e+11
-7.99933e+11
-8e+11
-8e+11
-8e+11
-8e+11
-8e+11
-8e+11
-8e+11
-8e+11
-8e+11
-8e+11
-8e+11
-8e+11
-8e+11
-8e+11
-8e+11
-8e+11
-8e+11
-8e+11
-8e+11
-8e+11
-8e+11
-8e+11
-8e+11
-8e+11
-8e+11
-8e+11
-8e+11
-8e+11
-8e+11
-8e+11
-8e+11
-8e+11
-8e+11
-8e+11
-0
-0
-0
-0
-0
-0
-0
-0
-0
-0
-0
-0
-0
-0
-0
-0
-0
-0
-0
-0
-0
-0
-0
-0
-0
-0
-0
-0
-0
-0
-0
-0
-0
-0
-0
-0
-0
-0
-0
-0
-0
-0
-0
-0
-0
-0
-0
-0
-0
-0
-0
-0
-0
-0
-0
-0
-0
-0
-0
-0
-0
-0
-0
-0
-0
-0
-0
-0
-0
-0
-0
-0
-0
-0
-0
-0
-0
-0
-0
-0
-0
-7.99476e+11
-7.99614e+11
-7.99735e+11
-7.99851e+11
-7.99965e+11
-8e+11
-8e+11
-8e+11
-8e+11
-8e+11
-8e+11
-8e+11
-8e+11
-8e+11
-8e+11
-8e+11
-8e+11
-8e+11
-8e+11
-8e+11
-8e+11
-8e+11
-8e+11
-8e+11
-8e+11
-8e+11
-8e+11
-8e+11
-8e+11
-8e+11
-8e+11
-8e+11
-8e+11
-8e+11
-8e+11
-8e+11
-8e+11
-8e+11
-8e+11
-0
-0
-0
-0
-0
-0
-0
-0
-0
-0
-0
-0
-0
-0
-0
-0
-0
-0
-0
-0
-0
-0
-0
-0
-0
-0
-0
-0
-0
-0
-0
-0
-0
-0
-0
-0
-0
-0
-0
-0
-0
-0
-0
-0
-0
-0
-0
-0
-0
-0
-0
-0
-0
-0
-0
-0
-0
-0
-0
-0
-0
-0
-0
-0
-0
-0
-0
-0
-0
-0
-0
-0
-0
-0
-0
-0
-0
-0
-0
-0
-0
-7.99581e+11
-7.99689e+11
-7.99787e+11
-7.99889e+11
-7.99995e+11
-8e+11
-8e+11
-8e+11
-8e+11
-8e+11
-8e+11
-8e+11
-8e+11
-8e+11
-8e+11
-8e+11
-8e+11
-8e+11
-8e+11
-8e+11
-8e+11
-8e+11
-8e+11
-8e+11
-8e+11
-8e+11
-8e+11
-8e+11
-8e+11
-8e+11
-8e+11
-8e+11
-8e+11
-8e+11
-8e+11
-8e+11
-8e+11
-8e+11
-8e+11
-0
-0
-0
-0
-0
-0
-0
-0
-0
-0
-0
-0
-0
-0
-0
-0
-0
-0
-0
-0
-0
-0
-0
-0
-0
-0
-0
-0
-0
-0
-0
-0
-0
-0
-0
-0
-0
-0
-0
-0
-0
-0
-0
-0
-0
-0
-0
-0
-0
-0
-0
-0
-0
-0
-0
-0
-0
-0
-0
-0
-0
-0
-0
-0
-0
-0
-0
-0
-0
-0
-0
-0
-0
-0
-0
-0
-0
-0
-0
-0
-0
-2.36505e+07
-7.99765e+11
-7.99829e+11
-7.9992e+11
-8e+11
-8e+11
-8e+11
-8e+11
-8e+11
-8e+11
-8e+11
-8e+11
-8e+11
-8e+11
-8e+11
-8e+11
-8e+11
-8e+11
-8e+11
-8e+11
-8e+11
-8e+11
-8e+11
-8e+11
-8e+11
-8e+11
-8e+11
-8e+11
-8e+11
-8e+11
-8e+11
-8e+11
-8e+11
-8e+11
-8e+11
-8e+11
-8e+11
-8e+11
-8e+11
-0
-0
-0
-0
-0
-0
-0
-0
-0
-0
-0
-0
-0
-0
-0
-0
-0
-0
-0
-0
-0
-0
-0
-0
-0
-0
-0
-0
-0
-0
-0
-0
-0
-0
-0
-0
-0
-0
-0
-0
-0
-0
-0
-0
-0
-0
-0
-0
-0
-0
-0
-0
-0
-0
-0
-0
-0
-0
-0
-0
-0
-0
-0
-0
-0
-0
-0
-0
-0
-0
-0
-0
-0
-0
-0
-0
-0
-0
-0
-0
-0
-0
-7.99745e+11
-7.99839e+11
-7.99938e+11
-8e+11
-8e+11
-8e+11
-8e+11
-8e+11
-8e+11
-8e+11
-8e+11
-8e+11
-8e+11
-8e+11
-8e+11
-8e+11
-8e+11
-8e+11
-8e+11
-8e+11
-8e+11
-8e+11
-8e+11
-8e+11
-8e+11
-8e+11
-8e+11
-8e+11
-8e+11
-8e+11
-8e+11
-8e+11
-8e+11
-8e+11
-8e+11
-8e+11
-8e+11
-8e+11
-0
-0
-0
-0
-0
-0
-0
-0
-0
-0
-0
-0
-0
-0
-0
-0
-0
-0
-0
-0
-0
-0
-0
-0
-0
-0
-0
-0
-0
-0
-0
-0
-0
-0
-0
-0
-0
-0
-0
-0
-0
-0
-0
-0
-0
-0
-0
-0
-0
-0
-0
-0
-0
-0
-0
-0
-0
-0
-0
-0
-0
-0
-0
-0
-0
-0
-0
-0
-0
-0
-0
-0
-0
-0
-0
-0
-0
-0
-0
-0
-0
-0
-7.99726e+11
-7.99841e+11
-7.99949e+11
-8e+11
-8e+11
-8e+11
-8e+11
-8e+11
-8e+11
-8e+11
-8e+11
-8e+11
-8e+11
-8e+11
-8e+11
-8e+11
-8e+11
-8e+11
-8e+11
-8e+11
-8e+11
-8e+11
-8e+11
-8e+11
-8e+11
-8e+11
-8e+11
-8e+11
-8e+11
-8e+11
-8e+11
-8e+11
-8e+11
-8e+11
-8e+11
-8e+11
-8e+11
-8e+11
-0
-0
-0
-0
-0
-0
-0
-0
-0
-0
-0
-0
-0
-0
-0
-0
-0
-0
-0
-0
-0
-0
-0
-0
-0
-0
-0
-0
-0
-0
-0
-0
-0
-0
-0
-0
-0
-0
-0
-0
-0
-0
-0
-0
-0
-0
-0
-0
-0
-0
-0
-0
-0
-0
-0
-0
-0
-0
-0
-0
-0
-0
-0
-0
-0
-0
-0
-0
-0
-0
-0
-0
-0
-0
-0
-0
-0
-0
-0
-0
-0
-0
-7.99721e+11
-7.99846e+11
-7.99959e+11
-8e+11
-8e+11
-8e+11
-8e+11
-8e+11
-8e+11
-8e+11
-8e+11
-8e+11
-8e+11
-8e+11
-8e+11
-8e+11
-8e+11
-8e+11
-8e+11
-8e+11
-8e+11
-8e+11
-8e+11
-8e+11
-8e+11
-8e+11
-8e+11
-8e+11
-8e+11
-8e+11
-8e+11
-8e+11
-8e+11
-8e+11
-8e+11
-8e+11
-8e+11
-8e+11
-0
-0
-0
-0
-0
-0
-0
-0
-0
-0
-0
-0
-0
-0
-0
-0
-0
-0
-0
-0
-0
-0
-0
-0
-0
-0
-0
-0
-0
-0
-0
-0
-0
-0
-0
-0
-0
-0
-0
-0
-0
-0
-0
-0
-0
-0
-0
-0
-0
-0
-0
-0
-0
-0
-0
-0
-0
-0
-0
-0
-0
-0
-0
-0
-0
-0
-0
-0
-0
-0
-0
-0
-0
-0
-0
-0
-0
-0
-0
-0
-0
-0
-7.99732e+11
-7.99861e+11
-7.99974e+11
-8e+11
-8e+11
-8e+11
-8e+11
-8e+11
-8e+11
-8e+11
-8e+11
-8e+11
-8e+11
-8e+11
-8e+11
-8e+11
-8e+11
-8e+11
-8e+11
-8e+11
-8e+11
-8e+11
-8e+11
-8e+11
-8e+11
-8e+11
-8e+11
-8e+11
-8e+11
-8e+11
-8e+11
-8e+11
-8e+11
-8e+11
-8e+11
-8e+11
-8e+11
-8e+11
-0
-0
-0
-0
-0
-0
-0
-0
-0
-0
-0
-0
-0
-0
-0
-0
-0
-0
-0
-0
-0
-0
-0
-0
-0
-0
-0
-0
-0
-0
-0
-0
-0
-0
-0
-0
-0
-0
-0
-0
-0
-0
-0
-0
-0
-0
-0
-0
-0
-0
-0
-0
-0
-0
-0
-0
-0
-0
-0
-0
-0
-0
-0
-0
-0
-0
-0
-0
-0
-0
-0
-0
-0
-0
-0
-0
-0
-0
-0
-0
-0
-0
-7.99767e+11
-7.9989e+11
-7.99995e+11
-8e+11
-8e+11
-8e+11
-8e+11
-8e+11
-8e+11
-8e+11
-8e+11
-8e+11
-8e+11
-8e+11
-8e+11
-8e+11
-8e+11
-8e+11
-8e+11
-8e+11
-8e+11
-8e+11
-8e+11
-8e+11
-8e+11
-8e+11
-8e+11
-8e+11
-8e+11
-8e+11
-8e+11
-8e+11
-8e+11
-8e+11
-8e+11
-8e+11
-8e+11
-8e+11
-0
-0
-0
-0
-0
-0
-0
-0
-0
-0
-0
-0
-0
-0
-0
-0
-0
-0
-0
-0
-0
-0
-0
-0
-0
-0
-0
-0
-0
-0
-0
-0
-0
-0
-0
-0
-0
-0
-0
-0
-0
-0
-0
-0
-0
-0
-0
-0
-0
-0
-0
-0
-0
-0
-0
-0
-0
-0
-0
-0
-0
-0
-0
-0
-0
-0
-0
-0
-0
-0
-0
-0
-0
-0
-0
-0
-0
-0
-0
-0
-0
-0
-7.99847e+11
-7.99938e+11
-8e+11
-8e+11
-8e+11
-8e+11
-8e+11
-8e+11
-8e+11
-8e+11
-8e+11
-8e+11
-8e+11
-8e+11
-8e+11
-8e+11
-8e+11
-8e+11
-8e+11
-8e+11
-8e+11
-8e+11
-8e+11
-8e+11
-8e+11
-8e+11
-8e+11
-8e+11
-8e+11
-8e+11
-8e+11
-8e+11
-8e+11
-8e+11
-8e+11
-8e+11
-8e+11
-8e+11
-0
-0
-0
-0
-0
-0
-0
-0
-0
-0
-0
-0
-0
-0
-0
-0
-0
-0
-0
-0
-0
-0
-0
-0
-0
-0
-0
-0
-0
-0
-0
-0
-0
-0
-0
-0
-0
-0
-0
-0
-0
-0
-0
-0
-0
-0
-0
-0
-0
-0
-0
-0
-0
-0
-0
-0
-0
-0
-0
-0
-0
-0
-0
-0
-0
-0
-0
-0
-0
-0
-0
-0
-0
-0
-0
-0
-0
-0
-0
-0
-0
-4247.24
-1.26604e+08
-7.99997e+11
-8e+11
-8e+11
-8e+11
-8e+11
-8e+11
-8e+11
-8e+11
-8e+11
-8e+11
-8e+11
-8e+11
-8e+11
-8e+11
-8e+11
-8e+11
-8e+11
-8e+11
-8e+11
-8e+11
-8e+11
-8e+11
-8e+11
-8e+11
-8e+11
-8e+11
-8e+11
-8e+11
-8e+11
-8e+11
-8e+11
-8e+11
-8e+11
-8e+11
-8e+11
-8e+11
-8e+11
-0
-0
-0
-0
-0
-0
-0
-0
-0
-0
-0
-0
-0
-0
-0
-0
-0
-0
-0
-0
-0
-0
-0
-0
-0
-0
-0
-0
-0
-0
-0
-0
-0
-0
-0
-0
-0
-0
-0
-0
-0
-0
-0
-0
-0
-0
-0
-0
-0
-0
-0
-0
-0
-0
-0
-0
-0
-0
-0
-0
-0
-0
-0
-0
-0
-0
-0
-0
-0
-0
-0
-0
-0
-0
-0
-0
-0
-0
-0
-0
-0
-0
-0
-7.99959e+11
-8e+11
-8e+11
-8e+11
-8e+11
-8e+11
-8e+11
-8e+11
-8e+11
-8e+11
-8e+11
-8e+11
-8e+11
-8e+11
-8e+11
-8e+11
-8e+11
-8e+11
-8e+11
-8e+11
-8e+11
-8e+11
-8e+11
-8e+11
-8e+11
-8e+11
-8e+11
-8e+11
-8e+11
-8e+11
-8e+11
-8e+11
-8e+11
-8e+11
-8e+11
-8e+11
-8e+11
-0
-0
-0
-0
-0
-0
-0
-0
-0
-0
-0
-0
-0
-0
-0
-0
-0
-0
-0
-0
-0
-0
-0
-0
-0
-0
-0
-0
-0
-0
-0
-0
-0
-0
-0
-0
-0
-0
-0
-0
-0
-0
-0
-0
-0
-0
-0
-0
-0
-0
-0
-0
-0
-0
-0
-0
-0
-0
-0
-0
-0
-0
-0
-0
-0
-0
-0
-0
-0
-0
-0
-0
-0
-0
-0
-0
-0
-0
-0
-0
-0
-0
-0
-7.99934e+11
-8e+11
-8e+11
-8e+11
-8e+11
-8e+11
-8e+11
-8e+11
-8e+11
-8e+11
-8e+11
-8e+11
-8e+11
-8e+11
-8e+11
-8e+11
-8e+11
-8e+11
-8e+11
-8e+11
-8e+11
-8e+11
-8e+11
-8e+11
-8e+11
-8e+11
-8e+11
-8e+11
-8e+11
-8e+11
-8e+11
-8e+11
-8e+11
-8e+11
-8e+11
-8e+11
-8e+11
-0
-0
-0
-0
-0
-0
-0
-0
-0
-0
-0
-0
-0
-0
-0
-0
-0
-0
-0
-0
-0
-0
-0
-0
-0
-0
-0
-0
-0
-0
-0
-0
-0
-0
-0
-0
-0
-0
-0
-0
-0
-0
-0
-0
-0
-0
-0
-0
-0
-0
-0
-0
-0
-0
-0
-0
-0
-0
-0
-0
-0
-0
-0
-0
-0
-0
-0
-0
-0
-0
-0
-0
-0
-0
-0
-0
-0
-0
-0
-0
-0
-0
-0
-7.99931e+11
-8e+11
-8e+11
-8e+11
-8e+11
-8e+11
-8e+11
-8e+11
-8e+11
-8e+11
-8e+11
-8e+11
-8e+11
-8e+11
-8e+11
-8e+11
-8e+11
-8e+11
-8e+11
-8e+11
-8e+11
-8e+11
-8e+11
-8e+11
-8e+11
-8e+11
-8e+11
-8e+11
-8e+11
-8e+11
-8e+11
-8e+11
-8e+11
-8e+11
-8e+11
-8e+11
-8e+11
-0
-0
-0
-0
-0
-0
-0
-0
-0
-0
-0
-0
-0
-0
-0
-0
-0
-0
-0
-0
-0
-0
-0
-0
-0
-0
-0
-0
-0
-0
-0
-0
-0
-0
-0
-0
-0
-0
-0
-0
-0
-0
-0
-0
-0
-0
-0
-0
-0
-0
-0
-0
-0
-0
-0
-0
-0
-0
-0
-0
-0
-0
-0
-0
-0
-0
-0
-0
-0
-0
-0
-0
-0
-0
-0
-0
-0
-0
-0
-0
-0
-0
-0
-7.99949e+11
-8e+11
-8e+11
-8e+11
-8e+11
-8e+11
-8e+11
-8e+11
-8e+11
-8e+11
-8e+11
-8e+11
-8e+11
-8e+11
-8e+11
-8e+11
-8e+11
-8e+11
-8e+11
-8e+11
-8e+11
-8e+11
-8e+11
-8e+11
-8e+11
-8e+11
-8e+11
-8e+11
-8e+11
-8e+11
-8e+11
-8e+11
-8e+11
-8e+11
-8e+11
-8e+11
-8e+11
-0
-0
-0
-0
-0
-0
-0
-0
-0
-0
-0
-0
-0
-0
-0
-0
-0
-0
-0
-0
-0
-0
-0
-0
-0
-0
-0
-0
-0
-0
-0
-0
-0
-0
-0
-0
-0
-0
-0
-0
-0
-0
-0
-0
-0
-0
-0
-0
-0
-0
-0
-0
-0
-0
-0
-0
-0
-0
-0
-0
-0
-0
-0
-0
-0
-0
-0
-0
-0
-0
-0
-0
-0
-0
-0
-0
-0
-0
-0
-0
-0
-0
-0
-7.99984e+11
-8e+11
-8e+11
-8e+11
-8e+11
-8e+11
-8e+11
-8e+11
-8e+11
-8e+11
-8e+11
-8e+11
-8e+11
-8e+11
-8e+11
-8e+11
-8e+11
-8e+11
-8e+11
-8e+11
-8e+11
-8e+11
-8e+11
-8e+11
-8e+11
-8e+11
-8e+11
-8e+11
-8e+11
-8e+11
-8e+11
-8e+11
-8e+11
-8e+11
-8e+11
-8e+11
-8e+11
-0
-0
-0
-0
-0
-0
-0
-0
-0
-0
-0
-0
-0
-0
-0
-0
-0
-0
-0
-0
-0
-0
-0
-0
-0
-0
-0
-0
-0
-0
-0
-0
-0
-0
-0
-0
-0
-0
-0
-0
-0
-0
-0
-0
-0
-0
-0
-0
-0
-0
-0
-0
-0
-0
-0
-0
-0
-0
-0
-0
-0
-0
-0
-0
-0
-0
-0
-0
-0
-0
-0
-0
-0
-0
-0
-0
-0
-0
-0
-0
-0
-0
-0
-8e+11
-8e+11
-8e+11
-8e+11
-8e+11
-8e+11
-8e+11
-8e+11
-8e+11
-8e+11
-8e+11
-8e+11
-8e+11
-8e+11
-8e+11
-8e+11
-8e+11
-8e+11
-8e+11
-8e+11
-8e+11
-8e+11
-8e+11
-8e+11
-8e+11
-8e+11
-8e+11
-8e+11
-8e+11
-8e+11
-8e+11
-8e+11
-8e+11
-8e+11
-8e+11
-8e+11
-8e+11
-0
-0
-0
-0
-0
-0
-0
-0
-0
-0
-0
-0
-0
-0
-0
-0
-0
-0
-0
-0
-0
-0
-0
-0
-0
-0
-0
-0
-0
-0
-0
-0
-0
-0
-0
-0
-0
-0
-0
-0
-0
-0
-0
-0
-0
-0
-0
-0
-0
-0
-0
-0
-0
-0
-0
-0
-0
-0
-0
-0
-0
-0
-0
-0
-0
-0
-0
-0
-0
-0
-0
-0
-0
-0
-0
-0
-0
-0
-0
-0
-0
-0
-0
-6.26629e+08
-8e+11
-8e+11
-8e+11
-8e+11
-8e+11
-8e+11
-8e+11
-8e+11
-8e+11
-8e+11
-8e+11
-8e+11
-8e+11
-8e+11
-8e+11
-8e+11
-8e+11
-8e+11
-8e+11
-8e+11
-8e+11
-8e+11
-8e+11
-8e+11
-8e+11
-8e+11
-8e+11
-8e+11
-8e+11
-8e+11
-8e+11
-8e+11
-8e+11
-8e+11
-8e+11
-8e+11
-0
-0
-0
-0
-0
-0
-0
-0
-0
-0
-0
-0
-0
-0
-0
-0
-0
-0
-0
-0
-0
-0
-0
-0
-0
-0
-0
-0
-0
-0
-0
-0
-0
-0
-0
-0
-0
-0
-0
-0
-0
-0
-0
-0
-0
-0
-0
-0
-0
-0
-0
-0
-0
-0
-0
-0
-0
-0
-0
-0
-0
-0
-0
-0
-0
-0
-0
-0
-0
-0
-0
-0
-0
-0
-0
-0
-0
-0
-0
-0
-0
-0
-0
-372264
-8e+11
-8e+11
-8e+11
-8e+11
-8e+11
-8e+11
-8e+11
-8e+11
-8e+11
-8e+11
-8e+11
-8e+11
-8e+11
-8e+11
-8e+11
-8e+11
-8e+11
-8e+11
-8e+11
-8e+11
-8e+11
-8e+11
-8e+11
-8e+11
-8e+11
-8e+11
-8e+11
-8e+11
-8e+11
-8e+11
-8e+11
-8e+11
-8e+11
-8e+11
-8e+11
-8e+11
-0
-0
-0
-0
-0
-0
-0
-0
-0
-0
-0
-0
-0
-0
-0
-0
-0
-0
-0
-0
-0
-0
-0
-0
-0
-0
-0
-0
-0
-0
-0
-0
-0
-0
-0
-0
-0
-0
-0
-0
-0
-0
-0
-0
-0
-0
-0
-0
-0
-0
-0
-0
-0
-0
-0
-0
-0
-0
-0
-0
-0
-0
-0
-0
-0
-0
-0
-0
-0
-0
-0
-0
-0
-0
-0
-0
-0
-0
-0
-0
-0
-0
-0
-0
-8e+11
-8e+11
-8e+11
-8e+11
-8e+11
-8e+11
-8e+11
-8e+11
-8e+11
-8e+11
-8e+11
-8e+11
-8e+11
-8e+11
-8e+11
-8e+11
-8e+11
-8e+11
-8e+11
-8e+11
-8e+11
-8e+11
-8e+11
-8e+11
-8e+11
-8e+11
-8e+11
-8e+11
-8e+11
-8e+11
-8e+11
-8e+11
-8e+11
-8e+11
-8e+11
-8e+11
-0
-0
-0
-0
-0
-0
-0
-0
-0
-0
-0
-0
-0
-0
-0
-0
-0
-0
-0
-0
-0
-0
-0
-0
-0
-0
-0
-0
-0
-0
-0
-0
-0
-0
-0
-0
-0
-0
-0
-0
-0
-0
-0
-0
-0
-0
-0
-0
-0
-0
-0
-0
-0
-0
-0
-0
-0
-0
-0
-0
-0
-0
-0
-0
-0
-0
-0
-0
-0
-0
-0
-0
-0
-0
-0
-0
-0
-0
-0
-0
-0
-0
-0
-0
-4.4177e+11
-8e+11
-8e+11
-8e+11
-8e+11
-8e+11
-8e+11
-8e+11
-8e+11
-8e+11
-8e+11
-8e+11
-8e+11
-8e+11
-8e+11
-8e+11
-8e+11
-8e+11
-8e+11
-8e+11
-8e+11
-8e+11
-8e+11
-8e+11
-8e+11
-8e+11
-8e+11
-8e+11
-8e+11
-8e+11
-8e+11
-8e+11
-8e+11
-8e+11
-8e+11
-8e+11
-0
-0
-0
-0
-0
-0
-0
-0
-0
-0
-0
-0
-0
-0
-0
-0
-0
-0
-0
-0
-0
-0
-0
-0
-0
-0
-0
-0
-0
-0
-0
-0
-0
-0
-0
-0
-0
-0
-0
-0
-0
-0
-0
-0
-0
-0
-0
-0
-0
-0
-0
-0
-0
-0
-0
-0
-0
-0
-0
-0
-0
-0
-0
-0
-0
-0
-0
-0
-0
-0
-0
-0
-0
-0
-0
-52741.1
-135989
-47480.8
-44968.8
-47747.2
-0
-0
-0
-0
-5.30423e+11
-8e+11
-8e+11
-8e+11
-8e+11
-8e+11
-8e+11
-8e+11
-8e+11
-8e+11
-8e+11
-8e+11
-8e+11
-8e+11
-8e+11
-8e+11
-8e+11
-8e+11
-8e+11
-8e+11
-8e+11
-8e+11
-8e+11
-8e+11
-8e+11
-8e+11
-8e+11
-8e+11
-8e+11
-8e+11
-8e+11
-8e+11
-8e+11
-8e+11
-8e+11
-8e+11
-0
-0
-0
-0
-0
-0
-0
-0
-0
-0
-0
-0
-0
-0
-0
-0
-0
-0
-0
-0
-0
-0
-0
-0
-0
-0
-0
-0
-0
-0
-0
-0
-0
-0
-0
-0
-0
-0
-0
-0
-0
-0
-0
-0
-0
-0
-0
-0
-0
-0
-0
-0
-0
-0
-0
-0
-0
-0
-0
-0
-0
-0
-0
-0
-0
-0
-0
-0
-0
-27556.3
-167278
-300979
-542282
-735826
-1.95166e+06
-2.24393e+06
-3.3612e+06
-3.315e+06
-5.3919e+06
-5.36124e+06
-4.76503e+06
-3.58339e+06
-3.49598e+06
-1.22432e+06
-1.42575e+09
-8e+11
-8e+11
-8e+11
-8e+11
-8e+11
-8e+11
-8e+11
-8e+11
-8e+11
-8e+11
-8e+11
-8e+11
-8e+11
-8e+11
-8e+11
-8e+11
-8e+11
-8e+11
-8e+11
-8e+11
-8e+11
-8e+11
-8e+11
-8e+11
-8e+11
-8e+11
-8e+11
-8e+11
-8e+11
-8e+11
-8e+11
-8e+11
-8e+11
-8e+11
-8e+11
-0
-0
-0
-0
-0
-0
-0
-0
-0
-0
-0
-0
-0
-0
-0
-0
-0
-0
-0
-0
-0
-0
-0
-0
-0
-0
-0
-0
-0
-0
-0
-0
-0
-0
-0
-0
-0
-0
-0
-0
-0
-0
-0
-0
-0
-0
-0
-0
-0
-0
-0
-0
-0
-0
-0
-0
-0
-0
-0
-0
-0
-0
-0
-0
-0
-0
-1062.96
-217873
-574856
-1.23974e+06
-1.70353e+06
-1.92271e+06
-2.08107e+06
-1.37719e+06
-1.58203e+06
-1.36758e+06
-1.47215e+06
-1.01092e+06
-1.09904e+06
-689305
-923755
-678219
-1.16016e+06
-1.80037e+06
-3.13921e+07
-7.99908e+11
-8e+11
-8e+11
-8e+11
-8e+11
-8e+11
-8e+11
-8e+11
-8e+11
-8e+11
-8e+11
-8e+11
-8e+11
-8e+11
-8e+11
-8e+11
-8e+11
-8e+11
-8e+11
-8e+11
-8e+11
-8e+11
-8e+11
-8e+11
-8e+11
-8e+11
-8e+11
-8e+11
-8e+11
-8e+11
-8e+11
-8e+11
-8e+11
-8e+11
-8e+11
-0
-0
-0
-0
-0
-0
-0
-0
-0
-0
-0
-0
-0
-0
-0
-0
-0
-0
-0
-0
-0
-0
-0
-0
-0
-0
-0
-0
-0
-0
-0
-0
-0
-0
-0
-0
-0
-0
-0
-0
-0
-0
-0
-0
-0
-0
-0
-0
-0
-0
-0
-0
-0
-0
-0
-0
-0
-0
-0
-0
-0
-0
-0
-0
-0
-0
-0
-0
-0
-0
-0
-0
-0
-0
-0
-0
-0
-0
-0
-0
-0
-0
-0
-0
-0
-0
-0
-0
-0
-0
-0
-0
-0
-0
-0
-0
-0
-0
-0
-0
-0
-0
-0
-0
-0
-0
-0
-0
-0
-0
-0
-0
-0
-0
-0
-0
-0
-0
-0
-0
-0
-0
-0
-0
-0
-0
-0
-0
-0
-0
-0
-0
-0
-0
-0
-0
-0
-0
-0
-0
-0
-0
-0
-0
-0
-0
-0
-0
-0
-0
-0
-0
-0
-0
-0
-0
-0
-0
-0
-0
-0
-0
-0
-0
-0
-0
-0
-0
-0
-0
-0
-0
-0
-0
-0
-0
-0
-0
-0
-0
-0
-0
-0
-0
-0
-0
-0
-0
-0
-0
-0
-0
-0
-0
-0
-0
-0
-0
-0
-0
-0
-0
-0
-0
-0
-0
-0
-0
-0
-0
-0
-0
-0
-0
-0
-0
-0
-0
-0
-0
-0
-0
-0
-0
-0
-0
-0
-0
-0
-0
-0
-0
-0
-0
-0
-0
-0
-0
-0
-0
-0
-0
-0
-0
-0
-0
-0
-0
-0
-0
-0
-0
-0
-0
-0
-0
-0
-0
-0
-0
-0
-0
-0
-0
-0
-0
-0
-0
-0
-0
-0
-0
-0
-0
-0
-0
-0
-0
-0
-0
-0
-0
-0
-0
-0
-0
-0
-0
-0
-0
-0
-0
-0
-0
-0
-0
-0
-0
-0
-0
-0
-0
-0
-0
-0
-0
-0
-0
-0
-0
-0
-0
-0
-0
-0
-0
-0
-0
-0
-0
-0
-0
-0
-0
-0
-0
-0
-0
-0
-0
-0
-0
-0
-0
-0
-0
-0
-0
-0
-0
-0
-0
-0
-0
-0
-0
-0
-0
-0
-0
-0
-0
-0
-0
-0
-0
-0
-0
-0
-0
-0
-0
-0
-0
-0
-0
-0
-0
-0
-0
-0
-0
-0
-0
-0
-0
-0
-0
-0
-0
-0
-0
-0
-0
-0
-0
-0
-0
-0
-0
-0
-0
-0
-0
-0
-0
-0
-0
-0
-0
-0
-0
-0
-0
-0
-0
-0
-0
-0
-0
-0
-0
-0
-0
-0
-0
-0
-0
-0
-0
-0
-0
-0
-0
-0
-0
-0
-0
-0
-0
-0
-0
-0
-0
-0
-0
-0
-0
-0
-0
-0
-0
-0
-0
-0
-0
-0
-0
-0
-0
-0
-0
-0
-0
-0
-0
-0
-0
-0
-0
-0
-0
-0
-0
-0
-0
-0
-0
-0
-0
-0
-0
-0
-0
-0
-0
-0
-0
-0
-0
-0
-0
-0
-0
-0
-0
-0
-0
-0
-0
-0
-0
-0
-0
-0
-0
-0
-0
-0
-0
-0
-0
-0
-0
-0
-0
-0
-0
-0
-0
-0
-0
-0
-0
-0
-0
-0
-0
-0
-0
-0
-0
-0
-0
-0
-0
-0
-0
-0
-0
-0
-0
-0
-0
-0
-0
-0
-0
-0
-0
-0
-0
-0
-0
-0
-0
-0
-0
-0
-0
-0
-0
-0
-0
-0
-0
-0
-0
-0
-0
-0
-0
-0
-0
-0
-0
-0
-0
-0
-0
-0
-0
-0
-0
-0
-0
-0
-0
-0
-0
-0
-0
-0
-0
-0
-0
-0
-0
-0
-0
-0
-0
-0
-0
-0
-0
-0
-0
-0
-0
-0
-0
-0
-0
-0
-0
-0
-0
-0
-0
-0
-0
-0
-0
-0
-0
-0
-0
-0
-0
-0
-0
-0
-0
-0
-0
-0
-0
-0
-0
-0
-0
-0
-0
-0
-0
-0
-0
-0
-0
-0
-0
-0
-0
-0
-0
-0
-0
-0
-0
-0
-0
-0
-0
-0
-0
-0
-0
-0
-0
-0
-0
-0
-0
-0
-0
-0
-0
-0
-0
-0
-0
-0
-0
-0
-0
-0
-0
-0
-0
-0
-0
-0
-0
-0
-0
-0
-0
-0
-0
-0
-0
-0
-0
-0
-0
-0
-0
-0
-0
-0
-0
-0
-0
-0
-0
-0
-0
-0
-0
-0
-0
-0
-0
-0
-0
-0
-0
-0
-0
-0
-0
-0
-0
-0
-0
-0
-0
-0
-0
-0
-0
-0
-0
-0
-0
-0
-0
-0
-0
-0
-0
-0
-0
-0
-0
-0
-0
-0
-0
-0
-0
-0
-0
-0
-0
-0
-0
-0
-0
-0
-0
-0
-0
-0
-0
-0
-0
-0
-0
-0
-0
-0
-0
-0
-0
-0
-0
-0
-0
-0
-0
-0
-0
-0
-0
-0
-0
-0
-0
-0
-0
-0
-0
-0
-0
-0
-0
-0
-0
-0
-0
-0
-0
-0
-0
-0
-0
-0
-0
-0
-0
-0
-0
-0
-0
-0
-0
-0
-0
-0
-0
-0
-0
-0
-0
-0
-0
-0
-0
-0
-0
-0
-0
-0
-0
-0
-0
-0
-0
-0
-0
-0
-0
-0
-0
-0
-0
-0
-0
-0
-0
-0
-0
-0
-0
-0
-0
-0
-0
-0
-0
-0
-0
-0
-0
-0
-0
-0
-0
-0
-0
-0
-0
-0
-0
-0
-0
-0
-0
-0
-0
-0
-0
-0
-0
-0
-0
-0
-0
-0
-0
-0
-0
-0
-0
-0
-0
-0
-0
-0
-0
-0
-0
-0
-0
-0
-0
-0
-0
-0
-0
-0
-0
-0
-0
-0
-0
-0
-0
-0
-0
-0
-0
-0
-0
-0
-0
-0
-0
-0
-0
-0
-0
-0
-0
-0
-0
-0
-0
-0
-0
-0
-0
-0
-0
-0
-0
-0
-0
-0
-0
-0
-0
-0
-0
-0
-0
-0
-0
)
;

boundaryField
{
    hot
    {
        type            calculated;
        value           uniform -0;
    }
    hotTop
    {
        type            calculated;
        value           uniform -0;
    }
    cold
    {
        type            calculated;
        value           uniform -8e+11;
    }
    coldTop
    {
        type            calculated;
        value           uniform -0;
    }
    top
    {
        type            calculated;
        value           uniform -0;
    }
    btm
    {
        type            calculated;
        value           nonuniform List<scalar> 
120
(
-0
-0
-0
-0
-0
-0
-0
-0
-0
-0
-0
-0
-0
-0
-0
-0
-0
-0
-0
-0
-0
-0
-0
-0
-0
-0
-0
-0
-0
-0
-0
-0
-0
-0
-0
-0
-0
-0
-0
-0
-0
-0
-0
-0
-0
-0
-0
-0
-0
-0
-0
-0
-0
-0
-0
-0
-0
-0
-0
-0
-0
-0
-0
-0
-0
-0
-0
-0
-0
-0
-0
-0
-0
-0
-0
-0
-0
-0
-0
-0
-0
-7.99186e+11
-7.99344e+11
-7.99496e+11
-7.99643e+11
-7.99786e+11
-7.99925e+11
-8e+11
-8e+11
-8e+11
-8e+11
-8e+11
-8e+11
-8e+11
-8e+11
-8e+11
-8e+11
-8e+11
-8e+11
-8e+11
-8e+11
-8e+11
-8e+11
-8e+11
-8e+11
-8e+11
-8e+11
-8e+11
-8e+11
-8e+11
-8e+11
-8e+11
-8e+11
-8e+11
-8e+11
-8e+11
-8e+11
-8e+11
-8e+11
-8e+11
)
;
    }
    frontAndBack
    {
        type            empty;
    }
}


// ************************************************************************* //
