/*--------------------------------*- C++ -*----------------------------------*\
  =========                 |
  \\      /  F ield         | OpenFOAM: The Open Source CFD Toolbox
   \\    /   O peration     | Website:  https://openfoam.org
    \\  /    A nd           | Version:  6
     \\/     M anipulation  |
\*---------------------------------------------------------------------------*/
FoamFile
{
    version     2.0;
    format      ascii;
    class       volScalarField;
    location    "240";
    object      alphaMetalTotal;
}
// * * * * * * * * * * * * * * * * * * * * * * * * * * * * * * * * * * * * * //

dimensions      [0 0 0 0 0 0 0];

internalField   nonuniform List<scalar> 
5964
(
1
1
1
1
1
1
1
1
1
1
1
1
0.999614
0.999645
0.999668
0.999686
0.999701
0.999714
0.999725
0.999734
0.999743
0.999751
0.999759
0.999766
0.999773
0.99978
0.999786
0.999792
0.999798
0.999803
0.999809
0.999814
0.999819
0.999825
0.99983
0.999835
0.99984
0.999845
0.99985
0.999855
0.99986
0.999865
0.99987
0.999875
0.999879
0.999884
0.999889
0.999893
0.999897
0.999902
0.999906
0.99991
0.999914
0.999918
0.999922
0.999926
0.99993
0.999933
0.999937
0.99994
0.999944
0.999947
0.99995
0.999953
0.999956
0.999959
0.999962
0.999965
0.999968
0.99997
0.999973
0.999975
0.999978
0.99998
0.999983
0.999985
0.999987
0.99999
0.999992
0.999994
0.999996
0.999998
1
1
1
1
1
1
1
1
1
1
1
1
1
1
0.999624
0.999651
0.999672
0.999689
0.999703
0.999715
0.999725
0.999735
0.999744
0.999752
0.999759
0.999766
0.999773
0.99978
0.999786
0.999792
0.999798
0.999803
0.999809
0.999814
0.99982
0.999825
0.99983
0.999835
0.99984
0.999845
0.99985
0.999855
0.99986
0.999865
0.99987
0.999875
0.999879
0.999884
0.999889
0.999893
0.999897
0.999902
0.999906
0.99991
0.999914
0.999918
0.999922
0.999926
0.99993
0.999933
0.999937
0.99994
0.999944
0.999947
0.99995
0.999953
0.999956
0.999959
0.999962
0.999965
0.999968
0.99997
0.999973
0.999975
0.999978
0.99998
0.999983
0.999985
0.999987
0.99999
0.999992
0.999994
0.999996
0.999998
1
1
1
1
1
1
1
1
1
1
1
1
1
1
0.999643
0.999663
0.99968
0.999693
0.999705
0.999716
0.999726
0.999736
0.999744
0.999752
0.99976
0.999767
0.999773
0.99978
0.999786
0.999792
0.999798
0.999803
0.999809
0.999814
0.99982
0.999825
0.99983
0.999835
0.99984
0.999845
0.99985
0.999855
0.99986
0.999865
0.99987
0.999875
0.999879
0.999884
0.999889
0.999893
0.999897
0.999902
0.999906
0.99991
0.999914
0.999918
0.999922
0.999926
0.99993
0.999933
0.999937
0.99994
0.999944
0.999947
0.99995
0.999953
0.999956
0.999959
0.999962
0.999965
0.999968
0.99997
0.999973
0.999975
0.999978
0.99998
0.999983
0.999985
0.999987
0.99999
0.999992
0.999994
0.999996
0.999998
1
1
1
1
1
1
1
1
1
1
1
1
1
1
0.999672
0.99968
0.999689
0.999699
0.999709
0.999719
0.999728
0.999737
0.999745
0.999753
0.99976
0.999767
0.999774
0.99978
0.999786
0.999792
0.999798
0.999803
0.999809
0.999814
0.99982
0.999825
0.99983
0.999835
0.99984
0.999845
0.99985
0.999855
0.99986
0.999865
0.99987
0.999875
0.999879
0.999884
0.999889
0.999893
0.999897
0.999902
0.999906
0.99991
0.999914
0.999918
0.999922
0.999926
0.99993
0.999933
0.999937
0.99994
0.999944
0.999947
0.99995
0.999953
0.999956
0.999959
0.999962
0.999965
0.999968
0.99997
0.999973
0.999975
0.999978
0.99998
0.999983
0.999985
0.999987
0.99999
0.999992
0.999994
0.999996
0.999998
1
1
1
1
1
1
1
1
1
1
1
1
1
1
0.999706
0.999694
0.999697
0.999704
0.999712
0.999721
0.99973
0.999738
0.999746
0.999754
0.999761
0.999767
0.999774
0.99978
0.999786
0.999792
0.999798
0.999803
0.999809
0.999814
0.99982
0.999825
0.99983
0.999835
0.99984
0.999845
0.99985
0.999855
0.99986
0.999865
0.99987
0.999875
0.999879
0.999884
0.999889
0.999893
0.999897
0.999902
0.999906
0.99991
0.999914
0.999918
0.999922
0.999926
0.99993
0.999933
0.999937
0.99994
0.999944
0.999947
0.99995
0.999953
0.999956
0.999959
0.999962
0.999965
0.999968
0.99997
0.999973
0.999975
0.999978
0.99998
0.999983
0.999985
0.999987
0.99999
0.999992
0.999994
0.999996
0.999999
1
1
1
1
1
1
1
1
1
1
1
1
1
0.999668
0.999691
0.999695
0.9997
0.999707
0.999715
0.999723
0.999731
0.999739
0.999747
0.999754
0.999761
0.999768
0.999774
0.999781
0.999787
0.999792
0.999798
0.999804
0.999809
0.999814
0.99982
0.999825
0.99983
0.999835
0.99984
0.999845
0.99985
0.999855
0.99986
0.999865
0.99987
0.999875
0.999879
0.999884
0.999889
0.999893
0.999897
0.999902
0.999906
0.99991
0.999914
0.999918
0.999922
0.999926
0.99993
0.999933
0.999937
0.99994
0.999944
0.999947
0.99995
0.999953
0.999956
0.999959
0.999962
0.999965
0.999968
0.99997
0.999973
0.999975
0.999978
0.99998
0.999983
0.999985
0.999987
0.99999
0.999992
0.999994
0.999996
0.999999
1
1
1
1
1
1
1
1
1
1
1
1
1
0.999652
0.999684
0.999694
0.999702
0.999709
0.999717
0.999725
0.999733
0.99974
0.999748
0.999755
0.999762
0.999768
0.999775
0.999781
0.999787
0.999793
0.999798
0.999804
0.999809
0.999814
0.99982
0.999825
0.99983
0.999835
0.99984
0.999845
0.99985
0.999855
0.99986
0.999865
0.99987
0.999875
0.999879
0.999884
0.999889
0.999893
0.999898
0.999902
0.999906
0.99991
0.999914
0.999918
0.999922
0.999926
0.99993
0.999933
0.999937
0.99994
0.999944
0.999947
0.99995
0.999953
0.999956
0.999959
0.999962
0.999965
0.999968
0.99997
0.999973
0.999975
0.999978
0.99998
0.999983
0.999985
0.999987
0.99999
0.999992
0.999994
0.999996
0.999999
1
1
1
1
1
1
1
1
1
1
1
1
1
1
0.999689
0.999696
0.999703
0.999711
0.999718
0.999726
0.999734
0.999741
0.999749
0.999756
0.999762
0.999769
0.999775
0.999781
0.999787
0.999793
0.999798
0.999804
0.999809
0.999815
0.99982
0.999825
0.99983
0.999835
0.99984
0.999845
0.99985
0.999855
0.99986
0.999865
0.99987
0.999875
0.999879
0.999884
0.999889
0.999893
0.999898
0.999902
0.999906
0.99991
0.999914
0.999918
0.999922
0.999926
0.99993
0.999933
0.999937
0.99994
0.999944
0.999947
0.99995
0.999953
0.999956
0.999959
0.999962
0.999965
0.999968
0.99997
0.999973
0.999975
0.999978
0.99998
0.999983
0.999985
0.999987
0.99999
0.999992
0.999994
0.999996
0.999998
1
1
1
1
1
1
1
1
1
1
1
1
1
1
0.999691
0.999696
0.999703
0.999711
0.999719
0.999727
0.999735
0.999742
0.999749
0.999756
0.999763
0.999769
0.999775
0.999781
0.999787
0.999793
0.999798
0.999804
0.999809
0.999815
0.99982
0.999825
0.99983
0.999835
0.99984
0.999845
0.999851
0.999855
0.99986
0.999865
0.99987
0.999875
0.999879
0.999884
0.999889
0.999893
0.999898
0.999902
0.999906
0.99991
0.999914
0.999918
0.999922
0.999926
0.99993
0.999933
0.999937
0.99994
0.999944
0.999947
0.99995
0.999953
0.999956
0.999959
0.999962
0.999965
0.999968
0.99997
0.999973
0.999975
0.999978
0.99998
0.999983
0.999985
0.999987
0.99999
0.999992
0.999994
0.999996
0.999998
1
1
1
1
1
1
1
1
1
1
1
1
1
1
0.999688
0.999694
0.999702
0.999711
0.999719
0.999727
0.999735
0.999743
0.99975
0.999757
0.999763
0.99977
0.999776
0.999782
0.999787
0.999793
0.999799
0.999804
0.999809
0.999815
0.99982
0.999825
0.99983
0.999835
0.99984
0.999846
0.999851
0.999855
0.99986
0.999865
0.99987
0.999875
0.999879
0.999884
0.999889
0.999893
0.999898
0.999902
0.999906
0.99991
0.999914
0.999918
0.999922
0.999926
0.99993
0.999933
0.999937
0.99994
0.999944
0.999947
0.99995
0.999953
0.999956
0.999959
0.999962
0.999965
0.999968
0.99997
0.999973
0.999975
0.999978
0.99998
0.999983
0.999985
0.999987
0.99999
0.999992
0.999994
0.999996
0.999998
1
1
1
1
1
1
1
1
1
1
1
1
1
1
0.99968
0.99969
0.9997
0.999709
0.999718
0.999727
0.999735
0.999743
0.99975
0.999757
0.999764
0.99977
0.999776
0.999782
0.999788
0.999793
0.999799
0.999804
0.999809
0.999815
0.99982
0.999825
0.99983
0.999835
0.999841
0.999846
0.999851
0.999855
0.99986
0.999865
0.99987
0.999875
0.999879
0.999884
0.999889
0.999893
0.999898
0.999902
0.999906
0.99991
0.999914
0.999918
0.999922
0.999926
0.99993
0.999933
0.999937
0.99994
0.999944
0.999947
0.99995
0.999953
0.999956
0.999959
0.999962
0.999965
0.999968
0.99997
0.999973
0.999975
0.999978
0.99998
0.999983
0.999985
0.999987
0.99999
0.999992
0.999994
0.999996
0.999998
1
1
1
1
1
1
1
1
1
1
1
1
1
0.999628
0.999668
0.999685
0.999697
0.999707
0.999717
0.999726
0.999734
0.999742
0.99975
0.999757
0.999764
0.99977
0.999776
0.999782
0.999788
0.999793
0.999799
0.999804
0.99981
0.999815
0.99982
0.999825
0.99983
0.999835
0.999841
0.999846
0.999851
0.999856
0.99986
0.999865
0.99987
0.999875
0.99988
0.999884
0.999889
0.999893
0.999898
0.999902
0.999906
0.99991
0.999914
0.999918
0.999922
0.999926
0.99993
0.999933
0.999937
0.99994
0.999944
0.999947
0.99995
0.999953
0.999956
0.999959
0.999962
0.999965
0.999968
0.99997
0.999973
0.999975
0.999978
0.99998
0.999983
0.999985
0.999987
0.99999
0.999992
0.999994
0.999996
0.999998
1
1
1
1
1
1
1
1
1
1
1
1
1
0.999622
0.999671
0.999683
0.999694
0.999704
0.999715
0.999724
0.999734
0.999742
0.99975
0.999757
0.999764
0.99977
0.999776
0.999782
0.999788
0.999793
0.999799
0.999804
0.99981
0.999815
0.99982
0.999825
0.99983
0.999835
0.999841
0.999846
0.999851
0.999856
0.99986
0.999865
0.99987
0.999875
0.99988
0.999884
0.999889
0.999893
0.999898
0.999902
0.999906
0.99991
0.999914
0.999918
0.999922
0.999926
0.99993
0.999933
0.999937
0.99994
0.999944
0.999947
0.99995
0.999953
0.999956
0.999959
0.999962
0.999965
0.999968
0.99997
0.999973
0.999975
0.999978
0.99998
0.999983
0.999985
0.999987
0.99999
0.999992
0.999994
0.999996
0.999999
1
1
1
1
1
1
1
1
1
1
1
1
1
1
0.999683
0.999681
0.999689
0.999701
0.999712
0.999723
0.999732
0.999741
0.999749
0.999757
0.999763
0.99977
0.999776
0.999782
0.999788
0.999793
0.999799
0.999804
0.99981
0.999815
0.99982
0.999825
0.99983
0.999835
0.999841
0.999846
0.999851
0.999856
0.99986
0.999865
0.99987
0.999875
0.99988
0.999884
0.999889
0.999893
0.999898
0.999902
0.999906
0.99991
0.999914
0.999918
0.999922
0.999926
0.99993
0.999933
0.999937
0.99994
0.999944
0.999947
0.99995
0.999953
0.999956
0.999959
0.999962
0.999965
0.999968
0.99997
0.999973
0.999975
0.999978
0.99998
0.999983
0.999985
0.999987
0.99999
0.999992
0.999994
0.999997
0.999999
1
1
1
1
1
1
1
1
1
1
1
1
1
1
0.999653
0.999667
0.999681
0.999696
0.999709
0.99972
0.999731
0.99974
0.999749
0.999756
0.999763
0.99977
0.999776
0.999782
0.999788
0.999793
0.999799
0.999804
0.99981
0.999815
0.99982
0.999825
0.99983
0.999835
0.999841
0.999846
0.999851
0.999856
0.99986
0.999865
0.99987
0.999875
0.99988
0.999884
0.999889
0.999893
0.999898
0.999902
0.999906
0.99991
0.999914
0.999918
0.999922
0.999926
0.99993
0.999933
0.999937
0.99994
0.999944
0.999947
0.99995
0.999953
0.999956
0.999959
0.999962
0.999965
0.999968
0.99997
0.999973
0.999976
0.999978
0.99998
0.999983
0.999985
0.999987
0.99999
0.999992
0.999994
0.999997
0.999999
1
1
1
1
1
1
1
1
1
1
1
1
1
1
0.999625
0.999651
0.999672
0.99969
0.999705
0.999718
0.999729
0.999739
0.999748
0.999756
0.999763
0.999769
0.999776
0.999782
0.999788
0.999793
0.999799
0.999804
0.999809
0.999815
0.99982
0.999825
0.99983
0.999835
0.999841
0.999846
0.999851
0.999856
0.99986
0.999865
0.99987
0.999875
0.99988
0.999884
0.999889
0.999893
0.999898
0.999902
0.999906
0.99991
0.999914
0.999918
0.999922
0.999926
0.99993
0.999933
0.999937
0.99994
0.999944
0.999947
0.99995
0.999953
0.999956
0.999959
0.999962
0.999965
0.999968
0.99997
0.999973
0.999976
0.999978
0.99998
0.999983
0.999985
0.999987
0.99999
0.999992
0.999994
0.999997
0.999999
1
1
1
1
1
1
1
1
1
1
1
1
1
1
0.999604
0.999637
0.999663
0.999684
0.999701
0.999715
0.999727
0.999738
0.999747
0.999755
0.999762
0.999769
0.999775
0.999782
0.999787
0.999793
0.999799
0.999804
0.999809
0.999815
0.99982
0.999825
0.99983
0.999835
0.999841
0.999846
0.999851
0.999856
0.99986
0.999865
0.99987
0.999875
0.99988
0.999884
0.999889
0.999893
0.999898
0.999902
0.999906
0.99991
0.999914
0.999918
0.999922
0.999926
0.99993
0.999934
0.999937
0.999941
0.999944
0.999947
0.99995
0.999953
0.999956
0.999959
0.999962
0.999965
0.999968
0.99997
0.999973
0.999976
0.999978
0.99998
0.999983
0.999985
0.999987
0.99999
0.999992
0.999994
0.999997
0.999999
1
1
1
1
1
1
1
1
1
1
1
1
1
1
0.999591
0.999628
0.999657
0.99968
0.999698
0.999713
0.999726
0.999737
0.999746
0.999754
0.999762
0.999769
0.999775
0.999781
0.999787
0.999793
0.999798
0.999804
0.999809
0.999815
0.99982
0.999825
0.99983
0.999835
0.99984
0.999846
0.999851
0.999856
0.99986
0.999865
0.99987
0.999875
0.99988
0.999884
0.999889
0.999893
0.999898
0.999902
0.999906
0.99991
0.999914
0.999918
0.999922
0.999926
0.99993
0.999934
0.999937
0.999941
0.999944
0.999947
0.99995
0.999953
0.999957
0.999959
0.999962
0.999965
0.999968
0.99997
0.999973
0.999976
0.999978
0.99998
0.999983
0.999985
0.999987
0.99999
0.999992
0.999994
0.999996
0.999999
1
1
1
1
1
1
1
1
1
1
1
1
1
1
0.999583
0.999622
0.999653
0.999677
0.999696
0.999712
0.999725
0.999736
0.999745
0.999754
0.999761
0.999768
0.999775
0.999781
0.999787
0.999793
0.999798
0.999804
0.999809
0.999814
0.99982
0.999825
0.99983
0.999835
0.99984
0.999846
0.999851
0.999856
0.99986
0.999865
0.99987
0.999875
0.99988
0.999884
0.999889
0.999893
0.999898
0.999902
0.999906
0.99991
0.999914
0.999918
0.999922
0.999926
0.99993
0.999934
0.999937
0.999941
0.999944
0.999947
0.99995
0.999954
0.999957
0.99996
0.999962
0.999965
0.999968
0.999971
0.999973
0.999976
0.999978
0.999981
0.999983
0.999985
0.999987
0.99999
0.999992
0.999994
0.999996
0.999998
1
1
1
1
1
1
1
1
1
1
1
1
1
1
0.999581
0.999622
0.999653
0.999677
0.999696
0.999711
0.999724
0.999735
0.999745
0.999753
0.999761
0.999768
0.999774
0.999781
0.999787
0.999792
0.999798
0.999804
0.999809
0.999814
0.99982
0.999825
0.99983
0.999835
0.99984
0.999845
0.999851
0.999855
0.99986
0.999865
0.99987
0.999875
0.99988
0.999884
0.999889
0.999893
0.999898
0.999902
0.999906
0.99991
0.999914
0.999918
0.999922
0.999926
0.99993
0.999934
0.999937
0.999941
0.999944
0.999947
0.99995
0.999954
0.999957
0.99996
0.999962
0.999965
0.999968
0.999971
0.999973
0.999976
0.999978
0.999981
0.999983
0.999985
0.999987
0.99999
0.999992
0.999994
0.999996
0.999998
1
1
1
1
1
1
1
1
1
1
1
1
1
1
0.999585
0.999626
0.999656
0.999678
0.999696
0.999711
0.999724
0.999735
0.999744
0.999752
0.99976
0.999767
0.999774
0.99978
0.999786
0.999792
0.999798
0.999803
0.999809
0.999814
0.99982
0.999825
0.99983
0.999835
0.99984
0.999845
0.99985
0.999855
0.99986
0.999865
0.99987
0.999875
0.99988
0.999884
0.999889
0.999893
0.999898
0.999902
0.999906
0.99991
0.999914
0.999918
0.999922
0.999926
0.99993
0.999934
0.999937
0.999941
0.999944
0.999947
0.99995
0.999954
0.999957
0.99996
0.999962
0.999965
0.999968
0.999971
0.999973
0.999976
0.999978
0.999981
0.999983
0.999985
0.999988
0.99999
0.999992
0.999994
0.999996
0.999998
0.999999
1
1
1
1
1
1
1
1
1
1
1
1
1
0.999601
0.999639
0.999663
0.999682
0.999698
0.999711
0.999723
0.999734
0.999744
0.999752
0.99976
0.999767
0.999773
0.99978
0.999786
0.999792
0.999797
0.999803
0.999809
0.999814
0.999819
0.999825
0.99983
0.999835
0.99984
0.999845
0.99985
0.999855
0.99986
0.999865
0.99987
0.999875
0.99988
0.999884
0.999889
0.999893
0.999898
0.999902
0.999906
0.99991
0.999914
0.999918
0.999922
0.999926
0.99993
0.999934
0.999937
0.999941
0.999944
0.999947
0.999951
0.999954
0.999957
0.99996
0.999962
0.999965
0.999968
0.999971
0.999973
0.999976
0.999978
0.999981
0.999983
0.999985
0.999988
0.99999
0.999992
0.999994
0.999996
0.999998
1
1
1
1
1
1
1
1
1
1
1
1
1
1
0.999641
0.99966
0.999672
0.999685
0.999699
0.999712
0.999723
0.999734
0.999743
0.999751
0.999759
0.999766
0.999773
0.999779
0.999785
0.999791
0.999797
0.999803
0.999808
0.999814
0.999819
0.999825
0.99983
0.999835
0.99984
0.999845
0.99985
0.999855
0.99986
0.999865
0.99987
0.999875
0.999879
0.999884
0.999889
0.999893
0.999898
0.999902
0.999906
0.99991
0.999914
0.999919
0.999922
0.999926
0.99993
0.999934
0.999937
0.999941
0.999944
0.999947
0.999951
0.999954
0.999957
0.99996
0.999963
0.999965
0.999968
0.999971
0.999973
0.999976
0.999978
0.999981
0.999983
0.999985
0.999988
0.99999
0.999992
0.999994
0.999996
0.999998
1
1
1
1
1
1
1
1
1
1
1
1
1
1
1
0.999684
0.999678
0.999687
0.999699
0.999712
0.999723
0.999734
0.999743
0.999751
0.999759
0.999766
0.999773
0.999779
0.999785
0.999791
0.999797
0.999803
0.999808
0.999814
0.999819
0.999825
0.99983
0.999835
0.99984
0.999845
0.99985
0.999855
0.99986
0.999865
0.99987
0.999875
0.999879
0.999884
0.999889
0.999893
0.999898
0.999902
0.999906
0.99991
0.999914
0.999919
0.999922
0.999926
0.99993
0.999934
0.999937
0.999941
0.999944
0.999947
0.999951
0.999954
0.999957
0.99996
0.999963
0.999965
0.999968
0.999971
0.999973
0.999976
0.999978
0.999981
0.999983
0.999985
0.999988
0.99999
0.999992
0.999994
0.999996
0.999999
1
1
1
1
1
1
1
1
1
1
1
1
1
1
1
0.999651
0.999668
0.999684
0.999698
0.999712
0.999723
0.999733
0.999743
0.999751
0.999759
0.999766
0.999772
0.999779
0.999785
0.999791
0.999797
0.999802
0.999808
0.999814
0.999819
0.999824
0.99983
0.999835
0.99984
0.999845
0.99985
0.999855
0.99986
0.999865
0.99987
0.999875
0.999879
0.999884
0.999889
0.999893
0.999898
0.999902
0.999906
0.99991
0.999914
0.999919
0.999922
0.999926
0.99993
0.999934
0.999937
0.999941
0.999944
0.999947
0.999951
0.999954
0.999957
0.99996
0.999963
0.999965
0.999968
0.999971
0.999973
0.999976
0.999978
0.999981
0.999983
0.999985
0.999988
0.99999
0.999992
0.999994
0.999997
0.999999
1
1
1
1
1
1
1
1
1
1
1
1
1
1
1
0.99962
0.999657
0.999681
0.999698
0.999712
0.999724
0.999734
0.999743
0.999751
0.999759
0.999766
0.999772
0.999779
0.999785
0.999791
0.999797
0.999802
0.999808
0.999813
0.999819
0.999824
0.99983
0.999835
0.99984
0.999845
0.99985
0.999855
0.99986
0.999865
0.99987
0.999875
0.999879
0.999884
0.999889
0.999893
0.999898
0.999902
0.999906
0.99991
0.999914
0.999918
0.999922
0.999926
0.99993
0.999934
0.999937
0.999941
0.999944
0.999947
0.999951
0.999954
0.999957
0.99996
0.999963
0.999965
0.999968
0.999971
0.999973
0.999976
0.999978
0.999981
0.999983
0.999985
0.999988
0.99999
0.999992
0.999994
0.999997
0.999999
1
1
1
1
1
1
1
1
1
1
1
1
1
1
1
0.999616
0.999658
0.999682
0.999699
0.999713
0.999725
0.999735
0.999743
0.999751
0.999759
0.999766
0.999772
0.999779
0.999785
0.999791
0.999796
0.999802
0.999808
0.999813
0.999819
0.999824
0.999829
0.999835
0.99984
0.999845
0.99985
0.999855
0.99986
0.999865
0.99987
0.999875
0.999879
0.999884
0.999889
0.999893
0.999897
0.999902
0.999906
0.99991
0.999914
0.999918
0.999922
0.999926
0.99993
0.999934
0.999937
0.999941
0.999944
0.999948
0.999951
0.999954
0.999957
0.99996
0.999963
0.999966
0.999968
0.999971
0.999973
0.999976
0.999978
0.999981
0.999983
0.999986
0.999988
0.99999
0.999992
0.999994
0.999997
0.999999
1
1
1
1
1
1
1
1
1
1
1
1
1
1
1
1
0.999672
0.999689
0.999703
0.999716
0.999727
0.999736
0.999744
0.999752
0.999759
0.999766
0.999772
0.999779
0.999785
0.999791
0.999796
0.999802
0.999808
0.999813
0.999819
0.999824
0.999829
0.999835
0.99984
0.999845
0.99985
0.999855
0.99986
0.999865
0.99987
0.999874
0.999879
0.999884
0.999888
0.999893
0.999897
0.999902
0.999906
0.99991
0.999914
0.999918
0.999922
0.999926
0.99993
0.999934
0.999937
0.999941
0.999944
0.999948
0.999951
0.999954
0.999957
0.99996
0.999963
0.999966
0.999968
0.999971
0.999974
0.999976
0.999979
0.999981
0.999983
0.999986
0.999988
0.99999
0.999992
0.999994
0.999997
0.999999
1
1
1
1
1
1
1
1
1
1
1
1
1
1
1
1
0.999684
0.999697
0.999709
0.99972
0.999729
0.999738
0.999746
0.999753
0.99976
0.999767
0.999773
0.999779
0.999785
0.999791
0.999796
0.999802
0.999808
0.999813
0.999819
0.999824
0.999829
0.999834
0.99984
0.999845
0.99985
0.999855
0.99986
0.999865
0.99987
0.999874
0.999879
0.999884
0.999888
0.999893
0.999897
0.999902
0.999906
0.99991
0.999914
0.999918
0.999922
0.999926
0.99993
0.999934
0.999937
0.999941
0.999944
0.999948
0.999951
0.999954
0.999957
0.99996
0.999963
0.999966
0.999968
0.999971
0.999974
0.999976
0.999979
0.999981
0.999983
0.999986
0.999988
0.99999
0.999992
0.999994
0.999997
0.999999
1
1
1
1
1
1
1
1
1
1
1
1
1
1
1
1
0.999694
0.999705
0.999715
0.999725
0.999733
0.999741
0.999748
0.999755
0.999761
0.999767
0.999773
0.999779
0.999785
0.999791
0.999796
0.999802
0.999808
0.999813
0.999818
0.999824
0.999829
0.999834
0.99984
0.999845
0.99985
0.999855
0.99986
0.999865
0.999869
0.999874
0.999879
0.999884
0.999888
0.999893
0.999897
0.999902
0.999906
0.99991
0.999914
0.999918
0.999922
0.999926
0.99993
0.999934
0.999937
0.999941
0.999944
0.999948
0.999951
0.999954
0.999957
0.99996
0.999963
0.999966
0.999968
0.999971
0.999974
0.999976
0.999979
0.999981
0.999983
0.999986
0.999988
0.99999
0.999992
0.999995
0.999997
0.999999
1
1
1
1
1
1
1
1
1
1
1
1
1
1
1
1
0.999703
0.999713
0.999722
0.99973
0.999737
0.999744
0.99975
0.999757
0.999763
0.999768
0.999774
0.99978
0.999785
0.999791
0.999797
0.999802
0.999808
0.999813
0.999818
0.999824
0.999829
0.999834
0.999839
0.999844
0.99985
0.999855
0.99986
0.999864
0.999869
0.999874
0.999879
0.999884
0.999888
0.999893
0.999897
0.999902
0.999906
0.99991
0.999914
0.999918
0.999922
0.999926
0.99993
0.999934
0.999937
0.999941
0.999944
0.999948
0.999951
0.999954
0.999957
0.99996
0.999963
0.999966
0.999968
0.999971
0.999974
0.999976
0.999979
0.999981
0.999983
0.999986
0.999988
0.99999
0.999992
0.999995
0.999997
0.999999
1
1
1
1
1
1
1
1
1
1
1
1
1
1
1
1
0.999716
0.999723
0.99973
0.999736
0.999742
0.999748
0.999753
0.999759
0.999764
0.99977
0.999775
0.999781
0.999786
0.999791
0.999797
0.999802
0.999808
0.999813
0.999818
0.999824
0.999829
0.999834
0.999839
0.999844
0.999849
0.999854
0.999859
0.999864
0.999869
0.999874
0.999879
0.999883
0.999888
0.999893
0.999897
0.999901
0.999906
0.99991
0.999914
0.999918
0.999922
0.999926
0.99993
0.999934
0.999937
0.999941
0.999944
0.999948
0.999951
0.999954
0.999957
0.99996
0.999963
0.999966
0.999969
0.999971
0.999974
0.999976
0.999979
0.999981
0.999983
0.999986
0.999988
0.99999
0.999992
0.999994
0.999997
0.999999
1
1
1
1
1
1
1
1
1
1
1
1
1
1
1
1
0.99973
0.999733
0.999737
0.999742
0.999747
0.999751
0.999756
0.999761
0.999766
0.999771
0.999776
0.999781
0.999787
0.999792
0.999797
0.999802
0.999808
0.999813
0.999818
0.999823
0.999829
0.999834
0.999839
0.999844
0.999849
0.999854
0.999859
0.999864
0.999869
0.999874
0.999879
0.999883
0.999888
0.999892
0.999897
0.999901
0.999906
0.99991
0.999914
0.999918
0.999922
0.999926
0.99993
0.999934
0.999937
0.999941
0.999944
0.999948
0.999951
0.999954
0.999957
0.99996
0.999963
0.999966
0.999969
0.999971
0.999974
0.999976
0.999979
0.999981
0.999984
0.999986
0.999988
0.99999
0.999992
0.999994
0.999996
0.999998
1
1
1
1
1
1
1
1
1
1
1
1
1
1
1
1
0.999742
0.999743
0.999745
0.999748
0.999751
0.999755
0.999759
0.999764
0.999768
0.999773
0.999777
0.999782
0.999787
0.999792
0.999797
0.999802
0.999808
0.999813
0.999818
0.999823
0.999828
0.999834
0.999839
0.999844
0.999849
0.999854
0.999859
0.999864
0.999869
0.999874
0.999878
0.999883
0.999888
0.999892
0.999897
0.999901
0.999906
0.99991
0.999914
0.999918
0.999922
0.999926
0.99993
0.999934
0.999937
0.999941
0.999944
0.999948
0.999951
0.999954
0.999957
0.99996
0.999963
0.999966
0.999969
0.999971
0.999974
0.999976
0.999979
0.999981
0.999984
0.999986
0.999988
0.99999
0.999992
0.999994
0.999996
0.999998
1
1
1
1
1
1
1
1
1
1
1
1
1
1
1
1
0.999751
0.99975
0.999751
0.999753
0.999756
0.999759
0.999763
0.999766
0.99977
0.999774
0.999779
0.999783
0.999788
0.999793
0.999798
0.999803
0.999808
0.999813
0.999818
0.999823
0.999828
0.999833
0.999838
0.999844
0.999849
0.999854
0.999859
0.999864
0.999868
0.999873
0.999878
0.999883
0.999888
0.999892
0.999897
0.999901
0.999905
0.99991
0.999914
0.999918
0.999922
0.999926
0.99993
0.999934
0.999937
0.999941
0.999944
0.999948
0.999951
0.999954
0.999957
0.99996
0.999963
0.999966
0.999969
0.999971
0.999974
0.999976
0.999979
0.999981
0.999984
0.999986
0.999988
0.99999
0.999992
0.999994
0.999996
0.999998
1
1
1
1
1
1
1
1
1
1
1
1
1
1
1
1
0.999758
0.999756
0.999756
0.999758
0.99976
0.999763
0.999766
0.999769
0.999773
0.999776
0.99978
0.999784
0.999788
0.999793
0.999798
0.999803
0.999808
0.999813
0.999818
0.999823
0.999828
0.999833
0.999838
0.999843
0.999848
0.999853
0.999858
0.999863
0.999868
0.999873
0.999878
0.999883
0.999887
0.999892
0.999896
0.999901
0.999905
0.99991
0.999914
0.999918
0.999922
0.999926
0.99993
0.999934
0.999937
0.999941
0.999944
0.999948
0.999951
0.999954
0.999957
0.99996
0.999963
0.999966
0.999969
0.999971
0.999974
0.999977
0.999979
0.999981
0.999984
0.999986
0.999988
0.99999
0.999992
0.999994
0.999996
0.999998
1
1
1
1
1
1
1
1
1
1
1
1
1
1
1
1
0.999759
0.999759
0.99976
0.999762
0.999765
0.999767
0.999769
0.999772
0.999775
0.999778
0.999781
0.999785
0.999789
0.999793
0.999798
0.999803
0.999807
0.999812
0.999817
0.999822
0.999828
0.999833
0.999838
0.999843
0.999848
0.999853
0.999858
0.999863
0.999868
0.999873
0.999878
0.999882
0.999887
0.999892
0.999896
0.999901
0.999905
0.99991
0.999914
0.999918
0.999922
0.999926
0.99993
0.999934
0.999937
0.999941
0.999944
0.999948
0.999951
0.999954
0.999957
0.99996
0.999963
0.999966
0.999969
0.999972
0.999974
0.999977
0.999979
0.999981
0.999984
0.999986
0.999988
0.99999
0.999992
0.999995
0.999997
0.999999
1
1
1
1
1
1
1
1
1
1
1
1
1
1
1
1
0.999755
0.999759
0.999764
0.999767
0.999769
0.999771
0.999773
0.999775
0.999777
0.99978
0.999783
0.999786
0.99979
0.999794
0.999798
0.999803
0.999807
0.999812
0.999817
0.999822
0.999827
0.999832
0.999837
0.999842
0.999848
0.999853
0.999858
0.999863
0.999868
0.999872
0.999877
0.999882
0.999887
0.999891
0.999896
0.999901
0.999905
0.999909
0.999914
0.999918
0.999922
0.999926
0.99993
0.999934
0.999937
0.999941
0.999944
0.999948
0.999951
0.999954
0.999957
0.99996
0.999963
0.999966
0.999969
0.999972
0.999974
0.999977
0.999979
0.999982
0.999984
0.999986
0.999988
0.99999
0.999992
0.999995
0.999997
0.999999
1
1
1
1
1
1
1
1
1
1
1
1
1
1
1
0.999713
0.999745
0.99976
0.999768
0.999772
0.999774
0.999775
0.999776
0.999777
0.999779
0.999781
0.999784
0.999787
0.99979
0.999794
0.999798
0.999802
0.999807
0.999812
0.999817
0.999822
0.999827
0.999832
0.999837
0.999842
0.999847
0.999852
0.999857
0.999862
0.999867
0.999872
0.999877
0.999882
0.999887
0.999891
0.999896
0.9999
0.999905
0.999909
0.999914
0.999918
0.999922
0.999926
0.99993
0.999934
0.999937
0.999941
0.999944
0.999948
0.999951
0.999954
0.999957
0.999961
0.999963
0.999966
0.999969
0.999972
0.999974
0.999977
0.999979
0.999982
0.999984
0.999986
0.999988
0.99999
0.999993
0.999995
0.999997
0.999999
1
1
1
1
1
1
1
1
1
1
1
1
1
1
1
0.999714
0.99975
0.999767
0.999775
0.999778
0.999779
0.99978
0.99978
0.99978
0.999781
0.999783
0.999785
0.999787
0.99979
0.999794
0.999798
0.999802
0.999807
0.999811
0.999816
0.999821
0.999826
0.999831
0.999836
0.999841
0.999847
0.999852
0.999857
0.999862
0.999867
0.999872
0.999877
0.999881
0.999886
0.999891
0.999896
0.9999
0.999905
0.999909
0.999913
0.999918
0.999922
0.999926
0.99993
0.999934
0.999937
0.999941
0.999944
0.999948
0.999951
0.999954
0.999958
0.999961
0.999964
0.999966
0.999969
0.999972
0.999974
0.999977
0.999979
0.999982
0.999984
0.999986
0.999988
0.99999
0.999993
0.999995
0.999997
0.999999
1
1
1
1
1
1
1
1
1
1
1
1
1
1
1
0.999746
0.999771
0.999781
0.999785
0.999786
0.999786
0.999784
0.999783
0.999783
0.999783
0.999784
0.999785
0.999787
0.99979
0.999794
0.999798
0.999802
0.999806
0.999811
0.999816
0.999821
0.999826
0.999831
0.999836
0.999841
0.999846
0.999851
0.999856
0.999861
0.999866
0.999871
0.999876
0.999881
0.999886
0.999891
0.999895
0.9999
0.999904
0.999909
0.999913
0.999917
0.999922
0.999926
0.99993
0.999933
0.999937
0.999941
0.999944
0.999948
0.999951
0.999954
0.999958
0.999961
0.999964
0.999966
0.999969
0.999972
0.999974
0.999977
0.999979
0.999982
0.999984
0.999986
0.999988
0.999991
0.999993
0.999995
0.999996
0.999998
1
1
1
1
1
1
1
1
1
1
1
1
1
1
1
1
0.999803
0.9998
0.999798
0.999795
0.999792
0.999789
0.999786
0.999785
0.999784
0.999784
0.999785
0.999787
0.99979
0.999793
0.999797
0.999801
0.999805
0.99981
0.999815
0.99982
0.999825
0.99983
0.999835
0.99984
0.999845
0.99985
0.999856
0.999861
0.999866
0.999871
0.999876
0.999881
0.999886
0.99989
0.999895
0.9999
0.999904
0.999909
0.999913
0.999917
0.999921
0.999926
0.99993
0.999933
0.999937
0.999941
0.999944
0.999948
0.999951
0.999954
0.999958
0.999961
0.999964
0.999967
0.999969
0.999972
0.999975
0.999977
0.999979
0.999982
0.999984
0.999986
0.999989
0.999991
0.999993
0.999995
0.999996
0.999998
1
1
1
1
1
1
1
1
1
1
1
1
1
1
1
1
0.99961
0.999815
0.999811
0.999804
0.999797
0.999792
0.999788
0.999786
0.999784
0.999784
0.999785
0.999787
0.999789
0.999793
0.999796
0.9998
0.999805
0.999809
0.999814
0.999819
0.999824
0.999829
0.999834
0.999839
0.999845
0.99985
0.999855
0.99986
0.999865
0.99987
0.999875
0.99988
0.999885
0.99989
0.999895
0.999899
0.999904
0.999908
0.999913
0.999917
0.999921
0.999925
0.999929
0.999933
0.999937
0.999941
0.999944
0.999948
0.999951
0.999955
0.999958
0.999961
0.999964
0.999967
0.999969
0.999972
0.999975
0.999977
0.99998
0.999982
0.999984
0.999986
0.999989
0.999991
0.999993
0.999995
0.999997
0.999998
1
1
1
1
1
1
1
1
1
1
1
1
1
1
1
1
1
0.99984
0.999823
0.99981
0.9998
0.999794
0.999789
0.999786
0.999784
0.999784
0.999784
0.999786
0.999788
0.999791
0.999795
0.999799
0.999803
0.999808
0.999813
0.999818
0.999823
0.999828
0.999833
0.999839
0.999844
0.999849
0.999854
0.99986
0.999865
0.99987
0.999875
0.99988
0.999885
0.99989
0.999894
0.999899
0.999904
0.999908
0.999913
0.999917
0.999921
0.999925
0.999929
0.999933
0.999937
0.999941
0.999944
0.999948
0.999951
0.999955
0.999958
0.999961
0.999964
0.999967
0.999969
0.999972
0.999975
0.999977
0.99998
0.999982
0.999984
0.999987
0.999989
0.999991
0.999993
0.999995
0.999997
0.999999
1
1
1
1
1
1
1
1
1
1
1
1
1
1
1
1
1
1
0.999827
0.999809
0.999799
0.999793
0.999788
0.999784
0.999783
0.999782
0.999783
0.999784
0.999787
0.99979
0.999794
0.999798
0.999802
0.999807
0.999812
0.999817
0.999822
0.999827
0.999833
0.999838
0.999843
0.999848
0.999854
0.999859
0.999864
0.999869
0.999874
0.999879
0.999884
0.999889
0.999894
0.999899
0.999903
0.999908
0.999912
0.999917
0.999921
0.999925
0.999929
0.999933
0.999937
0.999941
0.999944
0.999948
0.999951
0.999955
0.999958
0.999961
0.999964
0.999967
0.99997
0.999972
0.999975
0.999977
0.99998
0.999982
0.999984
0.999987
0.999989
0.999991
0.999993
0.999995
0.999997
0.999999
1
1
1
1
1
1
1
1
1
1
1
1
1
1
1
1
1
1
0.999751
0.999798
0.999794
0.999789
0.999785
0.999782
0.99978
0.999779
0.99978
0.999782
0.999784
0.999788
0.999792
0.999796
0.999801
0.999805
0.999811
0.999816
0.999821
0.999826
0.999832
0.999837
0.999842
0.999848
0.999853
0.999858
0.999864
0.999869
0.999874
0.999879
0.999884
0.999889
0.999894
0.999899
0.999903
0.999908
0.999912
0.999917
0.999921
0.999925
0.999929
0.999933
0.999937
0.999941
0.999944
0.999948
0.999951
0.999955
0.999958
0.999961
0.999964
0.999967
0.99997
0.999972
0.999975
0.999977
0.99998
0.999982
0.999985
0.999987
0.999989
0.999991
0.999993
0.999995
0.999997
0.999999
1
1
1
1
1
1
1
1
1
1
1
1
1
1
1
1
1
1
1
0.99979
0.999787
0.999783
0.99978
0.999777
0.999776
0.999775
0.999777
0.999779
0.999782
0.999785
0.999789
0.999794
0.999799
0.999804
0.999809
0.999814
0.99982
0.999825
0.999831
0.999836
0.999841
0.999847
0.999852
0.999858
0.999863
0.999868
0.999873
0.999879
0.999884
0.999889
0.999893
0.999898
0.999903
0.999908
0.999912
0.999917
0.999921
0.999925
0.999929
0.999933
0.999937
0.999941
0.999944
0.999948
0.999951
0.999955
0.999958
0.999961
0.999964
0.999967
0.99997
0.999972
0.999975
0.999978
0.99998
0.999982
0.999985
0.999987
0.999989
0.999991
0.999993
0.999995
0.999997
0.999999
1
1
1
1
1
1
1
1
1
1
1
1
1
1
1
1
1
1
1
0.999761
0.999777
0.999776
0.999773
0.999771
0.99977
0.99977
0.999772
0.999775
0.999778
0.999782
0.999787
0.999792
0.999797
0.999802
0.999807
0.999813
0.999818
0.999824
0.99983
0.999835
0.999841
0.999846
0.999852
0.999857
0.999862
0.999868
0.999873
0.999878
0.999883
0.999888
0.999893
0.999898
0.999903
0.999907
0.999912
0.999916
0.999921
0.999925
0.999929
0.999933
0.999937
0.999941
0.999944
0.999948
0.999951
0.999955
0.999958
0.999961
0.999964
0.999967
0.99997
0.999973
0.999975
0.999978
0.99998
0.999983
0.999985
0.999987
0.999989
0.999991
0.999993
0.999995
0.999997
1
1
1
1
1
1
1
1
1
1
1
1
1
1
1
1
1
1
1
1
1
0.999776
0.999768
0.999765
0.999763
0.999763
0.999764
0.999767
0.99977
0.999774
0.999779
0.999784
0.999789
0.999795
0.9998
0.999806
0.999811
0.999817
0.999823
0.999828
0.999834
0.99984
0.999845
0.999851
0.999856
0.999862
0.999867
0.999872
0.999878
0.999883
0.999888
0.999893
0.999898
0.999902
0.999907
0.999912
0.999916
0.999921
0.999925
0.999929
0.999933
0.999937
0.999941
0.999944
0.999948
0.999951
0.999955
0.999958
0.999961
0.999964
0.999967
0.99997
0.999973
0.999975
0.999978
0.99998
0.999983
0.999985
0.999987
0.999989
0.999991
0.999993
0.999995
0.999997
1
1
1
1
1
1
1
1
1
1
1
1
1
1
1
1
1
1
1
1
1
0.99974
0.999755
0.999754
0.999753
0.999754
0.999756
0.99976
0.999765
0.99977
0.999775
0.999781
0.999787
0.999792
0.999798
0.999804
0.99981
0.999816
0.999822
0.999827
0.999833
0.999839
0.999844
0.99985
0.999856
0.999861
0.999866
0.999872
0.999877
0.999882
0.999887
0.999892
0.999897
0.999902
0.999907
0.999912
0.999916
0.99992
0.999925
0.999929
0.999933
0.999937
0.999941
0.999944
0.999948
0.999952
0.999955
0.999958
0.999961
0.999964
0.999967
0.99997
0.999973
0.999975
0.999978
0.99998
0.999983
0.999985
0.999987
0.999989
0.999991
0.999993
0.999995
0.999997
0.999999
1
1
1
1
1
1
1
1
1
1
1
1
1
1
1
1
1
1
1
1
0.999758
0.999756
0.999745
0.999741
0.999742
0.999747
0.999752
0.999759
0.999765
0.999771
0.999777
0.999784
0.99979
0.999796
0.999802
0.999808
0.999814
0.99982
0.999826
0.999832
0.999838
0.999844
0.999849
0.999855
0.99986
0.999866
0.999871
0.999877
0.999882
0.999887
0.999892
0.999897
0.999902
0.999907
0.999911
0.999916
0.99992
0.999925
0.999929
0.999933
0.999937
0.999941
0.999944
0.999948
0.999952
0.999955
0.999958
0.999961
0.999964
0.999967
0.99997
0.999973
0.999976
0.999978
0.999981
0.999983
0.999985
0.999987
0.99999
0.999992
0.999993
0.999995
0.999997
0.999999
1
1
1
1
1
1
1
1
1
1
1
1
1
1
1
1
1
1
1
1
1
0.999766
0.999728
0.999724
0.999728
0.999736
0.999744
0.999752
0.99976
0.999767
0.999774
0.999781
0.999788
0.999794
0.9998
0.999807
0.999813
0.999819
0.999825
0.999831
0.999837
0.999843
0.999849
0.999854
0.99986
0.999865
0.999871
0.999876
0.999882
0.999887
0.999892
0.999897
0.999902
0.999906
0.999911
0.999916
0.99992
0.999924
0.999929
0.999933
0.999937
0.999941
0.999944
0.999948
0.999952
0.999955
0.999958
0.999961
0.999965
0.999968
0.99997
0.999973
0.999976
0.999978
0.999981
0.999983
0.999985
0.999988
0.99999
0.999992
0.999994
0.999995
0.999997
0.999998
1
1
1
1
1
1
1
1
1
1
1
1
1
1
1
1
1
1
1
1
1
0.999659
0.999682
0.999698
0.999712
0.999724
0.999735
0.999745
0.999754
0.999763
0.999771
0.999778
0.999785
0.999792
0.999799
0.999805
0.999812
0.999818
0.999824
0.99983
0.999836
0.999842
0.999848
0.999854
0.999859
0.999865
0.99987
0.999876
0.999881
0.999886
0.999891
0.999897
0.999901
0.999906
0.999911
0.999916
0.99992
0.999924
0.999929
0.999933
0.999937
0.999941
0.999944
0.999948
0.999952
0.999955
0.999958
0.999962
0.999965
0.999968
0.999971
0.999973
0.999976
0.999979
0.999981
0.999983
0.999986
0.999988
0.99999
0.999992
0.999994
0.999995
0.999997
0.999998
0.999999
1
1
1
1
1
1
1
1
1
1
1
1
1
1
1
1
1
1
1
1
0.999583
0.999642
0.999674
0.999696
0.999713
0.999727
0.999739
0.99975
0.999759
0.999768
0.999775
0.999783
0.99979
0.999797
0.999804
0.99981
0.999817
0.999823
0.999829
0.999835
0.999841
0.999847
0.999853
0.999859
0.999864
0.99987
0.999875
0.999881
0.999886
0.999891
0.999896
0.999901
0.999906
0.999911
0.999915
0.99992
0.999924
0.999929
0.999933
0.999937
0.999941
0.999944
0.999948
0.999952
0.999955
0.999958
0.999962
0.999965
0.999968
0.999971
0.999973
0.999976
0.999979
0.999981
0.999984
0.999986
0.999988
0.99999
0.999992
0.999994
0.999996
0.999997
0.999998
0.999999
1
1
1
1
1
1
1
1
1
1
1
1
1
1
1
1
1
1
1
1
1
0.999625
0.999658
0.999684
0.999704
0.99972
0.999734
0.999745
0.999756
0.999765
0.999773
0.999781
0.999788
0.999796
0.999802
0.999809
0.999816
0.999822
0.999828
0.999834
0.999841
0.999846
0.999852
0.999858
0.999864
0.999869
0.999875
0.99988
0.999886
0.999891
0.999896
0.999901
0.999906
0.999911
0.999915
0.99992
0.999924
0.999928
0.999933
0.999937
0.999941
0.999944
0.999948
0.999952
0.999955
0.999958
0.999962
0.999965
0.999968
0.999971
0.999974
0.999976
0.999979
0.999981
0.999984
0.999986
0.999988
0.99999
0.999992
0.999994
0.999996
0.999997
0.999998
0.999999
1
1
1
1
1
1
1
1
1
1
1
1
1
1
1
1
1
1
1
1
1
0.999612
0.999648
0.999676
0.999698
0.999716
0.99973
0.999742
0.999753
0.999762
0.999771
0.999779
0.999787
0.999794
0.999801
0.999808
0.999815
0.999821
0.999827
0.999834
0.99984
0.999846
0.999852
0.999858
0.999863
0.999869
0.999875
0.99988
0.999885
0.999891
0.999896
0.999901
0.999906
0.99991
0.999915
0.99992
0.999924
0.999928
0.999933
0.999937
0.999941
0.999944
0.999948
0.999952
0.999955
0.999959
0.999962
0.999965
0.999968
0.999971
0.999974
0.999976
0.999979
0.999982
0.999984
0.999986
0.999989
0.999991
0.999993
0.999995
0.999996
0.999998
0.999999
1
1
1
1
1
1
1
1
1
1
1
1
1
1
1
1
1
1
1
1
1
1
0.999606
0.999645
0.999674
0.999696
0.999714
0.999728
0.99974
0.999751
0.999761
0.99977
0.999778
0.999786
0.999793
0.9998
0.999807
0.999814
0.99982
0.999827
0.999833
0.999839
0.999845
0.999851
0.999857
0.999863
0.999869
0.999874
0.99988
0.999885
0.99989
0.999896
0.999901
0.999906
0.99991
0.999915
0.99992
0.999924
0.999928
0.999933
0.999937
0.999941
0.999944
0.999948
0.999952
0.999955
0.999959
0.999962
0.999965
0.999968
0.999971
0.999974
0.999977
0.999979
0.999982
0.999984
0.999987
0.999989
0.999991
0.999993
0.999995
0.999997
0.999998
0.999999
1
1
1
1
1
1
1
1
1
1
1
1
1
1
1
1
1
1
1
1
1
1
0.999611
0.999649
0.999677
0.999698
0.999714
0.999728
0.99974
0.99975
0.99976
0.999768
0.999777
0.999785
0.999792
0.999799
0.999806
0.999813
0.99982
0.999826
0.999833
0.999839
0.999845
0.999851
0.999857
0.999863
0.999868
0.999874
0.99988
0.999885
0.99989
0.999895
0.9999
0.999905
0.99991
0.999915
0.999919
0.999924
0.999928
0.999932
0.999937
0.999941
0.999944
0.999948
0.999952
0.999955
0.999959
0.999962
0.999965
0.999968
0.999971
0.999974
0.999977
0.999979
0.999982
0.999985
0.999987
0.999989
0.999991
0.999994
0.999995
0.999997
0.999999
1
1
1
1
1
1
1
1
1
1
1
1
1
1
1
1
1
1
1
1
1
1
1
0.999631
0.999662
0.999685
0.999703
0.999717
0.999729
0.99974
0.99975
0.999759
0.999768
0.999776
0.999784
0.999791
0.999799
0.999806
0.999812
0.999819
0.999826
0.999832
0.999838
0.999845
0.999851
0.999857
0.999862
0.999868
0.999874
0.999879
0.999885
0.99989
0.999895
0.9999
0.999905
0.99991
0.999915
0.999919
0.999924
0.999928
0.999932
0.999937
0.999941
0.999944
0.999948
0.999952
0.999955
0.999959
0.999962
0.999965
0.999968
0.999971
0.999974
0.999977
0.99998
0.999982
0.999985
0.999987
0.99999
0.999992
0.999994
0.999996
0.999998
1
1
1
1
1
1
1
1
1
1
1
1
1
1
1
1
1
1
1
1
1
1
1
1
0.999664
0.999683
0.999697
0.99971
0.999721
0.999731
0.999741
0.99975
0.999759
0.999767
0.999775
0.999783
0.999791
0.999798
0.999805
0.999812
0.999819
0.999825
0.999832
0.999838
0.999844
0.99985
0.999856
0.999862
0.999868
0.999874
0.999879
0.999885
0.99989
0.999895
0.9999
0.999905
0.99991
0.999915
0.999919
0.999924
0.999928
0.999932
0.999937
0.999941
0.999944
0.999948
0.999952
0.999955
0.999959
0.999962
0.999965
0.999968
0.999971
0.999974
0.999977
0.99998
0.999982
0.999985
0.999987
0.99999
0.999992
0.999994
0.999997
0.999999
1
1
1
1
1
1
1
1
1
1
1
1
1
1
1
1
1
1
1
1
1
1
1
1
1
0.999708
0.999711
0.999717
0.999725
0.999734
0.999742
0.999751
0.999759
0.999767
0.999775
0.999783
0.99979
0.999798
0.999805
0.999812
0.999818
0.999825
0.999831
0.999838
0.999844
0.99985
0.999856
0.999862
0.999868
0.999873
0.999879
0.999884
0.99989
0.999895
0.9999
0.999905
0.99991
0.999915
0.999919
0.999924
0.999928
0.999932
0.999936
0.99994
0.999944
0.999948
0.999952
0.999955
0.999959
0.999962
0.999965
0.999968
0.999971
0.999974
0.999977
0.99998
0.999983
0.999985
0.999988
0.99999
0.999993
0.999995
0.999997
0.999999
1
1
1
1
1
1
0.997174
0.991708
0.99223
0.986151
0.982607
0.980232
0.978799
0.978831
0.979427
0.980259
0.981184
0.982467
0.984015
0.985727
0.98776
0.990342
0.991424
0.999697
1
0.999722
0.999719
0.999723
0.999729
0.999736
0.999744
0.999752
0.99976
0.999767
0.999775
0.999783
0.99979
0.999797
0.999805
0.999811
0.999818
0.999825
0.999831
0.999838
0.999844
0.99985
0.999856
0.999862
0.999868
0.999873
0.999879
0.999884
0.99989
0.999895
0.9999
0.999905
0.99991
0.999915
0.999919
0.999924
0.999928
0.999932
0.999936
0.99994
0.999944
0.999948
0.999952
0.999955
0.999959
0.999962
0.999965
0.999968
0.999971
0.999974
0.999977
0.99998
0.999983
0.999985
0.999988
0.99999
0.999993
0.999995
0.999998
1
1
1
1
1
0.916685
0.91698
0.916254
0.915311
0.91509
0.916488
0.915873
0.916366
0.916061
0.91632
0.91732
0.917474
0.918493
0.920576
0.919971
0.918825
0.916657
0.916352
0.915596
0.911838
0.925082
0.999722
0.999722
0.999725
0.999731
0.999737
0.999745
0.999752
0.99976
0.999768
0.999775
0.999783
0.99979
0.999797
0.999804
0.999811
0.999818
0.999825
0.999831
0.999837
0.999844
0.99985
0.999856
0.999862
0.999867
0.999873
0.999879
0.999884
0.99989
0.999895
0.9999
0.999905
0.99991
0.999915
0.999919
0.999924
0.999928
0.999932
0.999936
0.99994
0.999944
0.999948
0.999952
0.999955
0.999959
0.999962
0.999965
0.999968
0.999971
0.999974
0.999977
0.99998
0.999983
0.999985
0.999988
0.999991
0.999993
0.999996
0.999998
1
1
1
1
1
0.0559651
0.0565312
0.0565541
0.0569897
0.0555649
0.0550739
0.0541937
0.0555356
0.0560279
0.0552536
0.0546835
0.055272
0.0541816
0.052625
0.0525916
0.0536639
0.0552002
0.0555948
0.0563839
0.0589301
0.0614033
0.0584197
0.0654532
0.0855282
0.122387
0.182611
0.257231
0.37255
0.426859
0.538739
0.590209
0.636373
0.712143
0.73833
0.816104
0.749891
0.806523
0.999825
0.884992
0.909907
0.929592
0.99985
0.954171
0.999862
0.999867
0.999873
0.978793
0.999884
0.984831
0.999895
0.9999
0.990057
0.991163
0.99205
0.992636
0.993291
0.999928
0.999932
0.999936
0.994873
0.995134
0.999948
0.995572
0.995746
0.999959
0.996001
0.996136
0.999968
0.999971
0.996369
0.996415
0.99998
0.999983
0.999985
0.999988
0.999991
0.996536
0.999996
0.999998
1
0.996778
0.996857
0.996935
1
0.00837734
0.00773543
0.00839174
0.0074
0.00744948
0.00721002
0.00777227
0.00770239
0.00763427
0.00773118
0.00790001
0.00797472
0.00854914
0.00872682
0.00855276
0.00777607
0.00745057
0.00738212
0.00722527
0.00638013
0.00600353
0.00603601
0.00581906
0.00515214
0.00471257
0.00486395
0.00491967
0.00491212
0.0045252
0.00433547
0.00472706
0.00536686
0.00519569
0.00421157
0.0025576
0.00325863
0.00370958
0.00412856
0.0044953
0.00482131
0.00511791
0.00539716
0.00566105
0.00591271
0.00614632
0.00636276
0.00656102
0.00674314
0.0069084
0.00705956
0.00719649
0.00732033
0.00743262
0.00753371
0.00762428
0.00770491
0.00777641
0.00783866
0.00789242
0.00793825
0.00797692
0.0080093
0.00803578
0.00805719
0.00807413
0.00808683
0.00809608
0.00810196
0.00810507
0.00810574
0.00810417
0.00810088
0.00809645
0.00809118
0.0080849
0.0080778
0.00807045
0.00806286
0.00805637
0.00805993
0.00806349
0.00806648
0.00806854
0.0080693
0
0
0
0
0
0
0
0
0
0
0
0
0
0
0
0
0
0
0
0
0
0
0
0
0
0
0
0
0
0
0
0
0
0
0
0
0
0
0
0
0
0
0
0
0
0
0
0
0
0
0
0
0
0
0
0
0
0
0
0
0
0
0
0
0
0
0
0
0
0
0
0
0
0
0
0
0
0
0
0
0
0
0
0
0
0
0
0
0
0
0
0
0
0
0
0
0
0
0
0
0
0
0
0
0
0
0
0
0
0
0
0
0
0
0
0
0
0
0
0
0
0
0
0
0
0
0
0
0
0
0
0
0
0
0
0
0
0
0
0
0
0
0
0
0
0
0
0
0
0
0
0
0
0
0
0
0
0
0
0
0
0
0
0
0
0
0
0
0
0
0
0
0
0
0
0
0
0
0
0
0
0
0
0
0
0
0
0
0
0
0
0
0
0
0
0
0
0
0
0
0
0
0
0
0
0
0
0
0
0
0
0
0
0
0
0
0
0
0
0
0
0
0
0
0
0
0
0
0
0
0
0
0
0
0
0
0
0
0
0
0
0
0
0
0
0
0
0
0
0
0
0
0
0
0
0
0
0
0
0
0
0
0
0
0
0
0
0
0
0
0
0
0
0
0
0
0
0
0
0
0
0
0
0
0
0
0
0
0
0
0
0
0
0
0
0
0
0
0
0
0
0
0
0
0
0
0
0
0
0
0
0
0
0
0
0
0
0
0
0
0
0
0
0
0
0
0
0
0
0
0
0
0
0
0
0
0
0
0
0
0
0
0
0
0
0
0
0
0
0
0
0
0
0
0
0
0
0
0
0
0
0
0
0
0
0
0
0
0
0
0
0
0
0
0
0
0
0
0
0
0
0
0
0
0
0
0
0
0
0
0
0
0
0
0
0
0
0
0
0
0
0
0
0
0
0
0
0
0
0
0
0
0
0
0
0
0
0
0
0
0
0
0
0
0
0
0
0
0
0
0
0
0
0
0
0
0
0
0
0
0
0
0
0
0
0
0
0
0
0
0
0
0
0
0
0
0
0
0
0
0
0
0
0
0
0
0
0
0
0
0
0
0
0
0
0
0
0
0
0
0
0
0
0
0
0
0
0
0
0
0
0
0
0
0
0
0
0
0
0
0
0
0
0
)
;

boundaryField
{
    hot
    {
        type            calculated;
        value           nonuniform List<scalar> 
64
(
1
1
1
1
1
1
1
1
1
1
1
1
1
1
1
1
1
1
1
1
1
1
1
1
1
1
1
1
1
1
1
1
1
1
1
1
1
1
1
1
1
1
1
1
1
1
1
1
1
1
1
1
1
1
1
1
1
1
1
1
1
1
0.916685
0.0559651
)
;
    }
    hotTop
    {
        type            calculated;
        value           nonuniform List<scalar> 7(0.00837734 0 0 0 0 0 0);
    }
    cold
    {
        type            calculated;
        value           nonuniform List<scalar> 
64
(
1
1
1
1
1
1
1
1
1
1
1
1
1
1
1
1
1
1
1
1
1
1
1
1
1
1
1
1
1
1
1
1
1
1
1
1
1
1
1
1
1
1
1
1
1
1
1
1
1
1
1
1
1
1
1
1
1
1
1
1
1
1
1
1
)
;
    }
    coldTop
    {
        type            calculated;
        value           nonuniform List<scalar> 7(0.0080693 0 0 0 0 0 0);
    }
    top
    {
        type            calculated;
        value           uniform 0;
    }
    btm
    {
        type            calculated;
        value           nonuniform List<scalar> 
84
(
1
1
1
1
1
1
1
1
1
1
1
1
1
1
1
1
1
1
1
1
1
1
1
1
1
1
1
1
1
1
1
1
1
1
1
1
1
1
1
1
1
1
1
1
1
1
1
1
1
1
1
1
1
1
1
1
1
1
1
1
1
1
1
1
1
1
1
1
1
1
1
1
1
1
1
1
1
1
1
1
1
1
1
1
)
;
    }
    frontAndBack
    {
        type            empty;
    }
}


// ************************************************************************* //
