/*--------------------------------*- C++ -*----------------------------------*\
  =========                 |
  \\      /  F ield         | OpenFOAM: The Open Source CFD Toolbox
   \\    /   O peration     | Website:  https://openfoam.org
    \\  /    A nd           | Version:  6
     \\/     M anipulation  |
\*---------------------------------------------------------------------------*/
FoamFile
{
    version     2.0;
    format      ascii;
    class       volScalarField;
    location    "240";
    object      T;
}
// * * * * * * * * * * * * * * * * * * * * * * * * * * * * * * * * * * * * * //

dimensions      [0 0 0 1 0 0 0];

internalField   nonuniform List<scalar> 
5964
(
310.449
309.393
308.47
307.717
307.118
306.632
306.225
305.874
305.556
305.261
304.996
304.773
304.601
304.468
304.368
304.29
304.226
304.172
304.124
304.081
304.043
304.007
303.974
303.943
303.914
303.886
303.859
303.833
303.808
303.783
303.759
303.735
303.712
303.689
303.667
303.644
303.622
303.6
303.578
303.557
303.535
303.514
303.494
303.473
303.453
303.433
303.413
303.393
303.374
303.356
303.337
303.319
303.302
303.284
303.268
303.251
303.235
303.219
303.204
303.189
303.174
303.16
303.146
303.133
303.12
303.107
303.095
303.083
303.071
303.059
303.048
303.037
303.026
303.015
303.005
302.995
302.985
302.975
302.966
302.957
302.948
302.936
302.91
302.846
310.436
309.385
308.489
307.751
307.15
306.658
306.239
305.869
305.536
305.232
304.956
304.726
304.561
304.441
304.351
304.279
304.219
304.167
304.121
304.079
304.041
304.006
303.973
303.942
303.913
303.885
303.858
303.833
303.807
303.783
303.759
303.735
303.712
303.689
303.667
303.644
303.622
303.6
303.578
303.557
303.535
303.514
303.493
303.473
303.453
303.433
303.413
303.393
303.374
303.356
303.337
303.319
303.302
303.284
303.268
303.251
303.235
303.219
303.204
303.189
303.174
303.16
303.146
303.133
303.12
303.107
303.095
303.083
303.071
303.059
303.048
303.037
303.026
303.015
303.005
302.995
302.985
302.975
302.966
302.956
302.948
302.939
302.925
302.903
310.451
309.422
308.54
307.811
307.211
306.708
306.27
305.878
305.518
305.183
304.875
304.618
304.479
304.388
304.319
304.259
304.207
304.159
304.115
304.075
304.038
304.004
303.972
303.941
303.912
303.884
303.858
303.832
303.807
303.783
303.759
303.735
303.712
303.689
303.667
303.644
303.622
303.6
303.578
303.557
303.535
303.514
303.493
303.473
303.453
303.433
303.413
303.393
303.374
303.356
303.337
303.319
303.302
303.284
303.268
303.251
303.235
303.219
303.204
303.189
303.174
303.16
303.146
303.133
303.12
303.107
303.095
303.083
303.071
303.059
303.048
303.037
303.026
303.015
303.005
302.995
302.985
302.975
302.965
302.956
302.947
302.938
302.93
302.922
310.474
309.481
308.617
307.893
307.291
306.778
306.321
305.903
305.508
305.124
304.745
304.405
304.351
304.319
304.279
304.236
304.192
304.149
304.108
304.07
304.035
304.001
303.97
303.94
303.911
303.884
303.857
303.832
303.807
303.782
303.758
303.735
303.712
303.689
303.666
303.644
303.622
303.6
303.578
303.557
303.535
303.514
303.493
303.473
303.453
303.433
303.413
303.393
303.374
303.356
303.337
303.319
303.302
303.284
303.267
303.251
303.235
303.219
303.204
303.189
303.174
303.16
303.146
303.133
303.12
303.107
303.095
303.083
303.071
303.059
303.048
303.037
303.026
303.015
303.005
302.995
302.985
302.975
302.965
302.956
302.946
302.937
302.93
302.925
310.497
309.541
308.697
307.98
307.379
306.858
306.389
305.952
305.526
305.09
304.585
303.93
304.205
304.257
304.245
304.214
304.177
304.139
304.101
304.065
304.031
303.998
303.967
303.938
303.909
303.882
303.856
303.831
303.806
303.782
303.758
303.735
303.712
303.689
303.666
303.644
303.622
303.6
303.578
303.557
303.535
303.514
303.493
303.473
303.453
303.432
303.413
303.393
303.374
303.356
303.337
303.319
303.302
303.284
303.267
303.251
303.235
303.219
303.204
303.189
303.174
303.16
303.146
303.133
303.12
303.107
303.095
303.082
303.071
303.059
303.048
303.037
303.026
303.015
303.005
302.995
302.985
302.975
302.965
302.956
302.946
302.936
302.928
302.923
310.516
309.592
308.771
308.069
307.476
306.956
306.48
306.029
305.584
305.141
304.705
304.319
304.267
304.252
304.229
304.199
304.165
304.129
304.094
304.06
304.026
303.995
303.965
303.936
303.908
303.881
303.855
303.83
303.805
303.781
303.758
303.734
303.711
303.689
303.666
303.644
303.622
303.6
303.578
303.557
303.535
303.514
303.493
303.473
303.452
303.432
303.413
303.393
303.374
303.356
303.337
303.319
303.302
303.284
303.267
303.251
303.235
303.219
303.204
303.189
303.174
303.16
303.146
303.133
303.12
303.107
303.095
303.082
303.071
303.059
303.048
303.037
303.026
303.015
303.005
302.995
302.985
302.975
302.965
302.956
302.946
302.936
302.928
302.923
310.538
309.65
308.852
308.163
307.578
307.057
306.577
306.117
305.659
305.206
304.776
304.416
304.301
304.255
304.222
304.19
304.156
304.122
304.088
304.055
304.023
303.992
303.962
303.934
303.906
303.88
303.854
303.829
303.805
303.781
303.757
303.734
303.711
303.688
303.666
303.644
303.622
303.6
303.578
303.557
303.535
303.514
303.493
303.473
303.452
303.432
303.413
303.393
303.374
303.356
303.337
303.319
303.301
303.284
303.267
303.251
303.235
303.219
303.204
303.189
303.174
303.16
303.146
303.133
303.12
303.107
303.095
303.082
303.071
303.059
303.048
303.037
303.026
303.015
303.005
302.995
302.985
302.975
302.965
302.956
302.946
302.936
302.928
302.923
310.556
309.703
308.932
308.26
307.687
307.172
306.688
306.212
305.735
305.258
304.783
304.292
304.277
304.248
304.217
304.184
304.151
304.117
304.083
304.051
304.019
303.989
303.96
303.932
303.905
303.878
303.853
303.828
303.804
303.78
303.757
303.734
303.711
303.688
303.666
303.644
303.622
303.6
303.578
303.557
303.535
303.514
303.493
303.473
303.452
303.432
303.413
303.393
303.374
303.355
303.337
303.319
303.301
303.284
303.267
303.251
303.235
303.219
303.204
303.189
303.174
303.16
303.146
303.133
303.12
303.107
303.094
303.082
303.071
303.059
303.048
303.037
303.026
303.015
303.005
302.995
302.985
302.975
302.966
302.956
302.946
302.937
302.929
302.924
310.573
309.754
309.011
308.357
307.79
307.271
306.778
306.291
305.801
305.306
304.8
304.268
304.268
304.246
304.216
304.182
304.148
304.114
304.08
304.048
304.016
303.986
303.958
303.93
303.903
303.877
303.852
303.827
303.803
303.78
303.756
303.733
303.711
303.688
303.666
303.643
303.621
303.6
303.578
303.556
303.535
303.514
303.493
303.473
303.452
303.432
303.413
303.393
303.374
303.355
303.337
303.319
303.301
303.284
303.267
303.251
303.235
303.219
303.204
303.189
303.174
303.16
303.146
303.133
303.12
303.107
303.094
303.082
303.07
303.059
303.048
303.037
303.026
303.015
303.005
302.995
302.985
302.975
302.966
302.956
302.946
302.937
302.93
302.925
310.593
309.806
309.085
308.443
307.874
307.346
306.843
306.349
305.854
305.352
304.835
304.286
304.281
304.255
304.221
304.185
304.148
304.113
304.079
304.046
304.015
303.985
303.956
303.928
303.902
303.876
303.851
303.827
303.803
303.779
303.756
303.733
303.71
303.688
303.666
303.643
303.621
303.6
303.578
303.556
303.535
303.514
303.493
303.473
303.452
303.432
303.413
303.393
303.374
303.355
303.337
303.319
303.301
303.284
303.267
303.251
303.235
303.219
303.204
303.189
303.174
303.16
303.146
303.133
303.119
303.107
303.094
303.082
303.07
303.059
303.048
303.037
303.026
303.015
303.005
302.995
302.985
302.975
302.966
302.956
302.947
302.937
302.93
302.926
310.608
309.847
309.143
308.507
307.929
307.388
306.874
306.376
305.883
305.386
304.879
304.345
304.317
304.274
304.231
304.191
304.152
304.115
304.079
304.046
304.014
303.984
303.955
303.927
303.901
303.875
303.851
303.826
303.802
303.779
303.756
303.733
303.71
303.688
303.665
303.643
303.621
303.599
303.578
303.556
303.535
303.514
303.493
303.473
303.452
303.432
303.413
303.393
303.374
303.355
303.337
303.319
303.301
303.284
303.267
303.251
303.235
303.219
303.203
303.189
303.174
303.16
303.146
303.132
303.119
303.107
303.094
303.082
303.07
303.059
303.048
303.037
303.026
303.015
303.005
302.995
302.985
302.975
302.966
302.956
302.947
302.937
302.93
302.925
310.618
309.87
309.172
308.536
307.947
307.391
306.868
306.372
305.887
305.403
304.93
304.52
304.369
304.296
304.245
304.2
304.158
304.118
304.081
304.047
304.014
303.983
303.954
303.927
303.9
303.875
303.85
303.826
303.802
303.779
303.756
303.733
303.71
303.688
303.665
303.643
303.621
303.599
303.578
303.556
303.535
303.514
303.493
303.473
303.452
303.432
303.413
303.393
303.374
303.355
303.337
303.319
303.301
303.284
303.267
303.251
303.234
303.219
303.203
303.188
303.174
303.16
303.146
303.132
303.119
303.107
303.094
303.082
303.07
303.059
303.047
303.036
303.026
303.015
303.005
302.995
302.985
302.975
302.966
302.956
302.946
302.937
302.929
302.924
310.615
309.868
309.169
308.523
307.916
307.346
306.817
306.325
305.854
305.383
304.906
304.462
304.357
304.304
304.258
304.211
304.166
304.124
304.085
304.049
304.015
303.984
303.955
303.927
303.9
303.875
303.85
303.826
303.802
303.779
303.755
303.733
303.71
303.688
303.665
303.643
303.621
303.599
303.578
303.556
303.535
303.514
303.493
303.473
303.452
303.432
303.412
303.393
303.374
303.355
303.337
303.319
303.301
303.284
303.267
303.25
303.234
303.219
303.203
303.188
303.174
303.16
303.146
303.132
303.119
303.106
303.094
303.082
303.07
303.059
303.047
303.036
303.026
303.015
303.005
302.995
302.985
302.975
302.965
302.956
302.945
302.936
302.927
302.922
310.611
309.855
309.143
308.473
307.843
307.261
306.734
306.254
305.802
305.342
304.828
304.11
304.306
304.314
304.276
304.227
304.178
304.132
304.09
304.052
304.017
303.985
303.955
303.927
303.9
303.875
303.85
303.826
303.802
303.779
303.755
303.733
303.71
303.687
303.665
303.643
303.621
303.599
303.578
303.556
303.535
303.514
303.493
303.472
303.452
303.432
303.412
303.393
303.374
303.355
303.337
303.319
303.301
303.284
303.267
303.25
303.234
303.219
303.203
303.188
303.174
303.159
303.146
303.132
303.119
303.106
303.094
303.082
303.07
303.058
303.047
303.036
303.026
303.015
303.005
302.995
302.985
302.975
302.965
302.955
302.945
302.934
302.925
302.92
310.606
309.833
309.093
308.389
307.735
307.152
306.638
306.179
305.756
305.341
304.916
304.497
304.432
304.373
304.311
304.25
304.193
304.142
304.097
304.056
304.02
303.987
303.956
303.928
303.901
303.875
303.85
303.826
303.802
303.779
303.756
303.733
303.71
303.688
303.665
303.643
303.621
303.599
303.578
303.556
303.535
303.514
303.493
303.472
303.452
303.432
303.412
303.393
303.374
303.355
303.337
303.319
303.301
303.284
303.267
303.25
303.234
303.218
303.203
303.188
303.174
303.159
303.145
303.132
303.119
303.106
303.094
303.082
303.07
303.058
303.047
303.036
303.025
303.015
303.005
302.995
302.985
302.975
302.965
302.955
302.944
302.934
302.924
302.919
310.599
309.804
309.032
308.294
307.617
307.029
306.526
306.094
305.712
305.352
305.009
304.718
304.557
304.443
304.352
304.276
304.21
304.153
304.104
304.061
304.023
303.989
303.958
303.929
303.902
303.876
303.851
303.826
303.802
303.779
303.756
303.733
303.71
303.688
303.665
303.643
303.621
303.599
303.578
303.556
303.535
303.514
303.493
303.472
303.452
303.432
303.412
303.393
303.374
303.355
303.337
303.319
303.301
303.284
303.267
303.25
303.234
303.218
303.203
303.188
303.173
303.159
303.145
303.132
303.119
303.106
303.094
303.081
303.07
303.058
303.047
303.036
303.025
303.015
303.005
302.995
302.985
302.975
302.965
302.955
302.944
302.934
302.925
302.919
310.588
309.766
308.961
308.198
307.508
306.92
306.432
306.025
305.676
305.363
305.075
304.83
304.646
304.502
304.39
304.3
304.226
304.164
304.111
304.066
304.027
303.992
303.96
303.931
303.903
303.877
303.852
303.827
303.803
303.779
303.756
303.733
303.71
303.688
303.665
303.643
303.621
303.599
303.578
303.556
303.535
303.514
303.493
303.472
303.452
303.432
303.412
303.393
303.374
303.355
303.337
303.319
303.301
303.284
303.267
303.25
303.234
303.218
303.203
303.188
303.173
303.159
303.145
303.132
303.119
303.106
303.093
303.081
303.07
303.058
303.047
303.036
303.025
303.015
303.005
302.994
302.985
302.975
302.965
302.955
302.945
302.935
302.926
302.921
310.578
309.738
308.915
308.132
307.431
306.855
306.391
306.008
305.68
305.389
305.126
304.896
304.703
304.544
304.419
304.319
304.239
304.173
304.118
304.071
304.031
303.995
303.962
303.933
303.905
303.878
303.853
303.828
303.804
303.78
303.757
303.734
303.711
303.688
303.666
303.643
303.621
303.599
303.578
303.556
303.535
303.514
303.493
303.472
303.452
303.432
303.412
303.393
303.374
303.355
303.337
303.319
303.301
303.283
303.267
303.25
303.234
303.218
303.203
303.188
303.173
303.159
303.145
303.132
303.118
303.106
303.093
303.081
303.069
303.058
303.047
303.036
303.025
303.015
303.004
302.994
302.985
302.975
302.965
302.955
302.946
302.936
302.928
302.924
310.56
309.684
308.837
308.056
307.378
306.828
306.387
306.024
305.71
305.427
305.169
304.938
304.736
304.567
304.435
304.33
304.247
304.179
304.123
304.075
304.034
303.998
303.965
303.935
303.906
303.88
303.854
303.829
303.805
303.781
303.757
303.734
303.711
303.688
303.666
303.644
303.621
303.6
303.578
303.556
303.535
303.514
303.493
303.472
303.452
303.432
303.412
303.393
303.374
303.355
303.337
303.318
303.301
303.283
303.266
303.25
303.234
303.218
303.203
303.188
303.173
303.159
303.145
303.131
303.118
303.106
303.093
303.081
303.069
303.058
303.047
303.036
303.025
303.014
303.004
302.994
302.984
302.975
302.965
302.956
302.946
302.938
302.931
302.926
310.55
309.66
308.808
308.035
307.381
306.861
306.446
306.096
305.778
305.482
305.207
304.961
304.746
304.571
304.436
304.332
304.25
304.182
304.126
304.078
304.037
304
303.967
303.937
303.908
303.881
303.855
303.83
303.806
303.782
303.758
303.735
303.712
303.689
303.666
303.644
303.622
303.6
303.578
303.556
303.535
303.514
303.493
303.472
303.452
303.432
303.412
303.393
303.374
303.355
303.337
303.318
303.301
303.283
303.266
303.25
303.234
303.218
303.202
303.187
303.173
303.159
303.145
303.131
303.118
303.105
303.093
303.081
303.069
303.058
303.046
303.035
303.025
303.014
303.004
302.994
302.984
302.975
302.965
302.956
302.947
302.939
302.932
302.929
310.544
309.644
308.796
308.05
307.433
306.947
306.556
306.213
305.885
305.562
305.25
304.968
304.728
304.549
304.422
304.325
304.247
304.183
304.128
304.081
304.04
304.003
303.97
303.939
303.91
303.883
303.857
303.831
303.807
303.782
303.759
303.735
303.712
303.689
303.666
303.644
303.622
303.6
303.578
303.556
303.535
303.514
303.493
303.473
303.452
303.432
303.412
303.393
303.374
303.355
303.336
303.318
303.301
303.283
303.266
303.25
303.234
303.218
303.202
303.187
303.173
303.158
303.145
303.131
303.118
303.105
303.093
303.081
303.069
303.057
303.046
303.035
303.025
303.014
303.004
302.994
302.984
302.975
302.965
302.956
302.947
302.939
302.933
302.929
310.536
309.635
308.805
308.091
307.518
307.074
306.708
306.372
306.03
305.672
305.303
304.955
304.66
304.496
304.391
304.31
304.241
304.181
304.129
304.083
304.042
304.005
303.972
303.941
303.912
303.885
303.858
303.833
303.808
303.783
303.759
303.736
303.713
303.69
303.667
303.644
303.622
303.6
303.578
303.557
303.535
303.514
303.493
303.473
303.452
303.432
303.412
303.393
303.374
303.355
303.336
303.318
303.301
303.283
303.266
303.25
303.233
303.218
303.202
303.187
303.173
303.158
303.144
303.131
303.118
303.105
303.093
303.08
303.069
303.057
303.046
303.035
303.024
303.014
303.004
302.994
302.984
302.974
302.965
302.956
302.947
302.939
302.932
302.928
310.536
309.64
308.836
308.167
307.639
307.235
306.892
306.565
306.21
305.814
305.379
304.922
304.486
304.403
304.351
304.294
304.235
304.18
304.129
304.084
304.044
304.007
303.974
303.943
303.914
303.886
303.86
303.834
303.809
303.784
303.76
303.736
303.713
303.69
303.667
303.645
303.622
303.6
303.578
303.557
303.535
303.514
303.493
303.473
303.452
303.432
303.412
303.393
303.374
303.355
303.337
303.318
303.301
303.283
303.266
303.25
303.233
303.218
303.202
303.187
303.172
303.158
303.144
303.131
303.118
303.105
303.092
303.08
303.068
303.057
303.046
303.035
303.024
303.014
303.004
302.994
302.984
302.974
302.965
302.955
302.946
302.938
302.931
302.927
310.551
309.691
308.924
308.29
307.798
307.424
307.104
306.784
306.421
305.995
305.499
304.9
304.021
304.301
304.327
304.287
304.233
304.179
304.13
304.085
304.045
304.009
303.975
303.944
303.915
303.888
303.861
303.835
303.81
303.785
303.761
303.737
303.714
303.691
303.668
303.645
303.623
303.601
303.579
303.557
303.536
303.514
303.494
303.473
303.453
303.432
303.413
303.393
303.374
303.355
303.337
303.318
303.301
303.283
303.266
303.25
303.233
303.217
303.202
303.187
303.172
303.158
303.144
303.131
303.117
303.105
303.092
303.08
303.068
303.057
303.046
303.035
303.024
303.014
303.003
302.993
302.984
302.974
302.964
302.955
302.945
302.937
302.929
302.925
310.563
309.735
309.015
308.43
307.979
307.634
307.332
307.016
306.647
306.207
305.697
305.122
304.524
304.444
304.371
304.301
304.237
304.18
304.13
304.085
304.045
304.009
303.976
303.945
303.916
303.889
303.862
303.836
303.811
303.786
303.762
303.738
303.714
303.691
303.668
303.645
303.623
303.601
303.579
303.557
303.536
303.515
303.494
303.473
303.453
303.433
303.413
303.393
303.374
303.355
303.337
303.318
303.301
303.283
303.266
303.25
303.233
303.217
303.202
303.187
303.172
303.158
303.144
303.13
303.117
303.104
303.092
303.08
303.068
303.057
303.045
303.034
303.024
303.013
303.003
302.993
302.983
302.974
302.964
302.955
302.945
302.936
302.928
302.924
310.587
309.808
309.13
308.581
308.161
307.836
307.548
307.232
306.859
306.412
305.897
305.349
304.861
304.577
304.416
304.315
304.24
304.179
304.128
304.084
304.045
304.009
303.976
303.946
303.917
303.889
303.863
303.837
303.812
303.787
303.762
303.738
303.715
303.692
303.669
303.646
303.623
303.601
303.579
303.558
303.536
303.515
303.494
303.473
303.453
303.433
303.413
303.393
303.374
303.355
303.337
303.319
303.301
303.283
303.266
303.25
303.233
303.217
303.202
303.187
303.172
303.158
303.144
303.13
303.117
303.104
303.092
303.08
303.068
303.056
303.045
303.034
303.024
303.013
303.003
302.993
302.983
302.974
302.964
302.954
302.945
302.936
302.928
302.923
310.619
309.893
309.254
308.74
308.345
308.039
307.753
307.432
307.048
306.584
306.054
305.498
304.985
304.592
304.414
304.309
304.233
304.173
304.124
304.08
304.042
304.007
303.975
303.945
303.917
303.89
303.863
303.837
303.812
303.787
303.763
303.739
303.715
303.692
303.669
303.646
303.624
303.602
303.58
303.558
303.537
303.515
303.494
303.474
303.453
303.433
303.413
303.394
303.374
303.355
303.337
303.319
303.301
303.283
303.266
303.25
303.233
303.217
303.202
303.187
303.172
303.158
303.144
303.13
303.117
303.104
303.092
303.079
303.068
303.056
303.045
303.034
303.023
303.013
303.003
302.993
302.983
302.973
302.964
302.954
302.945
302.935
302.928
302.923
310.644
309.966
309.374
308.898
308.527
308.232
307.938
307.606
307.206
306.72
306.165
305.573
304.989
304.409
304.351
304.279
304.216
304.161
304.115
304.074
304.037
304.004
303.973
303.944
303.916
303.889
303.863
303.837
303.812
303.788
303.763
303.739
303.716
303.693
303.67
303.647
303.624
303.602
303.58
303.558
303.537
303.516
303.495
303.474
303.454
303.433
303.413
303.394
303.375
303.356
303.337
303.319
303.301
303.283
303.266
303.25
303.233
303.217
303.202
303.187
303.172
303.157
303.143
303.13
303.117
303.104
303.091
303.079
303.067
303.056
303.045
303.034
303.023
303.013
303.003
302.993
302.983
302.973
302.964
302.954
302.944
302.935
302.927
302.922
310.666
310.036
309.491
309.05
308.695
308.402
308.094
307.743
307.317
306.809
306.233
305.613
304.983
304.345
304.299
304.244
304.192
304.144
304.102
304.065
304.031
303.999
303.97
303.941
303.914
303.888
303.862
303.837
303.812
303.788
303.764
303.74
303.716
303.693
303.67
303.647
303.625
303.603
303.581
303.559
303.537
303.516
303.495
303.474
303.454
303.434
303.414
303.394
303.375
303.356
303.337
303.319
303.301
303.284
303.266
303.25
303.233
303.217
303.202
303.186
303.172
303.157
303.143
303.13
303.116
303.104
303.091
303.079
303.067
303.056
303.044
303.034
303.023
303.013
303.002
302.992
302.983
302.973
302.963
302.954
302.944
302.934
302.925
302.919
310.691
310.108
309.603
309.188
308.845
308.541
308.21
307.832
307.382
306.856
306.267
305.63
304.972
304.309
304.258
304.209
304.164
304.124
304.087
304.053
304.022
303.993
303.965
303.938
303.912
303.886
303.861
303.837
303.812
303.788
303.764
303.74
303.717
303.694
303.671
303.648
303.626
303.603
303.581
303.56
303.538
303.517
303.496
303.475
303.454
303.434
303.414
303.395
303.375
303.356
303.338
303.319
303.301
303.284
303.266
303.25
303.233
303.217
303.202
303.186
303.172
303.157
303.143
303.129
303.116
303.103
303.091
303.079
303.067
303.055
303.044
303.033
303.023
303.012
303.002
302.992
302.982
302.973
302.963
302.954
302.944
302.933
302.923
302.917
310.715
310.178
309.709
309.309
308.968
308.644
308.286
307.879
307.407
306.866
306.257
305.602
304.935
304.27
304.215
304.172
304.134
304.1
304.069
304.039
304.011
303.985
303.959
303.933
303.909
303.884
303.86
303.836
303.812
303.788
303.764
303.741
303.717
303.694
303.671
303.649
303.626
303.604
303.582
303.56
303.539
303.517
303.496
303.476
303.455
303.435
303.415
303.395
303.376
303.357
303.338
303.32
303.301
303.284
303.267
303.25
303.233
303.217
303.202
303.186
303.171
303.157
303.143
303.129
303.116
303.103
303.091
303.078
303.067
303.055
303.044
303.033
303.022
303.012
303.002
302.992
302.982
302.973
302.963
302.954
302.944
302.933
302.923
302.916
310.738
310.241
309.8
309.409
309.055
308.696
308.299
307.854
307.357
306.803
306.19
305.533
304.868
304.21
304.163
304.13
304.101
304.075
304.049
304.024
303.999
303.975
303.951
303.928
303.904
303.881
303.858
303.834
303.811
303.787
303.764
303.741
303.718
303.695
303.672
303.649
303.627
303.605
303.583
303.561
303.54
303.518
303.497
303.476
303.456
303.435
303.415
303.396
303.376
303.357
303.338
303.32
303.302
303.284
303.267
303.25
303.233
303.217
303.202
303.186
303.171
303.157
303.143
303.129
303.116
303.103
303.09
303.078
303.066
303.055
303.044
303.033
303.022
303.012
303.002
302.992
302.982
302.973
302.963
302.954
302.944
302.935
302.925
302.919
310.756
310.291
309.868
309.474
309.088
308.684
308.243
307.766
307.256
306.708
306.113
305.472
304.801
304.103
304.099
304.085
304.068
304.048
304.028
304.007
303.986
303.965
303.943
303.922
303.9
303.878
303.855
303.833
303.81
303.787
303.764
303.741
303.718
303.695
303.673
303.65
303.628
303.606
303.584
303.562
303.54
303.519
303.498
303.477
303.456
303.436
303.416
303.396
303.377
303.358
303.339
303.32
303.302
303.284
303.267
303.25
303.233
303.217
303.202
303.186
303.171
303.157
303.143
303.129
303.116
303.103
303.09
303.078
303.066
303.055
303.043
303.033
303.022
303.012
303.001
302.992
302.982
302.972
302.963
302.954
302.946
302.937
302.929
302.924
310.768
310.317
309.89
309.475
309.042
308.582
308.096
307.599
307.093
306.567
305.995
305.373
304.721
304.038
304.047
304.045
304.036
304.023
304.007
303.99
303.972
303.954
303.935
303.915
303.895
303.874
303.852
303.831
303.809
303.786
303.764
303.741
303.719
303.696
303.674
303.651
303.629
303.607
303.585
303.563
303.542
303.52
303.499
303.478
303.457
303.437
303.417
303.397
303.377
303.358
303.339
303.321
303.302
303.285
303.267
303.25
303.234
303.217
303.202
303.186
303.171
303.157
303.142
303.129
303.115
303.102
303.09
303.078
303.066
303.054
303.043
303.032
303.022
303.011
303.001
302.991
302.982
302.972
302.963
302.955
302.946
302.938
302.932
302.927
310.771
310.313
309.853
309.398
308.906
308.388
307.861
307.349
306.857
306.365
305.838
305.26
304.643
303.99
304.007
304.012
304.008
303.999
303.987
303.973
303.958
303.942
303.925
303.908
303.889
303.87
303.85
303.829
303.808
303.786
303.764
303.742
303.719
303.697
303.675
303.652
303.63
303.608
303.586
303.564
303.543
303.521
303.5
303.479
303.458
303.438
303.418
303.398
303.378
303.359
303.34
303.321
303.303
303.285
303.267
303.25
303.234
303.217
303.202
303.186
303.171
303.157
303.142
303.129
303.115
303.102
303.09
303.077
303.066
303.054
303.043
303.032
303.021
303.011
303.001
302.991
302.982
302.972
302.963
302.955
302.946
302.938
302.932
302.927
310.762
310.278
309.764
309.228
308.673
308.105
307.558
307.057
306.599
306.153
305.672
305.143
304.572
303.955
303.981
303.989
303.986
303.978
303.968
303.956
303.944
303.93
303.916
303.9
303.883
303.865
303.847
303.827
303.806
303.785
303.764
303.742
303.72
303.698
303.676
303.654
303.632
303.609
303.588
303.566
303.544
303.523
303.501
303.48
303.459
303.439
303.419
303.398
303.379
303.359
303.34
303.322
303.303
303.285
303.268
303.251
303.234
303.218
303.202
303.186
303.171
303.156
303.142
303.128
303.115
303.102
303.089
303.077
303.065
303.054
303.043
303.032
303.021
303.011
303.001
302.991
302.981
302.972
302.963
302.954
302.946
302.937
302.929
302.924
310.745
310.214
309.631
308.995
308.364
307.761
307.219
306.747
306.334
305.941
305.515
305.038
304.518
303.944
303.973
303.976
303.969
303.959
303.95
303.94
303.929
303.918
303.906
303.893
303.878
303.861
303.844
303.825
303.806
303.785
303.764
303.743
303.721
303.699
303.677
303.655
303.633
303.611
303.589
303.567
303.546
303.524
303.503
303.482
303.461
303.44
303.42
303.399
303.38
303.36
303.341
303.322
303.304
303.286
303.268
303.251
303.234
303.218
303.202
303.186
303.171
303.156
303.142
303.128
303.115
303.102
303.089
303.077
303.065
303.053
303.042
303.031
303.021
303.01
303
302.991
302.981
302.972
302.963
302.954
302.945
302.935
302.926
302.92
310.72
310.133
309.477
308.754
308.057
307.428
306.897
306.458
306.09
305.746
305.373
304.954
304.497
303.985
303.992
303.973
303.955
303.941
303.931
303.923
303.915
303.906
303.897
303.885
303.872
303.858
303.841
303.824
303.805
303.785
303.765
303.744
303.723
303.701
303.679
303.657
303.635
303.613
303.591
303.569
303.547
303.526
303.504
303.483
303.462
303.441
303.421
303.4
303.381
303.361
303.342
303.323
303.304
303.286
303.268
303.251
303.234
303.218
303.202
303.186
303.171
303.156
303.142
303.128
303.115
303.101
303.089
303.076
303.065
303.053
303.042
303.031
303.02
303.01
303
302.99
302.981
302.972
302.963
302.953
302.944
302.934
302.924
302.918
310.69
310.036
309.304
308.509
307.764
307.129
306.62
306.213
305.88
305.58
305.255
304.891
304.512
304.172
304.034
303.97
303.937
303.92
303.91
303.904
303.9
303.894
303.887
303.878
303.867
303.854
303.84
303.823
303.805
303.786
303.766
303.745
303.724
303.703
303.681
303.659
303.637
303.615
303.593
303.571
303.549
303.527
303.506
303.485
303.463
303.442
303.422
303.402
303.382
303.362
303.342
303.323
303.305
303.287
303.269
303.251
303.235
303.218
303.202
303.186
303.171
303.156
303.142
303.128
303.114
303.101
303.088
303.076
303.064
303.053
303.042
303.031
303.02
303.01
303
302.99
302.981
302.971
302.962
302.953
302.944
302.935
302.926
302.92
310.652
309.921
309.118
308.281
307.527
306.926
306.46
306.081
305.754
305.454
305.152
304.827
304.483
304.171
304.014
303.941
303.906
303.892
303.886
303.885
303.884
303.883
303.879
303.872
303.863
303.852
303.838
303.823
303.806
303.787
303.768
303.747
303.726
303.705
303.683
303.661
303.639
303.617
303.595
303.573
303.551
303.529
303.508
303.486
303.465
303.444
303.423
303.403
303.383
303.363
303.343
303.324
303.306
303.287
303.269
303.252
303.235
303.218
303.202
303.186
303.171
303.156
303.142
303.128
303.114
303.101
303.088
303.076
303.064
303.052
303.041
303.03
303.02
303.009
303
302.99
302.98
302.971
302.962
302.954
302.945
302.936
302.929
302.924
310.615
309.812
308.955
308.103
307.363
306.794
306.364
306.019
305.718
305.429
305.126
304.794
304.42
304.026
303.923
303.878
303.86
303.856
303.86
303.865
303.87
303.872
303.871
303.868
303.861
303.851
303.838
303.824
303.807
303.789
303.77
303.75
303.729
303.708
303.686
303.664
303.642
303.62
303.598
303.575
303.553
303.531
303.51
303.488
303.467
303.445
303.425
303.404
303.384
303.364
303.344
303.325
303.306
303.288
303.27
303.252
303.235
303.218
303.202
303.186
303.171
303.156
303.141
303.127
303.114
303.101
303.088
303.076
303.064
303.052
303.041
303.03
303.019
303.009
302.999
302.99
302.98
302.971
302.962
302.954
302.945
302.938
302.931
302.927
310.587
309.739
308.858
308.006
307.292
306.766
306.381
306.078
305.796
305.507
305.193
304.832
304.369
303.626
303.784
303.797
303.804
303.817
303.832
303.846
303.857
303.864
303.866
303.865
303.86
303.851
303.84
303.826
303.81
303.792
303.773
303.753
303.732
303.711
303.689
303.667
303.645
303.623
303.6
303.578
303.556
303.534
303.512
303.49
303.468
303.447
303.426
303.405
303.385
303.365
303.345
303.326
303.307
303.288
303.27
303.253
303.235
303.219
303.202
303.186
303.171
303.156
303.141
303.127
303.114
303.1
303.088
303.075
303.063
303.052
303.04
303.029
303.019
303.009
302.999
302.989
302.98
302.971
302.962
302.953
302.945
302.938
302.931
302.928
310.552
309.642
308.738
307.925
307.284
306.83
306.505
306.259
306.015
305.747
305.425
305.042
304.582
304.045
303.785
303.731
303.75
303.781
303.809
303.832
303.848
303.858
303.864
303.865
303.861
303.854
303.843
303.829
303.813
303.796
303.777
303.757
303.736
303.715
303.693
303.671
303.648
303.626
303.603
303.581
303.558
303.536
303.514
303.492
303.47
303.449
303.428
303.407
303.386
303.366
303.346
303.327
303.308
303.289
303.271
303.253
303.236
303.219
303.202
303.186
303.171
303.156
303.141
303.127
303.113
303.1
303.087
303.075
303.063
303.051
303.04
303.029
303.019
303.008
302.998
302.989
302.979
302.97
302.962
302.953
302.945
302.937
302.93
302.926
310.526
309.586
308.695
307.929
307.351
306.962
306.701
306.522
306.332
306.104
305.795
305.407
304.926
304.316
303.62
303.618
303.697
303.756
303.796
303.825
303.845
303.858
303.866
303.868
303.865
303.858
303.848
303.834
303.818
303.801
303.782
303.762
303.741
303.719
303.697
303.674
303.652
303.629
303.606
303.584
303.561
303.539
303.516
303.494
303.472
303.451
303.429
303.408
303.388
303.367
303.347
303.328
303.308
303.29
303.271
303.253
303.236
303.219
303.203
303.186
303.171
303.156
303.141
303.127
303.113
303.1
303.087
303.074
303.062
303.051
303.039
303.029
303.018
303.008
302.998
302.988
302.979
302.97
302.961
302.953
302.944
302.935
302.928
302.923
310.516
309.56
308.68
307.962
307.454
307.135
306.947
306.831
306.703
306.523
306.244
305.868
305.388
304.788
304.155
303.47
303.68
303.758
303.8
303.829
303.85
303.864
303.872
303.875
303.872
303.865
303.855
303.841
303.825
303.807
303.787
303.767
303.746
303.724
303.701
303.679
303.656
303.633
303.61
303.587
303.564
303.541
303.519
303.497
303.474
303.453
303.431
303.41
303.389
303.368
303.348
303.329
303.309
303.29
303.272
303.254
303.236
303.219
303.203
303.187
303.171
303.156
303.141
303.127
303.113
303.099
303.086
303.074
303.062
303.05
303.039
303.028
303.018
303.007
302.998
302.988
302.979
302.97
302.961
302.952
302.943
302.934
302.926
302.921
310.507
309.556
308.705
308.041
307.599
307.345
307.22
307.154
307.077
306.941
306.707
306.361
305.912
305.345
304.704
303.979
303.806
303.804
303.824
303.845
303.864
303.877
303.885
303.887
303.883
303.876
303.864
303.85
303.833
303.814
303.794
303.773
303.751
303.729
303.706
303.683
303.66
303.637
303.613
303.59
303.567
303.544
303.521
303.499
303.477
303.455
303.433
303.411
303.39
303.37
303.349
303.33
303.31
303.291
303.273
303.254
303.237
303.22
303.203
303.187
303.171
303.156
303.141
303.126
303.113
303.099
303.086
303.074
303.061
303.05
303.038
303.028
303.017
303.007
302.997
302.988
302.978
302.969
302.961
302.952
302.943
302.933
302.924
302.919
310.509
309.572
308.765
308.16
307.775
307.569
307.487
307.464
307.417
307.32
307.145
306.845
306.454
305.931
305.274
304.464
303.772
303.842
303.856
303.871
303.886
303.897
303.903
303.903
303.898
303.889
303.876
303.86
303.842
303.823
303.802
303.78
303.758
303.735
303.711
303.688
303.664
303.641
303.617
303.594
303.57
303.547
303.524
303.501
303.479
303.457
303.435
303.413
303.392
303.371
303.351
303.331
303.311
303.292
303.273
303.255
303.237
303.22
303.203
303.187
303.171
303.156
303.141
303.126
303.112
303.099
303.086
303.073
303.061
303.049
303.038
303.027
303.017
303.006
302.997
302.987
302.978
302.969
302.96
302.951
302.942
302.932
302.923
302.917
310.525
309.624
308.867
308.316
307.972
307.796
307.737
307.743
307.723
307.658
307.543
307.299
306.964
306.484
305.86
305.112
304.387
303.944
303.896
303.902
303.914
303.924
303.927
303.925
303.918
303.906
303.891
303.873
303.854
303.832
303.81
303.788
303.764
303.741
303.717
303.693
303.669
303.645
303.621
303.597
303.574
303.55
303.527
303.504
303.481
303.459
303.436
303.415
303.393
303.372
303.352
303.332
303.312
303.293
303.274
303.255
303.238
303.22
303.203
303.187
303.171
303.155
303.14
303.126
303.112
303.098
303.085
303.073
303.061
303.049
303.037
303.026
303.016
303.006
302.996
302.986
302.977
302.969
302.96
302.951
302.942
302.932
302.922
302.915
310.552
309.706
309.001
308.49
308.174
308.018
307.972
307.988
307.999
307.967
307.904
307.718
307.432
306.988
306.381
305.626
304.756
303.706
303.9
303.935
303.95
303.958
303.959
303.953
303.942
303.926
303.908
303.888
303.866
303.843
303.82
303.796
303.772
303.747
303.723
303.698
303.674
303.649
303.625
303.601
303.577
303.553
303.529
303.506
303.483
303.461
303.438
303.416
303.395
303.374
303.353
303.333
303.313
303.293
303.274
303.256
303.238
303.22
303.203
303.187
303.171
303.155
303.14
303.126
303.112
303.098
303.085
303.072
303.06
303.048
303.037
303.026
303.015
303.005
302.995
302.986
302.977
302.968
302.959
302.951
302.942
302.932
302.922
302.915
310.575
309.783
309.131
308.659
308.371
308.231
308.192
308.214
308.249
308.248
308.215
308.079
307.829
307.419
306.837
306.091
305.225
304.374
304.056
303.991
303.994
304
303.998
303.987
303.97
303.95
303.928
303.904
303.88
303.855
303.83
303.804
303.779
303.754
303.729
303.704
303.679
303.654
303.629
303.604
303.58
303.556
303.532
303.509
303.485
303.463
303.44
303.418
303.396
303.375
303.354
303.334
303.314
303.294
303.275
303.256
303.238
303.221
303.204
303.187
303.171
303.155
303.14
303.126
303.111
303.098
303.085
303.072
303.06
303.048
303.036
303.025
303.015
303.004
302.995
302.985
302.976
302.967
302.959
302.951
302.942
302.933
302.924
302.918
310.602
309.865
309.263
308.83
308.565
308.435
308.4
308.424
308.476
308.5
308.487
308.389
308.176
307.813
307.277
306.555
305.676
304.733
303.977
303.987
304.037
304.053
304.046
304.027
304.003
303.977
303.949
303.922
303.894
303.867
303.84
303.813
303.787
303.761
303.735
303.709
303.683
303.658
303.633
303.608
303.583
303.559
303.535
303.511
303.488
303.465
303.442
303.42
303.398
303.376
303.355
303.334
303.314
303.295
303.276
303.257
303.239
303.221
303.204
303.187
303.171
303.155
303.14
303.125
303.111
303.097
303.084
303.071
303.059
303.047
303.036
303.025
303.014
303.004
302.994
302.984
302.975
302.967
302.959
302.951
302.943
302.935
302.928
302.923
310.631
309.951
309.398
309.001
308.757
308.636
308.602
308.626
308.683
308.725
308.73
308.666
308.503
308.2
307.713
307.003
306.079
304.915
303.212
303.945
304.109
304.128
304.107
304.074
304.04
304.005
303.972
303.94
303.909
303.879
303.851
303.822
303.795
303.768
303.741
303.714
303.688
303.662
303.637
303.612
303.587
303.562
303.538
303.513
303.49
303.467
303.444
303.421
303.399
303.377
303.356
303.335
303.315
303.295
303.276
303.257
303.239
303.221
303.204
303.187
303.171
303.155
303.14
303.125
303.111
303.097
303.084
303.071
303.058
303.046
303.035
303.024
303.013
303.003
302.993
302.984
302.975
302.966
302.958
302.95
302.943
302.937
302.931
302.928
310.663
310.043
309.54
309.178
308.952
308.837
308.803
308.824
308.878
308.929
308.951
308.92
308.806
308.555
308.122
307.463
306.577
305.546
304.657
304.409
304.309
304.239
304.179
304.125
304.077
304.034
303.994
303.958
303.924
303.892
303.861
303.831
303.802
303.774
303.747
303.719
303.693
303.667
303.641
303.615
303.59
303.565
303.54
303.516
303.492
303.468
303.445
303.423
303.4
303.379
303.357
303.336
303.316
303.296
303.277
303.258
303.239
303.222
303.204
303.187
303.171
303.155
303.14
303.125
303.111
303.097
303.083
303.07
303.058
303.046
303.034
303.023
303.012
303.002
302.992
302.983
302.974
302.965
302.957
302.95
302.943
302.937
302.933
302.93
310.695
310.136
309.686
309.361
309.153
309.04
309.005
309.021
309.069
309.12
309.153
309.142
309.062
308.852
308.482
307.908
307.112
306.197
305.358
304.736
304.482
304.343
304.248
304.174
304.113
304.061
304.015
303.975
303.938
303.903
303.87
303.839
303.809
303.78
303.752
303.724
303.697
303.671
303.644
303.618
303.593
303.567
303.542
303.518
303.494
303.47
303.447
303.424
303.402
303.38
303.358
303.337
303.317
303.297
303.277
303.258
303.24
303.222
303.204
303.187
303.171
303.155
303.14
303.125
303.11
303.096
303.083
303.07
303.057
303.045
303.034
303.022
303.012
303.001
302.991
302.982
302.973
302.964
302.956
302.949
302.943
302.937
302.933
302.931
310.732
310.24
309.841
309.549
309.36
309.247
309.212
309.222
309.259
309.306
309.339
309.34
309.284
309.116
308.802
308.29
307.551
306.65
305.693
304.725
304.556
304.412
304.3
304.212
304.141
304.083
304.033
303.989
303.95
303.913
303.879
303.847
303.816
303.786
303.757
303.729
303.701
303.674
303.648
303.621
303.595
303.57
303.545
303.52
303.496
303.472
303.448
303.425
303.403
303.381
303.359
303.338
303.317
303.297
303.278
303.259
303.24
303.222
303.204
303.187
303.171
303.155
303.139
303.124
303.11
303.096
303.082
303.069
303.057
303.045
303.033
303.022
303.011
303
302.99
302.98
302.971
302.963
302.955
302.948
302.942
302.937
302.933
302.931
310.766
310.339
309.999
309.745
309.578
309.465
309.427
309.428
309.451
309.489
309.516
309.52
309.475
309.34
309.064
308.603
307.901
306.961
305.892
304.797
304.61
304.454
304.332
304.237
304.161
304.099
304.046
304.001
303.959
303.922
303.887
303.854
303.822
303.792
303.762
303.733
303.705
303.678
303.651
303.624
303.598
303.572
303.547
303.522
303.497
303.473
303.45
303.427
303.404
303.382
303.36
303.339
303.318
303.298
303.278
303.259
303.24
303.222
303.205
303.188
303.171
303.155
303.139
303.124
303.11
303.096
303.082
303.069
303.056
303.044
303.032
303.021
303.01
302.999
302.989
302.979
302.97
302.961
302.953
302.946
302.94
302.935
302.932
302.93
310.808
310.452
310.169
309.951
309.803
309.691
309.646
309.636
309.645
309.668
309.685
309.684
309.639
309.514
309.255
308.804
308.083
307.099
305.981
304.862
304.638
304.469
304.343
304.247
304.17
304.108
304.055
304.008
303.967
303.929
303.893
303.859
303.827
303.796
303.766
303.737
303.709
303.681
303.653
303.627
303.6
303.574
303.549
303.524
303.499
303.475
303.451
303.428
303.405
303.383
303.361
303.34
303.319
303.298
303.279
303.259
303.241
303.222
303.205
303.188
303.171
303.155
303.139
303.124
303.11
303.095
303.082
303.068
303.056
303.043
303.031
303.02
303.009
302.998
302.988
302.978
302.969
302.96
302.952
302.944
302.938
302.933
302.929
302.927
310.848
310.564
310.339
310.156
310.021
309.915
309.862
309.839
309.835
309.84
309.843
309.831
309.778
309.65
309.387
308.921
308.186
307.176
306.004
304.845
304.614
304.45
304.331
304.24
304.169
304.109
304.058
304.013
303.972
303.933
303.898
303.864
303.831
303.8
303.77
303.74
303.711
303.683
303.656
303.629
303.602
303.576
303.55
303.525
303.5
303.476
303.452
303.429
303.406
303.384
303.362
303.34
303.319
303.299
303.279
303.26
303.241
303.223
303.205
303.188
303.171
303.155
303.139
303.124
303.109
303.095
303.081
303.068
303.055
303.043
303.031
303.019
303.008
302.997
302.987
302.977
302.967
302.958
302.95
302.942
302.935
302.93
302.926
302.924
310.887
310.672
310.495
310.344
310.222
310.125
310.061
310.023
310.002
309.992
309.979
309.952
309.883
309.734
309.448
308.95
308.182
307.149
305.942
304.728
304.529
304.393
304.295
304.219
304.157
304.104
304.057
304.014
303.974
303.937
303.901
303.867
303.834
303.803
303.773
303.743
303.714
303.686
303.658
303.631
303.604
303.578
303.552
303.527
303.502
303.477
303.453
303.43
303.407
303.384
303.362
303.341
303.32
303.299
303.279
303.26
303.241
303.223
303.205
303.188
303.171
303.155
303.139
303.124
303.109
303.095
303.081
303.068
303.055
303.042
303.03
303.018
303.007
302.996
302.985
302.975
302.965
302.956
302.947
302.939
302.932
302.926
302.921
302.919
310.923
310.768
310.631
310.51
310.398
310.305
310.225
310.165
310.129
310.106
310.082
310.035
309.943
309.769
309.459
308.931
308.11
307.023
305.81
304.524
304.379
304.301
304.241
304.188
304.14
304.095
304.052
304.012
303.974
303.938
303.903
303.869
303.837
303.805
303.775
303.745
303.716
303.687
303.659
303.632
303.605
303.579
303.553
303.528
303.503
303.478
303.454
303.431
303.408
303.385
303.363
303.341
303.32
303.3
303.28
303.26
303.241
303.223
303.205
303.188
303.171
303.155
303.139
303.124
303.109
303.095
303.081
303.067
303.054
303.042
303.03
303.018
303.006
302.995
302.984
302.974
302.964
302.954
302.945
302.936
302.928
302.92
302.915
302.911
310.948
310.835
310.736
310.644
310.54
310.441
310.326
310.236
310.188
310.163
310.132
310.068
309.947
309.733
309.379
308.822
308.041
307.014
305.781
304.496
304.147
304.193
304.184
304.156
304.121
304.084
304.047
304.01
303.974
303.938
303.904
303.871
303.838
303.807
303.776
303.746
303.717
303.689
303.661
303.633
303.606
303.58
303.554
303.529
303.503
303.479
303.455
303.431
303.408
303.385
303.363
303.342
303.321
303.3
303.28
303.261
303.242
303.223
303.205
303.188
303.171
303.155
303.139
303.124
303.109
303.095
303.081
303.067
303.054
303.041
303.029
303.017
303.006
302.994
302.983
302.973
302.962
302.952
302.943
302.933
302.923
302.914
302.906
302.901
310.962
310.864
310.788
310.722
310.583
310.49
310.309
310.176
310.13
310.115
310.092
310.005
309.855
309.579
309.196
308.621
307.839
306.875
305.701
304.334
304.054
304.133
304.146
304.132
304.106
304.074
304.041
304.006
303.972
303.938
303.904
303.871
303.839
303.808
303.777
303.747
303.718
303.689
303.661
303.634
303.607
303.581
303.555
303.529
303.504
303.48
303.455
303.432
303.409
303.386
303.364
303.342
303.321
303.3
303.28
303.261
303.242
303.223
303.205
303.188
303.171
303.155
303.139
303.124
303.109
303.094
303.08
303.067
303.054
303.041
303.029
303.017
303.005
302.994
302.983
302.972
302.961
302.951
302.94
302.929
302.918
302.906
302.895
302.888
310.861
310.66
310.7
310.584
310.456
310.295
310.132
310.015
309.985
309.872
309.834
309.675
309.564
309.204
308.948
308.411
307.695
306.679
305.657
304.635
304.1
304.127
304.132
304.12
304.097
304.068
304.037
304.004
303.97
303.937
303.904
303.871
303.839
303.808
303.777
303.747
303.718
303.69
303.662
303.634
303.607
303.581
303.555
303.53
303.505
303.48
303.456
303.432
303.409
303.386
303.364
303.342
303.321
303.301
303.28
303.261
303.242
303.223
303.206
303.188
303.171
303.155
303.139
303.124
303.109
303.094
303.08
303.067
303.054
303.041
303.029
303.017
303.005
302.993
302.982
302.971
302.96
302.949
302.938
302.926
302.913
302.899
302.884
302.874
310.933
310.767
310.743
310.621
310.474
310.295
310.145
310.043
309.996
309.92
309.856
309.746
309.624
309.259
308.91
308.362
307.629
306.682
305.665
304.711
304.179
304.138
304.133
304.118
304.094
304.065
304.033
304
303.967
303.934
303.902
303.87
303.838
303.807
303.777
303.747
303.717
303.689
303.662
303.634
303.607
303.581
303.555
303.53
303.505
303.48
303.456
303.432
303.409
303.386
303.364
303.343
303.321
303.301
303.281
303.261
303.242
303.224
303.206
303.188
303.171
303.155
303.139
303.124
303.109
303.094
303.08
303.067
303.054
303.041
303.029
303.016
303.005
302.993
302.982
302.971
302.96
302.949
302.937
302.925
302.91
302.894
302.876
302.865
310.987
310.884
310.799
310.674
310.499
310.327
310.183
310.096
310.036
309.958
309.863
309.742
309.557
309.215
308.858
308.389
307.747
306.919
305.996
305.148
304.49
304.232
304.155
304.125
304.1
304.07
304.037
304.003
303.969
303.935
303.902
303.87
303.839
303.808
303.778
303.747
303.717
303.689
303.662
303.635
303.607
303.581
303.555
303.53
303.505
303.481
303.456
303.432
303.409
303.386
303.364
303.343
303.322
303.301
303.281
303.261
303.242
303.224
303.206
303.188
303.171
303.155
303.139
303.124
303.109
303.095
303.081
303.067
303.054
303.041
303.029
303.017
303.005
302.993
302.982
302.971
302.96
302.949
302.937
302.925
302.91
302.893
302.876
302.864
310.986
310.892
310.794
310.672
310.505
310.337
310.194
310.111
310.045
309.96
309.848
309.712
309.497
309.154
308.723
308.171
307.499
306.659
305.723
304.945
304.441
304.23
304.161
304.141
304.127
304.099
304.069
304.034
303.987
303.946
303.916
303.898
303.871
303.839
303.799
303.776
303.748
303.719
303.688
303.658
303.631
303.605
303.58
303.556
303.533
303.508
303.481
303.454
303.428
303.404
303.382
303.36
303.339
303.319
303.299
303.279
303.259
303.24
303.222
303.205
303.188
303.173
303.158
303.143
303.128
303.114
303.099
303.084
303.071
303.058
303.045
303.032
303.018
303.005
302.991
302.978
302.966
302.954
302.942
302.929
302.913
302.896
302.878
302.867
310.927
310.784
310.655
310.537
310.398
310.274
310.175
310.091
309.996
309.898
309.761
309.579
309.337
308.951
308.246
307.233
306.337
305.636
305.024
304.619
304.386
304.284
304.256
304.242
304.223
304.198
304.174
304.138
304.083
304.033
304.025
304.017
303.99
303.946
303.896
303.864
303.85
303.829
303.795
303.767
303.743
303.723
303.703
303.685
303.671
303.647
303.612
303.571
303.534
303.505
303.483
303.465
303.449
303.433
303.415
303.395
303.372
303.348
303.329
303.315
303.304
303.294
303.283
303.271
303.256
303.239
303.22
303.201
303.183
303.166
303.15
303.132
303.108
303.079
303.051
303.028
303.008
302.991
302.973
302.955
302.935
302.914
302.896
302.885
310.87
310.651
310.492
310.373
310.264
310.173
310.099
310.013
309.899
309.797
309.662
309.469
309.208
308.786
307.998
306.849
305.844
305.186
304.771
304.54
304.423
304.375
304.355
304.331
304.31
304.285
304.263
304.232
304.19
304.143
304.128
304.098
304.058
304.016
303.977
303.953
303.947
303.934
303.905
303.876
303.851
303.83
303.81
303.791
303.775
303.749
303.71
303.664
303.622
303.591
303.569
303.552
303.539
303.524
303.507
303.488
303.466
303.441
303.423
303.41
303.401
303.394
303.385
303.374
303.36
303.345
303.326
303.304
303.283
303.261
303.239
303.216
303.185
303.147
303.109
303.077
303.049
303.025
303.003
302.98
302.956
302.933
302.915
302.905
310.833
310.558
310.374
310.253
310.155
310.07
310
309.918
309.807
309.694
309.554
309.36
309.092
308.67
307.916
306.822
305.807
305.137
304.764
304.57
304.476
304.437
304.412
304.384
304.361
304.337
304.316
304.29
304.258
304.222
304.191
304.15
304.111
304.079
304.053
304.037
304.029
304.015
303.989
303.962
303.937
303.915
303.893
303.871
303.848
303.817
303.774
303.725
303.682
303.652
303.631
303.615
303.602
303.588
303.572
303.553
303.533
303.51
303.493
303.481
303.472
303.464
303.455
303.444
303.432
303.417
303.4
303.381
303.359
303.334
303.307
303.278
303.24
303.197
303.155
303.117
303.085
303.056
303.03
303.002
302.975
302.95
302.932
302.923
310.811
310.504
310.307
310.183
310.086
309.999
309.927
309.844
309.739
309.619
309.47
309.274
309.002
308.579
307.861
306.848
305.872
305.209
304.829
304.623
304.518
304.466
304.433
304.406
304.383
304.362
304.342
304.319
304.293
304.262
304.227
304.187
304.153
304.127
304.108
304.092
304.077
304.058
304.034
304.011
303.989
303.969
303.947
303.923
303.895
303.858
303.811
303.76
303.719
303.69
303.671
303.656
303.642
303.627
303.61
303.592
303.573
303.553
303.537
303.525
303.515
303.505
303.495
303.484
303.471
303.457
303.441
303.423
303.401
303.376
303.346
303.31
303.268
303.223
303.182
303.144
303.111
303.081
303.052
303.022
302.992
302.966
302.946
302.937
310.803
310.486
310.286
310.158
310.059
309.97
309.891
309.805
309.701
309.577
309.424
309.229
308.961
308.556
307.896
306.941
305.996
305.323
304.913
304.673
304.542
304.475
304.437
304.411
304.389
304.37
304.351
304.33
304.305
304.277
304.244
304.209
304.177
304.153
304.132
304.114
304.094
304.072
304.049
304.026
304.006
303.987
303.967
303.945
303.916
303.876
303.825
303.773
303.735
303.709
303.691
303.675
303.661
303.644
303.627
303.609
303.59
303.572
303.557
303.545
303.534
303.524
303.512
303.5
303.486
303.471
303.455
303.436
303.415
303.389
303.357
303.317
303.272
303.229
303.19
303.156
303.125
303.096
303.066
303.036
303.005
302.977
302.956
302.946
)
;

boundaryField
{
    hot
    {
        type            fixedValue;
        value           uniform 311;
    }
    hotTop
    {
        type            fixedValue;
        value           uniform 311;
    }
    cold
    {
        type            inletOutlet;
        inletValue      uniform 301.3;
        value           nonuniform List<scalar> 
64
(
302.846
302.903
302.922
302.925
302.923
302.923
302.923
302.924
302.925
302.926
302.925
302.924
302.922
302.92
302.919
302.919
302.921
302.924
302.926
302.929
302.929
302.928
302.927
302.925
302.924
302.923
302.923
302.922
302.919
302.917
302.916
302.919
302.924
302.927
302.927
302.924
302.92
302.918
302.92
302.924
302.927
302.928
302.926
302.923
302.921
302.919
302.917
302.915
302.915
302.918
302.923
302.928
302.93
302.931
302.931
302.93
302.927
302.924
302.919
302.911
302.901
302.888
302.874
302.865
)
;
    }
    coldTop
    {
        type            zeroGradient;
    }
    top
    {
        type            zeroGradient;
    }
    btm
    {
        type            zeroGradient;
    }
    frontAndBack
    {
        type            empty;
    }
}


// ************************************************************************* //
