/*--------------------------------*- C++ -*----------------------------------*\
  =========                 |
  \\      /  F ield         | OpenFOAM: The Open Source CFD Toolbox
   \\    /   O peration     | Website:  https://openfoam.org
    \\  /    A nd           | Version:  6
     \\/     M anipulation  |
\*---------------------------------------------------------------------------*/
FoamFile
{
    version     2.0;
    format      ascii;
    class       volScalarField;
    location    "4200";
    object      S_d;
}
// * * * * * * * * * * * * * * * * * * * * * * * * * * * * * * * * * * * * * //

dimensions      [1 -3 -1 0 0 0 0];

internalField   nonuniform List<scalar> 
4800
(
-0
-0
-0
-0
-0
-0
-0
-0
-0
-0
-0
-0
-0
-0
-0
-0
-0
-0
-0
-0
-0
-0
-0
-0
-0
-0
-0
-0
-0
-0
-0
-0
-0
-0
-0
-0
-0
-0
-0
-0
-0
-0
-0
-0
-0
-0
-0
-0
-0
-0
-0
-0
-0
-0
-0
-0
-0
-0
-0
-0
-0
-0
-0
-0
-0
-0
-0
-0
-0
-0
-0
-0
-0
-0
-0
-0
-0
-0
-0
-0
-0
-0
-0
-7.99573e+11
-7.99673e+11
-7.9977e+11
-7.99862e+11
-7.99952e+11
-8e+11
-8e+11
-8e+11
-8e+11
-8e+11
-8e+11
-8e+11
-8e+11
-8e+11
-8e+11
-8e+11
-8e+11
-8e+11
-8e+11
-8e+11
-8e+11
-8e+11
-8e+11
-8e+11
-8e+11
-8e+11
-8e+11
-8e+11
-8e+11
-8e+11
-8e+11
-8e+11
-8e+11
-8e+11
-8e+11
-8e+11
-8e+11
-0
-0
-0
-0
-0
-0
-0
-0
-0
-0
-0
-0
-0
-0
-0
-0
-0
-0
-0
-0
-0
-0
-0
-0
-0
-0
-0
-0
-0
-0
-0
-0
-0
-0
-0
-0
-0
-0
-0
-0
-0
-0
-0
-0
-0
-0
-0
-0
-0
-0
-0
-0
-0
-0
-0
-0
-0
-0
-0
-0
-0
-0
-0
-0
-0
-0
-0
-0
-0
-0
-0
-0
-0
-0
-0
-0
-0
-0
-0
-0
-0
-0
-0
-7.99577e+11
-7.99677e+11
-7.99773e+11
-7.99865e+11
-7.99954e+11
-8e+11
-8e+11
-8e+11
-8e+11
-8e+11
-8e+11
-8e+11
-8e+11
-8e+11
-8e+11
-8e+11
-8e+11
-8e+11
-8e+11
-8e+11
-8e+11
-8e+11
-8e+11
-8e+11
-8e+11
-8e+11
-8e+11
-8e+11
-8e+11
-8e+11
-8e+11
-8e+11
-8e+11
-8e+11
-8e+11
-8e+11
-8e+11
-0
-0
-0
-0
-0
-0
-0
-0
-0
-0
-0
-0
-0
-0
-0
-0
-0
-0
-0
-0
-0
-0
-0
-0
-0
-0
-0
-0
-0
-0
-0
-0
-0
-0
-0
-0
-0
-0
-0
-0
-0
-0
-0
-0
-0
-0
-0
-0
-0
-0
-0
-0
-0
-0
-0
-0
-0
-0
-0
-0
-0
-0
-0
-0
-0
-0
-0
-0
-0
-0
-0
-0
-0
-0
-0
-0
-0
-0
-0
-0
-0
-0
-0
-7.99585e+11
-7.99685e+11
-7.9978e+11
-7.99871e+11
-7.99959e+11
-8e+11
-8e+11
-8e+11
-8e+11
-8e+11
-8e+11
-8e+11
-8e+11
-8e+11
-8e+11
-8e+11
-8e+11
-8e+11
-8e+11
-8e+11
-8e+11
-8e+11
-8e+11
-8e+11
-8e+11
-8e+11
-8e+11
-8e+11
-8e+11
-8e+11
-8e+11
-8e+11
-8e+11
-8e+11
-8e+11
-8e+11
-8e+11
-0
-0
-0
-0
-0
-0
-0
-0
-0
-0
-0
-0
-0
-0
-0
-0
-0
-0
-0
-0
-0
-0
-0
-0
-0
-0
-0
-0
-0
-0
-0
-0
-0
-0
-0
-0
-0
-0
-0
-0
-0
-0
-0
-0
-0
-0
-0
-0
-0
-0
-0
-0
-0
-0
-0
-0
-0
-0
-0
-0
-0
-0
-0
-0
-0
-0
-0
-0
-0
-0
-0
-0
-0
-0
-0
-0
-0
-0
-0
-0
-0
-0
-0
-7.99599e+11
-7.99698e+11
-7.99791e+11
-7.9988e+11
-7.99966e+11
-8e+11
-8e+11
-8e+11
-8e+11
-8e+11
-8e+11
-8e+11
-8e+11
-8e+11
-8e+11
-8e+11
-8e+11
-8e+11
-8e+11
-8e+11
-8e+11
-8e+11
-8e+11
-8e+11
-8e+11
-8e+11
-8e+11
-8e+11
-8e+11
-8e+11
-8e+11
-8e+11
-8e+11
-8e+11
-8e+11
-8e+11
-8e+11
-0
-0
-0
-0
-0
-0
-0
-0
-0
-0
-0
-0
-0
-0
-0
-0
-0
-0
-0
-0
-0
-0
-0
-0
-0
-0
-0
-0
-0
-0
-0
-0
-0
-0
-0
-0
-0
-0
-0
-0
-0
-0
-0
-0
-0
-0
-0
-0
-0
-0
-0
-0
-0
-0
-0
-0
-0
-0
-0
-0
-0
-0
-0
-0
-0
-0
-0
-0
-0
-0
-0
-0
-0
-0
-0
-0
-0
-0
-0
-0
-0
-0
-0
-7.99621e+11
-7.99718e+11
-7.99807e+11
-7.99891e+11
-7.99974e+11
-8e+11
-8e+11
-8e+11
-8e+11
-8e+11
-8e+11
-8e+11
-8e+11
-8e+11
-8e+11
-8e+11
-8e+11
-8e+11
-8e+11
-8e+11
-8e+11
-8e+11
-8e+11
-8e+11
-8e+11
-8e+11
-8e+11
-8e+11
-8e+11
-8e+11
-8e+11
-8e+11
-8e+11
-8e+11
-8e+11
-8e+11
-8e+11
-0
-0
-0
-0
-0
-0
-0
-0
-0
-0
-0
-0
-0
-0
-0
-0
-0
-0
-0
-0
-0
-0
-0
-0
-0
-0
-0
-0
-0
-0
-0
-0
-0
-0
-0
-0
-0
-0
-0
-0
-0
-0
-0
-0
-0
-0
-0
-0
-0
-0
-0
-0
-0
-0
-0
-0
-0
-0
-0
-0
-0
-0
-0
-0
-0
-0
-0
-0
-0
-0
-0
-0
-0
-0
-0
-0
-0
-0
-0
-0
-0
-0
-0
-7.99659e+11
-7.99748e+11
-7.99827e+11
-7.99905e+11
-7.99984e+11
-8e+11
-8e+11
-8e+11
-8e+11
-8e+11
-8e+11
-8e+11
-8e+11
-8e+11
-8e+11
-8e+11
-8e+11
-8e+11
-8e+11
-8e+11
-8e+11
-8e+11
-8e+11
-8e+11
-8e+11
-8e+11
-8e+11
-8e+11
-8e+11
-8e+11
-8e+11
-8e+11
-8e+11
-8e+11
-8e+11
-8e+11
-8e+11
-0
-0
-0
-0
-0
-0
-0
-0
-0
-0
-0
-0
-0
-0
-0
-0
-0
-0
-0
-0
-0
-0
-0
-0
-0
-0
-0
-0
-0
-0
-0
-0
-0
-0
-0
-0
-0
-0
-0
-0
-0
-0
-0
-0
-0
-0
-0
-0
-0
-0
-0
-0
-0
-0
-0
-0
-0
-0
-0
-0
-0
-0
-0
-0
-0
-0
-0
-0
-0
-0
-0
-0
-0
-0
-0
-0
-0
-0
-0
-0
-0
-0
-0
-7.9973e+11
-7.9979e+11
-7.99851e+11
-7.9992e+11
-7.99994e+11
-8e+11
-8e+11
-8e+11
-8e+11
-8e+11
-8e+11
-8e+11
-8e+11
-8e+11
-8e+11
-8e+11
-8e+11
-8e+11
-8e+11
-8e+11
-8e+11
-8e+11
-8e+11
-8e+11
-8e+11
-8e+11
-8e+11
-8e+11
-8e+11
-8e+11
-8e+11
-8e+11
-8e+11
-8e+11
-8e+11
-8e+11
-8e+11
-0
-0
-0
-0
-0
-0
-0
-0
-0
-0
-0
-0
-0
-0
-0
-0
-0
-0
-0
-0
-0
-0
-0
-0
-0
-0
-0
-0
-0
-0
-0
-0
-0
-0
-0
-0
-0
-0
-0
-0
-0
-0
-0
-0
-0
-0
-0
-0
-0
-0
-0
-0
-0
-0
-0
-0
-0
-0
-0
-0
-0
-0
-0
-0
-0
-0
-0
-0
-0
-0
-0
-0
-0
-0
-0
-0
-0
-0
-0
-0
-0
-0
-0
-9.54179e+08
-7.99839e+11
-7.99871e+11
-7.99931e+11
-8e+11
-8e+11
-8e+11
-8e+11
-8e+11
-8e+11
-8e+11
-8e+11
-8e+11
-8e+11
-8e+11
-8e+11
-8e+11
-8e+11
-8e+11
-8e+11
-8e+11
-8e+11
-8e+11
-8e+11
-8e+11
-8e+11
-8e+11
-8e+11
-8e+11
-8e+11
-8e+11
-8e+11
-8e+11
-8e+11
-8e+11
-8e+11
-8e+11
-0
-0
-0
-0
-0
-0
-0
-0
-0
-0
-0
-0
-0
-0
-0
-0
-0
-0
-0
-0
-0
-0
-0
-0
-0
-0
-0
-0
-0
-0
-0
-0
-0
-0
-0
-0
-0
-0
-0
-0
-0
-0
-0
-0
-0
-0
-0
-0
-0
-0
-0
-0
-0
-0
-0
-0
-0
-0
-0
-0
-0
-0
-0
-0
-0
-0
-0
-0
-0
-0
-0
-0
-0
-0
-0
-0
-0
-0
-0
-0
-0
-0
-0
-0
-7.99806e+11
-7.99866e+11
-7.99934e+11
-8e+11
-8e+11
-8e+11
-8e+11
-8e+11
-8e+11
-8e+11
-8e+11
-8e+11
-8e+11
-8e+11
-8e+11
-8e+11
-8e+11
-8e+11
-8e+11
-8e+11
-8e+11
-8e+11
-8e+11
-8e+11
-8e+11
-8e+11
-8e+11
-8e+11
-8e+11
-8e+11
-8e+11
-8e+11
-8e+11
-8e+11
-8e+11
-8e+11
-0
-0
-0
-0
-0
-0
-0
-0
-0
-0
-0
-0
-0
-0
-0
-0
-0
-0
-0
-0
-0
-0
-0
-0
-0
-0
-0
-0
-0
-0
-0
-0
-0
-0
-0
-0
-0
-0
-0
-0
-0
-0
-0
-0
-0
-0
-0
-0
-0
-0
-0
-0
-0
-0
-0
-0
-0
-0
-0
-0
-0
-0
-0
-0
-0
-0
-0
-0
-0
-0
-0
-0
-0
-0
-0
-0
-0
-0
-0
-0
-0
-0
-0
-0
-7.99779e+11
-7.99857e+11
-7.99933e+11
-8e+11
-8e+11
-8e+11
-8e+11
-8e+11
-8e+11
-8e+11
-8e+11
-8e+11
-8e+11
-8e+11
-8e+11
-8e+11
-8e+11
-8e+11
-8e+11
-8e+11
-8e+11
-8e+11
-8e+11
-8e+11
-8e+11
-8e+11
-8e+11
-8e+11
-8e+11
-8e+11
-8e+11
-8e+11
-8e+11
-8e+11
-8e+11
-8e+11
-0
-0
-0
-0
-0
-0
-0
-0
-0
-0
-0
-0
-0
-0
-0
-0
-0
-0
-0
-0
-0
-0
-0
-0
-0
-0
-0
-0
-0
-0
-0
-0
-0
-0
-0
-0
-0
-0
-0
-0
-0
-0
-0
-0
-0
-0
-0
-0
-0
-0
-0
-0
-0
-0
-0
-0
-0
-0
-0
-0
-0
-0
-0
-0
-0
-0
-0
-0
-0
-0
-0
-0
-0
-0
-0
-0
-0
-0
-0
-0
-0
-0
-0
-0
-7.99766e+11
-7.99853e+11
-7.99934e+11
-8e+11
-8e+11
-8e+11
-8e+11
-8e+11
-8e+11
-8e+11
-8e+11
-8e+11
-8e+11
-8e+11
-8e+11
-8e+11
-8e+11
-8e+11
-8e+11
-8e+11
-8e+11
-8e+11
-8e+11
-8e+11
-8e+11
-8e+11
-8e+11
-8e+11
-8e+11
-8e+11
-8e+11
-8e+11
-8e+11
-8e+11
-8e+11
-8e+11
-0
-0
-0
-0
-0
-0
-0
-0
-0
-0
-0
-0
-0
-0
-0
-0
-0
-0
-0
-0
-0
-0
-0
-0
-0
-0
-0
-0
-0
-0
-0
-0
-0
-0
-0
-0
-0
-0
-0
-0
-0
-0
-0
-0
-0
-0
-0
-0
-0
-0
-0
-0
-0
-0
-0
-0
-0
-0
-0
-0
-0
-0
-0
-0
-0
-0
-0
-0
-0
-0
-0
-0
-0
-0
-0
-0
-0
-0
-0
-0
-0
-0
-0
-0
-7.99767e+11
-7.99856e+11
-7.99939e+11
-8e+11
-8e+11
-8e+11
-8e+11
-8e+11
-8e+11
-8e+11
-8e+11
-8e+11
-8e+11
-8e+11
-8e+11
-8e+11
-8e+11
-8e+11
-8e+11
-8e+11
-8e+11
-8e+11
-8e+11
-8e+11
-8e+11
-8e+11
-8e+11
-8e+11
-8e+11
-8e+11
-8e+11
-8e+11
-8e+11
-8e+11
-8e+11
-8e+11
-0
-0
-0
-0
-0
-0
-0
-0
-0
-0
-0
-0
-0
-0
-0
-0
-0
-0
-0
-0
-0
-0
-0
-0
-0
-0
-0
-0
-0
-0
-0
-0
-0
-0
-0
-0
-0
-0
-0
-0
-0
-0
-0
-0
-0
-0
-0
-0
-0
-0
-0
-0
-0
-0
-0
-0
-0
-0
-0
-0
-0
-0
-0
-0
-0
-0
-0
-0
-0
-0
-0
-0
-0
-0
-0
-0
-0
-0
-0
-0
-0
-0
-0
-0
-7.99781e+11
-7.9987e+11
-7.9995e+11
-8e+11
-8e+11
-8e+11
-8e+11
-8e+11
-8e+11
-8e+11
-8e+11
-8e+11
-8e+11
-8e+11
-8e+11
-8e+11
-8e+11
-8e+11
-8e+11
-8e+11
-8e+11
-8e+11
-8e+11
-8e+11
-8e+11
-8e+11
-8e+11
-8e+11
-8e+11
-8e+11
-8e+11
-8e+11
-8e+11
-8e+11
-8e+11
-8e+11
-0
-0
-0
-0
-0
-0
-0
-0
-0
-0
-0
-0
-0
-0
-0
-0
-0
-0
-0
-0
-0
-0
-0
-0
-0
-0
-0
-0
-0
-0
-0
-0
-0
-0
-0
-0
-0
-0
-0
-0
-0
-0
-0
-0
-0
-0
-0
-0
-0
-0
-0
-0
-0
-0
-0
-0
-0
-0
-0
-0
-0
-0
-0
-0
-0
-0
-0
-0
-0
-0
-0
-0
-0
-0
-0
-0
-0
-0
-0
-0
-0
-0
-0
-0
-7.99817e+11
-7.99896e+11
-7.99967e+11
-8e+11
-8e+11
-8e+11
-8e+11
-8e+11
-8e+11
-8e+11
-8e+11
-8e+11
-8e+11
-8e+11
-8e+11
-8e+11
-8e+11
-8e+11
-8e+11
-8e+11
-8e+11
-8e+11
-8e+11
-8e+11
-8e+11
-8e+11
-8e+11
-8e+11
-8e+11
-8e+11
-8e+11
-8e+11
-8e+11
-8e+11
-8e+11
-8e+11
-0
-0
-0
-0
-0
-0
-0
-0
-0
-0
-0
-0
-0
-0
-0
-0
-0
-0
-0
-0
-0
-0
-0
-0
-0
-0
-0
-0
-0
-0
-0
-0
-0
-0
-0
-0
-0
-0
-0
-0
-0
-0
-0
-0
-0
-0
-0
-0
-0
-0
-0
-0
-0
-0
-0
-0
-0
-0
-0
-0
-0
-0
-0
-0
-0
-0
-0
-0
-0
-0
-0
-0
-0
-0
-0
-0
-0
-0
-0
-0
-0
-0
-0
-0
-7.99897e+11
-7.99941e+11
-7.9999e+11
-8e+11
-8e+11
-8e+11
-8e+11
-8e+11
-8e+11
-8e+11
-8e+11
-8e+11
-8e+11
-8e+11
-8e+11
-8e+11
-8e+11
-8e+11
-8e+11
-8e+11
-8e+11
-8e+11
-8e+11
-8e+11
-8e+11
-8e+11
-8e+11
-8e+11
-8e+11
-8e+11
-8e+11
-8e+11
-8e+11
-8e+11
-8e+11
-8e+11
-0
-0
-0
-0
-0
-0
-0
-0
-0
-0
-0
-0
-0
-0
-0
-0
-0
-0
-0
-0
-0
-0
-0
-0
-0
-0
-0
-0
-0
-0
-0
-0
-0
-0
-0
-0
-0
-0
-0
-0
-0
-0
-0
-0
-0
-0
-0
-0
-0
-0
-0
-0
-0
-0
-0
-0
-0
-0
-0
-0
-0
-0
-0
-0
-0
-0
-0
-0
-0
-0
-0
-0
-0
-0
-0
-0
-0
-0
-0
-0
-0
-0
-0
-0
-4.79701e+08
-7.99997e+11
-8e+11
-8e+11
-8e+11
-8e+11
-8e+11
-8e+11
-8e+11
-8e+11
-8e+11
-8e+11
-8e+11
-8e+11
-8e+11
-8e+11
-8e+11
-8e+11
-8e+11
-8e+11
-8e+11
-8e+11
-8e+11
-8e+11
-8e+11
-8e+11
-8e+11
-8e+11
-8e+11
-8e+11
-8e+11
-8e+11
-8e+11
-8e+11
-8e+11
-8e+11
-0
-0
-0
-0
-0
-0
-0
-0
-0
-0
-0
-0
-0
-0
-0
-0
-0
-0
-0
-0
-0
-0
-0
-0
-0
-0
-0
-0
-0
-0
-0
-0
-0
-0
-0
-0
-0
-0
-0
-0
-0
-0
-0
-0
-0
-0
-0
-0
-0
-0
-0
-0
-0
-0
-0
-0
-0
-0
-0
-0
-0
-0
-0
-0
-0
-0
-0
-0
-0
-0
-0
-0
-0
-0
-0
-0
-0
-0
-0
-0
-0
-0
-0
-0
-0
-7.99959e+11
-8e+11
-8e+11
-8e+11
-8e+11
-8e+11
-8e+11
-8e+11
-8e+11
-8e+11
-8e+11
-8e+11
-8e+11
-8e+11
-8e+11
-8e+11
-8e+11
-8e+11
-8e+11
-8e+11
-8e+11
-8e+11
-8e+11
-8e+11
-8e+11
-8e+11
-8e+11
-8e+11
-8e+11
-8e+11
-8e+11
-8e+11
-8e+11
-8e+11
-8e+11
-0
-0
-0
-0
-0
-0
-0
-0
-0
-0
-0
-0
-0
-0
-0
-0
-0
-0
-0
-0
-0
-0
-0
-0
-0
-0
-0
-0
-0
-0
-0
-0
-0
-0
-0
-0
-0
-0
-0
-0
-0
-0
-0
-0
-0
-0
-0
-0
-0
-0
-0
-0
-0
-0
-0
-0
-0
-0
-0
-0
-0
-0
-0
-0
-0
-0
-0
-0
-0
-0
-0
-0
-0
-0
-0
-0
-0
-0
-0
-0
-0
-0
-0
-0
-0
-7.99928e+11
-7.99995e+11
-8e+11
-8e+11
-8e+11
-8e+11
-8e+11
-8e+11
-8e+11
-8e+11
-8e+11
-8e+11
-8e+11
-8e+11
-8e+11
-8e+11
-8e+11
-8e+11
-8e+11
-8e+11
-8e+11
-8e+11
-8e+11
-8e+11
-8e+11
-8e+11
-8e+11
-8e+11
-8e+11
-8e+11
-8e+11
-8e+11
-8e+11
-8e+11
-8e+11
-0
-0
-0
-0
-0
-0
-0
-0
-0
-0
-0
-0
-0
-0
-0
-0
-0
-0
-0
-0
-0
-0
-0
-0
-0
-0
-0
-0
-0
-0
-0
-0
-0
-0
-0
-0
-0
-0
-0
-0
-0
-0
-0
-0
-0
-0
-0
-0
-0
-0
-0
-0
-0
-0
-0
-0
-0
-0
-0
-0
-0
-0
-0
-0
-0
-0
-0
-0
-0
-0
-0
-0
-0
-0
-0
-0
-0
-0
-0
-0
-0
-0
-0
-0
-0
-7.99914e+11
-7.99989e+11
-8e+11
-8e+11
-8e+11
-8e+11
-8e+11
-8e+11
-8e+11
-8e+11
-8e+11
-8e+11
-8e+11
-8e+11
-8e+11
-8e+11
-8e+11
-8e+11
-8e+11
-8e+11
-8e+11
-8e+11
-8e+11
-8e+11
-8e+11
-8e+11
-8e+11
-8e+11
-8e+11
-8e+11
-8e+11
-8e+11
-8e+11
-8e+11
-8e+11
-0
-0
-0
-0
-0
-0
-0
-0
-0
-0
-0
-0
-0
-0
-0
-0
-0
-0
-0
-0
-0
-0
-0
-0
-0
-0
-0
-0
-0
-0
-0
-0
-0
-0
-0
-0
-0
-0
-0
-0
-0
-0
-0
-0
-0
-0
-0
-0
-0
-0
-0
-0
-0
-0
-0
-0
-0
-0
-0
-0
-0
-0
-0
-0
-0
-0
-0
-0
-0
-0
-0
-0
-0
-0
-0
-0
-0
-0
-0
-0
-0
-0
-0
-0
-0
-7.99907e+11
-7.99987e+11
-8e+11
-8e+11
-8e+11
-8e+11
-8e+11
-8e+11
-8e+11
-8e+11
-8e+11
-8e+11
-8e+11
-8e+11
-8e+11
-8e+11
-8e+11
-8e+11
-8e+11
-8e+11
-8e+11
-8e+11
-8e+11
-8e+11
-8e+11
-8e+11
-8e+11
-8e+11
-8e+11
-8e+11
-8e+11
-8e+11
-8e+11
-8e+11
-8e+11
-0
-0
-0
-0
-0
-0
-0
-0
-0
-0
-0
-0
-0
-0
-0
-0
-0
-0
-0
-0
-0
-0
-0
-0
-0
-0
-0
-0
-0
-0
-0
-0
-0
-0
-0
-0
-0
-0
-0
-0
-0
-0
-0
-0
-0
-0
-0
-0
-0
-0
-0
-0
-0
-0
-0
-0
-0
-0
-0
-0
-0
-0
-0
-0
-0
-0
-0
-0
-0
-0
-0
-0
-0
-0
-0
-0
-0
-0
-0
-0
-0
-0
-0
-0
-0
-7.999e+11
-7.99983e+11
-8e+11
-8e+11
-8e+11
-8e+11
-8e+11
-8e+11
-8e+11
-8e+11
-8e+11
-8e+11
-8e+11
-8e+11
-8e+11
-8e+11
-8e+11
-8e+11
-8e+11
-8e+11
-8e+11
-8e+11
-8e+11
-8e+11
-8e+11
-8e+11
-8e+11
-8e+11
-8e+11
-8e+11
-8e+11
-8e+11
-8e+11
-8e+11
-8e+11
-0
-0
-0
-0
-0
-0
-0
-0
-0
-0
-0
-0
-0
-0
-0
-0
-0
-0
-0
-0
-0
-0
-0
-0
-0
-0
-0
-0
-0
-0
-0
-0
-0
-0
-0
-0
-0
-0
-0
-0
-0
-0
-0
-0
-0
-0
-0
-0
-0
-0
-0
-0
-0
-0
-0
-0
-0
-0
-0
-0
-0
-0
-0
-0
-0
-0
-0
-0
-0
-0
-0
-0
-0
-0
-0
-0
-0
-0
-0
-0
-0
-0
-0
-0
-0
-7.99752e+11
-7.99973e+11
-8e+11
-8e+11
-8e+11
-8e+11
-8e+11
-8e+11
-8e+11
-8e+11
-8e+11
-8e+11
-8e+11
-8e+11
-8e+11
-8e+11
-8e+11
-8e+11
-8e+11
-8e+11
-8e+11
-8e+11
-8e+11
-8e+11
-8e+11
-8e+11
-8e+11
-8e+11
-8e+11
-8e+11
-8e+11
-8e+11
-8e+11
-8e+11
-8e+11
-0
-0
-0
-0
-0
-0
-0
-0
-0
-0
-0
-0
-0
-0
-0
-0
-0
-0
-0
-0
-0
-0
-0
-0
-0
-0
-0
-0
-0
-0
-0
-0
-0
-0
-0
-0
-0
-0
-0
-0
-0
-0
-0
-0
-0
-0
-0
-0
-0
-0
-0
-0
-0
-0
-0
-0
-0
-0
-0
-0
-0
-0
-0
-0
-0
-0
-0
-0
-0
-0
-0
-0
-0
-0
-0
-0
-0
-0
-0
-0
-0
-0
-0
-0
-0
-549015
-7.99953e+11
-8e+11
-8e+11
-8e+11
-8e+11
-8e+11
-8e+11
-8e+11
-8e+11
-8e+11
-8e+11
-8e+11
-8e+11
-8e+11
-8e+11
-8e+11
-8e+11
-8e+11
-8e+11
-8e+11
-8e+11
-8e+11
-8e+11
-8e+11
-8e+11
-8e+11
-8e+11
-8e+11
-8e+11
-8e+11
-8e+11
-8e+11
-8e+11
-8e+11
-0
-0
-0
-0
-0
-0
-0
-0
-0
-0
-0
-0
-0
-0
-0
-0
-0
-0
-0
-0
-0
-0
-0
-0
-0
-0
-0
-0
-0
-0
-0
-0
-0
-0
-0
-0
-0
-0
-0
-0
-0
-0
-0
-0
-0
-0
-0
-0
-0
-0
-0
-0
-0
-0
-0
-0
-0
-0
-0
-0
-0
-0
-0
-0
-0
-0
-0
-0
-0
-0
-0
-0
-0
-0
-0
-0
-0
-0
-0
-0
-0
-0
-0
-0
-0
-0
-7.99911e+11
-8e+11
-8e+11
-8e+11
-8e+11
-8e+11
-8e+11
-8e+11
-8e+11
-8e+11
-8e+11
-8e+11
-8e+11
-8e+11
-8e+11
-8e+11
-8e+11
-8e+11
-8e+11
-8e+11
-8e+11
-8e+11
-8e+11
-8e+11
-8e+11
-8e+11
-8e+11
-8e+11
-8e+11
-8e+11
-8e+11
-8e+11
-8e+11
-8e+11
-0
-0
-0
-0
-0
-0
-0
-0
-0
-0
-0
-0
-0
-0
-0
-0
-0
-0
-0
-0
-0
-0
-0
-0
-0
-0
-0
-0
-0
-0
-0
-0
-0
-0
-0
-0
-0
-0
-0
-0
-0
-0
-0
-0
-0
-0
-0
-0
-0
-0
-0
-0
-0
-0
-0
-0
-0
-0
-0
-0
-0
-0
-0
-0
-0
-0
-0
-0
-0
-0
-0
-0
-0
-0
-0
-0
-0
-0
-0
-0
-0
-0
-0
-0
-0
-0
-7.99844e+11
-7.99975e+11
-8e+11
-8e+11
-8e+11
-8e+11
-8e+11
-8e+11
-8e+11
-8e+11
-8e+11
-8e+11
-8e+11
-8e+11
-8e+11
-8e+11
-8e+11
-8e+11
-8e+11
-8e+11
-8e+11
-8e+11
-8e+11
-8e+11
-8e+11
-8e+11
-8e+11
-8e+11
-8e+11
-8e+11
-8e+11
-8e+11
-8e+11
-8e+11
-0
-0
-0
-0
-0
-0
-0
-0
-0
-0
-0
-0
-0
-0
-0
-0
-0
-0
-0
-0
-0
-0
-0
-0
-0
-0
-0
-0
-0
-0
-0
-0
-0
-0
-0
-0
-0
-0
-0
-0
-0
-0
-0
-0
-0
-0
-0
-0
-0
-0
-0
-0
-0
-0
-0
-0
-0
-0
-0
-0
-0
-0
-0
-0
-0
-0
-0
-0
-0
-0
-0
-0
-0
-0
-0
-0
-0
-0
-0
-0
-0
-0
-0
-0
-0
-0
-7.99748e+11
-7.99916e+11
-8e+11
-8e+11
-8e+11
-8e+11
-8e+11
-8e+11
-8e+11
-8e+11
-8e+11
-8e+11
-8e+11
-8e+11
-8e+11
-8e+11
-8e+11
-8e+11
-8e+11
-8e+11
-8e+11
-8e+11
-8e+11
-8e+11
-8e+11
-8e+11
-8e+11
-8e+11
-8e+11
-8e+11
-8e+11
-8e+11
-8e+11
-8e+11
-0
-0
-0
-0
-0
-0
-0
-0
-0
-0
-0
-0
-0
-0
-0
-0
-0
-0
-0
-0
-0
-0
-0
-0
-0
-0
-0
-0
-0
-0
-0
-0
-0
-0
-0
-0
-0
-0
-0
-0
-0
-0
-0
-0
-0
-0
-0
-0
-0
-0
-0
-0
-0
-0
-0
-0
-0
-0
-0
-0
-0
-0
-0
-0
-0
-0
-0
-0
-0
-0
-0
-0
-0
-0
-0
-0
-0
-0
-0
-0
-0
-0
-0
-0
-0
-0
-7.99649e+11
-7.99849e+11
-8e+11
-8e+11
-8e+11
-8e+11
-8e+11
-8e+11
-8e+11
-8e+11
-8e+11
-8e+11
-8e+11
-8e+11
-8e+11
-8e+11
-8e+11
-8e+11
-8e+11
-8e+11
-8e+11
-8e+11
-8e+11
-8e+11
-8e+11
-8e+11
-8e+11
-8e+11
-8e+11
-8e+11
-8e+11
-8e+11
-8e+11
-8e+11
-0
-0
-0
-0
-0
-0
-0
-0
-0
-0
-0
-0
-0
-0
-0
-0
-0
-0
-0
-0
-0
-0
-0
-0
-0
-0
-0
-0
-0
-0
-0
-0
-0
-0
-0
-0
-0
-0
-0
-0
-0
-0
-0
-0
-0
-0
-0
-0
-0
-0
-0
-0
-0
-0
-0
-0
-0
-0
-0
-0
-0
-0
-0
-0
-0
-0
-0
-0
-0
-0
-0
-0
-0
-0
-0
-0
-0
-0
-0
-0
-0
-0
-0
-0
-0
-0
-7.43881e+10
-7.99793e+11
-7.99959e+11
-8e+11
-8e+11
-8e+11
-8e+11
-8e+11
-8e+11
-8e+11
-8e+11
-8e+11
-8e+11
-8e+11
-8e+11
-8e+11
-8e+11
-8e+11
-8e+11
-8e+11
-8e+11
-8e+11
-8e+11
-8e+11
-8e+11
-8e+11
-8e+11
-8e+11
-8e+11
-8e+11
-8e+11
-8e+11
-8e+11
-8e+11
-0
-0
-0
-0
-0
-0
-0
-0
-0
-0
-0
-0
-0
-0
-0
-0
-0
-0
-0
-0
-0
-0
-0
-0
-0
-0
-0
-0
-0
-0
-0
-0
-0
-0
-0
-0
-0
-0
-0
-0
-0
-0
-0
-0
-0
-0
-0
-0
-0
-0
-0
-0
-0
-0
-0
-0
-0
-0
-0
-0
-0
-0
-0
-0
-0
-0
-0
-0
-0
-0
-0
-0
-0
-0
-0
-0
-0
-0
-0
-0
-0
-0
-0
-0
-0
-0
-3.07006e+10
-7.99721e+11
-7.99903e+11
-8e+11
-8e+11
-8e+11
-8e+11
-8e+11
-8e+11
-8e+11
-8e+11
-8e+11
-8e+11
-8e+11
-8e+11
-8e+11
-8e+11
-8e+11
-8e+11
-8e+11
-8e+11
-8e+11
-8e+11
-8e+11
-8e+11
-8e+11
-8e+11
-8e+11
-8e+11
-8e+11
-8e+11
-8e+11
-8e+11
-8e+11
-0
-0
-0
-0
-0
-0
-0
-0
-0
-0
-0
-0
-0
-0
-0
-0
-0
-0
-0
-0
-0
-0
-0
-0
-0
-0
-0
-0
-0
-0
-0
-0
-0
-0
-0
-0
-0
-0
-0
-0
-0
-0
-0
-0
-0
-0
-0
-0
-0
-0
-0
-0
-0
-0
-0
-0
-0
-0
-0
-0
-0
-0
-0
-0
-0
-0
-0
-0
-0
-0
-0
-0
-0
-0
-0
-0
-0
-0
-0
-0
-0
-0
-0
-0
-0
-0
-3.53133e+10
-7.99666e+11
-7.99855e+11
-8e+11
-8e+11
-8e+11
-8e+11
-8e+11
-8e+11
-8e+11
-8e+11
-8e+11
-8e+11
-8e+11
-8e+11
-8e+11
-8e+11
-8e+11
-8e+11
-8e+11
-8e+11
-8e+11
-8e+11
-8e+11
-8e+11
-8e+11
-8e+11
-8e+11
-8e+11
-8e+11
-8e+11
-8e+11
-8e+11
-8e+11
-0
-0
-0
-0
-0
-0
-0
-0
-0
-0
-0
-0
-0
-0
-0
-0
-0
-0
-0
-0
-0
-0
-0
-0
-0
-0
-0
-0
-0
-0
-0
-0
-0
-0
-0
-0
-0
-0
-0
-0
-0
-0
-0
-0
-0
-0
-0
-0
-0
-0
-0
-0
-0
-0
-0
-0
-0
-0
-0
-0
-0
-0
-0
-0
-0
-0
-0
-0
-0
-0
-0
-0
-0
-0
-0
-0
-0
-0
-0
-0
-0
-0
-0
-0
-0
-0
-2.77976e+08
-7.99653e+11
-7.99828e+11
-8e+11
-8e+11
-8e+11
-8e+11
-8e+11
-8e+11
-8e+11
-8e+11
-8e+11
-8e+11
-8e+11
-8e+11
-8e+11
-8e+11
-8e+11
-8e+11
-8e+11
-8e+11
-8e+11
-8e+11
-8e+11
-8e+11
-8e+11
-8e+11
-8e+11
-8e+11
-8e+11
-8e+11
-8e+11
-8e+11
-8e+11
-0
-0
-0
-0
-0
-0
-0
-0
-0
-0
-0
-0
-0
-0
-0
-0
-0
-0
-0
-0
-0
-0
-0
-0
-0
-0
-0
-0
-0
-0
-0
-0
-0
-0
-0
-0
-0
-0
-0
-0
-0
-0
-0
-0
-0
-0
-0
-0
-0
-0
-0
-0
-0
-0
-0
-0
-0
-0
-0
-0
-0
-0
-0
-12156.2
-69581.8
-18836
-2473.13
-0
-0
-0
-0
-0
-0
-0
-0
-0
-0
-0
-0
-0
-0
-0
-0
-39914.8
-902091
-1.93353e+06
-2.59286e+07
-7.99541e+11
-7.99819e+11
-8e+11
-8e+11
-8e+11
-8e+11
-8e+11
-8e+11
-8e+11
-8e+11
-8e+11
-8e+11
-8e+11
-8e+11
-8e+11
-8e+11
-8e+11
-8e+11
-8e+11
-8e+11
-8e+11
-8e+11
-8e+11
-8e+11
-8e+11
-8e+11
-8e+11
-8e+11
-8e+11
-8e+11
-8e+11
-8e+11
-8e+11
-0
-0
-0
-0
-0
-0
-0
-0
-0
-0
-0
-0
-0
-0
-0
-0
-0
-0
-0
-0
-0
-0
-0
-0
-0
-0
-0
-0
-0
-0
-0
-0
-0
-0
-0
-0
-0
-0
-0
-0
-0
-0
-0
-0
-0
-0
-0
-0
-0
-0
-0
-0
-0
-0
-0
-0
-0
-0
-0
-0
-0
-0
-0
-0
-0
-0
-0
-0
-0
-0
-0
-0
-0
-0
-0
-0
-0
-0
-0
-0
-0
-0
-0
-0
-0
-0
-0
-0
-0
-0
-0
-0
-0
-0
-0
-0
-0
-0
-0
-0
-0
-0
-0
-0
-0
-0
-0
-0
-0
-0
-0
-0
-0
-0
-0
-0
-0
-0
-0
-0
-0
-0
-0
-0
-0
-0
-0
-0
-0
-0
-0
-0
-0
-0
-0
-0
-0
-0
-0
-0
-0
-0
-0
-0
-0
-0
-0
-0
-0
-0
-0
-0
-0
-0
-0
-0
-0
-0
-0
-0
-0
-0
-0
-0
-0
-0
-0
-0
-0
-0
-0
-0
-0
-0
-0
-0
-0
-0
-0
-0
-0
-0
-0
-0
-0
-0
-0
-0
-0
-0
-0
-0
-0
-0
-0
-0
-0
-0
-0
-0
-0
-0
-0
-0
-0
-0
-0
-0
-0
-0
-0
-0
-0
-0
-0
-0
-0
-0
-0
-0
-0
-0
-0
-0
-0
-0
-0
-0
-0
-0
-0
-0
-0
-0
-0
-0
-0
-0
-0
-0
-0
-0
-0
-0
-0
-0
-0
-0
-0
-0
-0
-0
-0
-0
-0
-0
-0
-0
-0
-0
-0
-0
-0
-0
-0
-0
-0
-0
-0
-0
-0
-0
-0
-0
-0
-0
-0
-0
-0
-0
-0
-0
-0
-0
-0
-0
-0
-0
-0
-0
-0
-0
-0
-0
-0
-0
-0
-0
-0
-0
-0
-0
-0
-0
-0
-0
-0
-0
-0
-0
-0
-0
-0
-0
-0
-0
-0
-0
-0
-0
-0
-0
-0
-0
-0
-0
-0
-0
-0
-0
-0
-0
-0
-0
-0
-0
-0
-0
-0
-0
-0
-0
-0
-0
-0
-0
-0
-0
-0
-0
-0
-0
-0
-0
-0
-0
-0
-0
-0
-0
-0
-0
-0
-0
-0
-0
-0
-0
-0
-0
-0
-0
-0
-0
-0
-0
-0
-0
-0
-0
-0
-0
-0
-0
-0
-0
-0
-0
-0
-0
-0
-0
-0
-0
-0
-0
-0
-0
-0
-0
-0
-0
-0
-0
-0
-0
-0
-0
-0
-0
-0
-0
-0
-0
-0
-0
-0
-0
-0
-0
-0
-0
-0
-0
-0
-0
-0
-0
-0
-0
-0
-0
-0
-0
-0
-0
-0
-0
-0
-0
-0
-0
-0
-0
-0
-0
-0
-0
-0
-0
-0
-0
-0
-0
-0
-0
-0
-0
-0
-0
-0
-0
-0
-0
-0
-0
-0
-0
-0
-0
-0
-0
-0
-0
-0
-0
-0
-0
-0
-0
-0
-0
-0
-0
-0
-0
-0
-0
-0
-0
-0
-0
-0
-0
-0
-0
-0
-0
-0
-0
-0
-0
-0
-0
-0
-0
-0
-0
-0
-0
-0
-0
-0
-0
-0
-0
-0
-0
-0
-0
-0
-0
-0
-0
-0
-0
-0
-0
-0
-0
-0
-0
-0
-0
-0
-0
-0
-0
-0
-0
-0
-0
-0
-0
-0
-0
-0
-0
-0
-0
-0
-0
-0
-0
-0
-0
-0
-0
-0
-0
-0
-0
-0
-0
-0
-0
-0
-0
-0
-0
-0
-0
-0
-0
-0
-0
-0
-0
-0
-0
-0
-0
-0
-0
-0
-0
-0
-0
-0
-0
-0
-0
-0
-0
-0
-0
-0
-0
-0
-0
-0
-0
-0
-0
-0
-0
-0
-0
-0
-0
-0
-0
-0
-0
-0
-0
-0
-0
-0
-0
-0
-0
-0
-0
-0
-0
-0
-0
-0
-0
-0
-0
-0
-0
-0
-0
-0
-0
-0
-0
-0
-0
-0
-0
-0
-0
-0
-0
-0
-0
-0
-0
-0
-0
-0
-0
-0
-0
-0
-0
-0
-0
-0
-0
-0
-0
-0
-0
-0
-0
-0
-0
-0
-0
-0
-0
-0
-0
-0
-0
-0
-0
-0
-0
-0
-0
-0
-0
-0
-0
-0
-0
-0
-0
-0
-0
-0
-0
-0
-0
-0
-0
-0
-0
-0
-0
-0
-0
-0
-0
-0
-0
-0
-0
-0
-0
-0
-0
-0
-0
-0
-0
-0
-0
-0
-0
-0
-0
-0
-0
-0
-0
-0
-0
-0
-0
-0
-0
-0
-0
-0
-0
-0
-0
-0
-0
-0
-0
-0
-0
-0
-0
-0
-0
-0
-0
-0
-0
-0
-0
-0
-0
-0
-0
-0
-0
-0
-0
-0
-0
-0
-0
-0
-0
-0
-0
-0
-0
-0
-0
-0
-0
-0
-0
-0
-0
-0
-0
-0
-0
-0
-0
-0
-0
-0
-0
-0
-0
-0
-0
-0
-0
-0
-0
-0
-0
-0
-0
-0
-0
-0
-0
-0
-0
-0
-0
-0
-0
-0
-0
-0
-0
-0
-0
-0
-0
-0
-0
-0
-0
-0
-0
-0
-0
-0
-0
-0
-0
-0
-0
-0
-0
-0
-0
-0
-0
-0
-0
-0
-0
-0
-0
-0
-0
-0
-0
-0
-0
-0
-0
-0
-0
-0
-0
-0
-0
-0
-0
-0
-0
-0
-0
-0
-0
-0
-0
-0
-0
-0
-0
-0
-0
-0
-0
-0
-0
-0
-0
-0
-0
-0
-0
-0
-0
-0
-0
-0
-0
-0
-0
-0
-0
-0
-0
-0
-0
-0
-0
-0
-0
-0
-0
-0
-0
-0
-0
-0
-0
-0
-0
-0
-0
-0
-0
-0
-0
-0
-0
-0
-0
-0
-0
-0
-0
-0
-0
-0
-0
-0
-0
-0
-0
-0
-0
-0
-0
-0
-0
-0
-0
-0
-0
-0
-0
-0
-0
-0
-0
-0
-0
)
;

boundaryField
{
    hot
    {
        type            calculated;
        value           uniform -0;
    }
    hotTop
    {
        type            calculated;
        value           uniform -0;
    }
    cold
    {
        type            calculated;
        value           uniform -8e+11;
    }
    coldTop
    {
        type            calculated;
        value           nonuniform List<scalar> 8(-1.16185e-10 -0 -0 -0 -0 -0 -0 -0);
    }
    top
    {
        type            calculated;
        value           uniform -0;
    }
    btm
    {
        type            calculated;
        value           nonuniform List<scalar> 
120
(
-0
-0
-0
-0
-0
-0
-0
-0
-0
-0
-0
-0
-0
-0
-0
-0
-0
-0
-0
-0
-0
-0
-0
-0
-0
-0
-0
-0
-0
-0
-0
-0
-0
-0
-0
-0
-0
-0
-0
-0
-0
-0
-0
-0
-0
-0
-0
-0
-0
-0
-0
-0
-0
-0
-0
-0
-0
-0
-0
-0
-0
-0
-0
-0
-0
-0
-0
-0
-0
-0
-0
-0
-0
-0
-0
-0
-0
-0
-0
-0
-0
-0
-0
-7.99573e+11
-7.99673e+11
-7.9977e+11
-7.99862e+11
-7.99952e+11
-8e+11
-8e+11
-8e+11
-8e+11
-8e+11
-8e+11
-8e+11
-8e+11
-8e+11
-8e+11
-8e+11
-8e+11
-8e+11
-8e+11
-8e+11
-8e+11
-8e+11
-8e+11
-8e+11
-8e+11
-8e+11
-8e+11
-8e+11
-8e+11
-8e+11
-8e+11
-8e+11
-8e+11
-8e+11
-8e+11
-8e+11
-8e+11
)
;
    }
    frontAndBack
    {
        type            empty;
    }
}


// ************************************************************************* //
