/*--------------------------------*- C++ -*----------------------------------*\
  =========                 |
  \\      /  F ield         | OpenFOAM: The Open Source CFD Toolbox
   \\    /   O peration     | Website:  https://openfoam.org
    \\  /    A nd           | Version:  6
     \\/     M anipulation  |
\*---------------------------------------------------------------------------*/
FoamFile
{
    version     2.0;
    format      ascii;
    class       volScalarField;
    location    "2400";
    object      S_d;
}
// * * * * * * * * * * * * * * * * * * * * * * * * * * * * * * * * * * * * * //

dimensions      [1 -3 -1 0 0 0 0];

internalField   nonuniform List<scalar> 
4800
(
-0
-0
-0
-0
-0
-0
-0
-0
-0
-0
-0
-0
-0
-0
-0
-0
-0
-0
-0
-0
-0
-0
-0
-0
-0
-0
-0
-0
-0
-0
-0
-0
-0
-0
-0
-0
-0
-0
-0
-0
-0
-0
-0
-0
-0
-0
-0
-0
-0
-0
-0
-0
-0
-0
-0
-0
-0
-0
-0
-0
-0
-0
-0
-0
-0
-0
-0
-0
-0
-0
-0
-0
-0
-0
-0
-0
-0
-0
-0
-0
-0
-0
-7.99202e+11
-7.9936e+11
-7.99503e+11
-7.99636e+11
-7.99761e+11
-7.99879e+11
-7.99994e+11
-8e+11
-8e+11
-8e+11
-8e+11
-8e+11
-8e+11
-8e+11
-8e+11
-8e+11
-8e+11
-8e+11
-8e+11
-8e+11
-8e+11
-8e+11
-8e+11
-8e+11
-8e+11
-8e+11
-8e+11
-8e+11
-8e+11
-8e+11
-8e+11
-8e+11
-8e+11
-8e+11
-8e+11
-8e+11
-8e+11
-8e+11
-0
-0
-0
-0
-0
-0
-0
-0
-0
-0
-0
-0
-0
-0
-0
-0
-0
-0
-0
-0
-0
-0
-0
-0
-0
-0
-0
-0
-0
-0
-0
-0
-0
-0
-0
-0
-0
-0
-0
-0
-0
-0
-0
-0
-0
-0
-0
-0
-0
-0
-0
-0
-0
-0
-0
-0
-0
-0
-0
-0
-0
-0
-0
-0
-0
-0
-0
-0
-0
-0
-0
-0
-0
-0
-0
-0
-0
-0
-0
-0
-0
-0
-7.99217e+11
-7.99372e+11
-7.99512e+11
-7.99642e+11
-7.99765e+11
-7.99882e+11
-7.99996e+11
-8e+11
-8e+11
-8e+11
-8e+11
-8e+11
-8e+11
-8e+11
-8e+11
-8e+11
-8e+11
-8e+11
-8e+11
-8e+11
-8e+11
-8e+11
-8e+11
-8e+11
-8e+11
-8e+11
-8e+11
-8e+11
-8e+11
-8e+11
-8e+11
-8e+11
-8e+11
-8e+11
-8e+11
-8e+11
-8e+11
-8e+11
-0
-0
-0
-0
-0
-0
-0
-0
-0
-0
-0
-0
-0
-0
-0
-0
-0
-0
-0
-0
-0
-0
-0
-0
-0
-0
-0
-0
-0
-0
-0
-0
-0
-0
-0
-0
-0
-0
-0
-0
-0
-0
-0
-0
-0
-0
-0
-0
-0
-0
-0
-0
-0
-0
-0
-0
-0
-0
-0
-0
-0
-0
-0
-0
-0
-0
-0
-0
-0
-0
-0
-0
-0
-0
-0
-0
-0
-0
-0
-0
-0
-0
-7.9925e+11
-7.99396e+11
-7.99529e+11
-7.99653e+11
-7.99772e+11
-7.99887e+11
-7.99999e+11
-8e+11
-8e+11
-8e+11
-8e+11
-8e+11
-8e+11
-8e+11
-8e+11
-8e+11
-8e+11
-8e+11
-8e+11
-8e+11
-8e+11
-8e+11
-8e+11
-8e+11
-8e+11
-8e+11
-8e+11
-8e+11
-8e+11
-8e+11
-8e+11
-8e+11
-8e+11
-8e+11
-8e+11
-8e+11
-8e+11
-8e+11
-0
-0
-0
-0
-0
-0
-0
-0
-0
-0
-0
-0
-0
-0
-0
-0
-0
-0
-0
-0
-0
-0
-0
-0
-0
-0
-0
-0
-0
-0
-0
-0
-0
-0
-0
-0
-0
-0
-0
-0
-0
-0
-0
-0
-0
-0
-0
-0
-0
-0
-0
-0
-0
-0
-0
-0
-0
-0
-0
-0
-0
-0
-0
-0
-0
-0
-0
-0
-0
-0
-0
-0
-0
-0
-0
-0
-0
-0
-0
-0
-0
-0
-7.99302e+11
-7.99431e+11
-7.99551e+11
-7.99668e+11
-7.99782e+11
-7.99894e+11
-8e+11
-8e+11
-8e+11
-8e+11
-8e+11
-8e+11
-8e+11
-8e+11
-8e+11
-8e+11
-8e+11
-8e+11
-8e+11
-8e+11
-8e+11
-8e+11
-8e+11
-8e+11
-8e+11
-8e+11
-8e+11
-8e+11
-8e+11
-8e+11
-8e+11
-8e+11
-8e+11
-8e+11
-8e+11
-8e+11
-8e+11
-8e+11
-0
-0
-0
-0
-0
-0
-0
-0
-0
-0
-0
-0
-0
-0
-0
-0
-0
-0
-0
-0
-0
-0
-0
-0
-0
-0
-0
-0
-0
-0
-0
-0
-0
-0
-0
-0
-0
-0
-0
-0
-0
-0
-0
-0
-0
-0
-0
-0
-0
-0
-0
-0
-0
-0
-0
-0
-0
-0
-0
-0
-0
-0
-0
-0
-0
-0
-0
-0
-0
-0
-0
-0
-0
-0
-0
-0
-0
-0
-0
-0
-0
-0
-7.99375e+11
-7.99472e+11
-7.99575e+11
-7.99682e+11
-7.99791e+11
-7.999e+11
-8e+11
-8e+11
-8e+11
-8e+11
-8e+11
-8e+11
-8e+11
-8e+11
-8e+11
-8e+11
-8e+11
-8e+11
-8e+11
-8e+11
-8e+11
-8e+11
-8e+11
-8e+11
-8e+11
-8e+11
-8e+11
-8e+11
-8e+11
-8e+11
-8e+11
-8e+11
-8e+11
-8e+11
-8e+11
-8e+11
-8e+11
-8e+11
-0
-0
-0
-0
-0
-0
-0
-0
-0
-0
-0
-0
-0
-0
-0
-0
-0
-0
-0
-0
-0
-0
-0
-0
-0
-0
-0
-0
-0
-0
-0
-0
-0
-0
-0
-0
-0
-0
-0
-0
-0
-0
-0
-0
-0
-0
-0
-0
-0
-0
-0
-0
-0
-0
-0
-0
-0
-0
-0
-0
-0
-0
-0
-0
-0
-0
-0
-0
-0
-0
-0
-0
-0
-0
-0
-0
-0
-0
-0
-0
-0
-215330
-7.99455e+11
-7.99504e+11
-7.99592e+11
-7.99693e+11
-7.99799e+11
-7.99906e+11
-8e+11
-8e+11
-8e+11
-8e+11
-8e+11
-8e+11
-8e+11
-8e+11
-8e+11
-8e+11
-8e+11
-8e+11
-8e+11
-8e+11
-8e+11
-8e+11
-8e+11
-8e+11
-8e+11
-8e+11
-8e+11
-8e+11
-8e+11
-8e+11
-8e+11
-8e+11
-8e+11
-8e+11
-8e+11
-8e+11
-8e+11
-8e+11
-0
-0
-0
-0
-0
-0
-0
-0
-0
-0
-0
-0
-0
-0
-0
-0
-0
-0
-0
-0
-0
-0
-0
-0
-0
-0
-0
-0
-0
-0
-0
-0
-0
-0
-0
-0
-0
-0
-0
-0
-0
-0
-0
-0
-0
-0
-0
-0
-0
-0
-0
-0
-0
-0
-0
-0
-0
-0
-0
-0
-0
-0
-0
-0
-0
-0
-0
-0
-0
-0
-0
-0
-0
-0
-0
-0
-0
-0
-0
-0
-0
-7.98941e+11
-7.99405e+11
-7.99495e+11
-7.99593e+11
-7.99696e+11
-7.99803e+11
-7.9991e+11
-8e+11
-8e+11
-8e+11
-8e+11
-8e+11
-8e+11
-8e+11
-8e+11
-8e+11
-8e+11
-8e+11
-8e+11
-8e+11
-8e+11
-8e+11
-8e+11
-8e+11
-8e+11
-8e+11
-8e+11
-8e+11
-8e+11
-8e+11
-8e+11
-8e+11
-8e+11
-8e+11
-8e+11
-8e+11
-8e+11
-8e+11
-8e+11
-0
-0
-0
-0
-0
-0
-0
-0
-0
-0
-0
-0
-0
-0
-0
-0
-0
-0
-0
-0
-0
-0
-0
-0
-0
-0
-0
-0
-0
-0
-0
-0
-0
-0
-0
-0
-0
-0
-0
-0
-0
-0
-0
-0
-0
-0
-0
-0
-0
-0
-0
-0
-0
-0
-0
-0
-0
-0
-0
-0
-0
-0
-0
-0
-0
-0
-0
-0
-0
-0
-0
-0
-0
-0
-0
-0
-0
-0
-0
-0
-0
-7.99223e+11
-7.99358e+11
-7.99475e+11
-7.99585e+11
-7.99695e+11
-7.99804e+11
-7.99912e+11
-8e+11
-8e+11
-8e+11
-8e+11
-8e+11
-8e+11
-8e+11
-8e+11
-8e+11
-8e+11
-8e+11
-8e+11
-8e+11
-8e+11
-8e+11
-8e+11
-8e+11
-8e+11
-8e+11
-8e+11
-8e+11
-8e+11
-8e+11
-8e+11
-8e+11
-8e+11
-8e+11
-8e+11
-8e+11
-8e+11
-8e+11
-8e+11
-0
-0
-0
-0
-0
-0
-0
-0
-0
-0
-0
-0
-0
-0
-0
-0
-0
-0
-0
-0
-0
-0
-0
-0
-0
-0
-0
-0
-0
-0
-0
-0
-0
-0
-0
-0
-0
-0
-0
-0
-0
-0
-0
-0
-0
-0
-0
-0
-0
-0
-0
-0
-0
-0
-0
-0
-0
-0
-0
-0
-0
-0
-0
-0
-0
-0
-0
-0
-0
-0
-0
-0
-0
-0
-0
-0
-0
-0
-0
-0
-0
-7.99183e+11
-7.99328e+11
-7.99457e+11
-7.99577e+11
-7.99692e+11
-7.99804e+11
-7.99914e+11
-8e+11
-8e+11
-8e+11
-8e+11
-8e+11
-8e+11
-8e+11
-8e+11
-8e+11
-8e+11
-8e+11
-8e+11
-8e+11
-8e+11
-8e+11
-8e+11
-8e+11
-8e+11
-8e+11
-8e+11
-8e+11
-8e+11
-8e+11
-8e+11
-8e+11
-8e+11
-8e+11
-8e+11
-8e+11
-8e+11
-8e+11
-8e+11
-0
-0
-0
-0
-0
-0
-0
-0
-0
-0
-0
-0
-0
-0
-0
-0
-0
-0
-0
-0
-0
-0
-0
-0
-0
-0
-0
-0
-0
-0
-0
-0
-0
-0
-0
-0
-0
-0
-0
-0
-0
-0
-0
-0
-0
-0
-0
-0
-0
-0
-0
-0
-0
-0
-0
-0
-0
-0
-0
-0
-0
-0
-0
-0
-0
-0
-0
-0
-0
-0
-0
-0
-0
-0
-0
-0
-0
-0
-0
-0
-0
-7.99165e+11
-7.99312e+11
-7.99446e+11
-7.99571e+11
-7.9969e+11
-7.99805e+11
-7.99917e+11
-8e+11
-8e+11
-8e+11
-8e+11
-8e+11
-8e+11
-8e+11
-8e+11
-8e+11
-8e+11
-8e+11
-8e+11
-8e+11
-8e+11
-8e+11
-8e+11
-8e+11
-8e+11
-8e+11
-8e+11
-8e+11
-8e+11
-8e+11
-8e+11
-8e+11
-8e+11
-8e+11
-8e+11
-8e+11
-8e+11
-8e+11
-8e+11
-0
-0
-0
-0
-0
-0
-0
-0
-0
-0
-0
-0
-0
-0
-0
-0
-0
-0
-0
-0
-0
-0
-0
-0
-0
-0
-0
-0
-0
-0
-0
-0
-0
-0
-0
-0
-0
-0
-0
-0
-0
-0
-0
-0
-0
-0
-0
-0
-0
-0
-0
-0
-0
-0
-0
-0
-0
-0
-0
-0
-0
-0
-0
-0
-0
-0
-0
-0
-0
-0
-0
-0
-0
-0
-0
-0
-0
-0
-0
-0
-0
-7.99161e+11
-7.99307e+11
-7.99442e+11
-7.99569e+11
-7.99691e+11
-7.99807e+11
-7.9992e+11
-8e+11
-8e+11
-8e+11
-8e+11
-8e+11
-8e+11
-8e+11
-8e+11
-8e+11
-8e+11
-8e+11
-8e+11
-8e+11
-8e+11
-8e+11
-8e+11
-8e+11
-8e+11
-8e+11
-8e+11
-8e+11
-8e+11
-8e+11
-8e+11
-8e+11
-8e+11
-8e+11
-8e+11
-8e+11
-8e+11
-8e+11
-8e+11
-0
-0
-0
-0
-0
-0
-0
-0
-0
-0
-0
-0
-0
-0
-0
-0
-0
-0
-0
-0
-0
-0
-0
-0
-0
-0
-0
-0
-0
-0
-0
-0
-0
-0
-0
-0
-0
-0
-0
-0
-0
-0
-0
-0
-0
-0
-0
-0
-0
-0
-0
-0
-0
-0
-0
-0
-0
-0
-0
-0
-0
-0
-0
-0
-0
-0
-0
-0
-0
-0
-0
-0
-0
-0
-0
-0
-0
-0
-0
-0
-0
-7.99166e+11
-7.99309e+11
-7.99444e+11
-7.99572e+11
-7.99695e+11
-7.99812e+11
-7.99926e+11
-8e+11
-8e+11
-8e+11
-8e+11
-8e+11
-8e+11
-8e+11
-8e+11
-8e+11
-8e+11
-8e+11
-8e+11
-8e+11
-8e+11
-8e+11
-8e+11
-8e+11
-8e+11
-8e+11
-8e+11
-8e+11
-8e+11
-8e+11
-8e+11
-8e+11
-8e+11
-8e+11
-8e+11
-8e+11
-8e+11
-8e+11
-8e+11
-0
-0
-0
-0
-0
-0
-0
-0
-0
-0
-0
-0
-0
-0
-0
-0
-0
-0
-0
-0
-0
-0
-0
-0
-0
-0
-0
-0
-0
-0
-0
-0
-0
-0
-0
-0
-0
-0
-0
-0
-0
-0
-0
-0
-0
-0
-0
-0
-0
-0
-0
-0
-0
-0
-0
-0
-0
-0
-0
-0
-0
-0
-0
-0
-0
-0
-0
-0
-0
-0
-0
-0
-0
-0
-0
-0
-0
-0
-0
-0
-0
-7.99179e+11
-7.99319e+11
-7.99453e+11
-7.9958e+11
-7.99702e+11
-7.99819e+11
-7.99933e+11
-8e+11
-8e+11
-8e+11
-8e+11
-8e+11
-8e+11
-8e+11
-8e+11
-8e+11
-8e+11
-8e+11
-8e+11
-8e+11
-8e+11
-8e+11
-8e+11
-8e+11
-8e+11
-8e+11
-8e+11
-8e+11
-8e+11
-8e+11
-8e+11
-8e+11
-8e+11
-8e+11
-8e+11
-8e+11
-8e+11
-8e+11
-8e+11
-0
-0
-0
-0
-0
-0
-0
-0
-0
-0
-0
-0
-0
-0
-0
-0
-0
-0
-0
-0
-0
-0
-0
-0
-0
-0
-0
-0
-0
-0
-0
-0
-0
-0
-0
-0
-0
-0
-0
-0
-0
-0
-0
-0
-0
-0
-0
-0
-0
-0
-0
-0
-0
-0
-0
-0
-0
-0
-0
-0
-0
-0
-0
-0
-0
-0
-0
-0
-0
-0
-0
-0
-0
-0
-0
-0
-0
-0
-0
-0
-0
-7.99197e+11
-7.99334e+11
-7.99466e+11
-7.99592e+11
-7.99713e+11
-7.9983e+11
-7.99943e+11
-8e+11
-8e+11
-8e+11
-8e+11
-8e+11
-8e+11
-8e+11
-8e+11
-8e+11
-8e+11
-8e+11
-8e+11
-8e+11
-8e+11
-8e+11
-8e+11
-8e+11
-8e+11
-8e+11
-8e+11
-8e+11
-8e+11
-8e+11
-8e+11
-8e+11
-8e+11
-8e+11
-8e+11
-8e+11
-8e+11
-8e+11
-8e+11
-0
-0
-0
-0
-0
-0
-0
-0
-0
-0
-0
-0
-0
-0
-0
-0
-0
-0
-0
-0
-0
-0
-0
-0
-0
-0
-0
-0
-0
-0
-0
-0
-0
-0
-0
-0
-0
-0
-0
-0
-0
-0
-0
-0
-0
-0
-0
-0
-0
-0
-0
-0
-0
-0
-0
-0
-0
-0
-0
-0
-0
-0
-0
-0
-0
-0
-0
-0
-0
-0
-0
-0
-0
-0
-0
-0
-0
-0
-0
-0
-0
-7.99221e+11
-7.99355e+11
-7.99484e+11
-7.99608e+11
-7.99728e+11
-7.99843e+11
-7.99955e+11
-8e+11
-8e+11
-8e+11
-8e+11
-8e+11
-8e+11
-8e+11
-8e+11
-8e+11
-8e+11
-8e+11
-8e+11
-8e+11
-8e+11
-8e+11
-8e+11
-8e+11
-8e+11
-8e+11
-8e+11
-8e+11
-8e+11
-8e+11
-8e+11
-8e+11
-8e+11
-8e+11
-8e+11
-8e+11
-8e+11
-8e+11
-8e+11
-0
-0
-0
-0
-0
-0
-0
-0
-0
-0
-0
-0
-0
-0
-0
-0
-0
-0
-0
-0
-0
-0
-0
-0
-0
-0
-0
-0
-0
-0
-0
-0
-0
-0
-0
-0
-0
-0
-0
-0
-0
-0
-0
-0
-0
-0
-0
-0
-0
-0
-0
-0
-0
-0
-0
-0
-0
-0
-0
-0
-0
-0
-0
-0
-0
-0
-0
-0
-0
-0
-0
-0
-0
-0
-0
-0
-0
-0
-0
-0
-0
-7.99249e+11
-7.9938e+11
-7.99506e+11
-7.99628e+11
-7.99746e+11
-7.9986e+11
-7.9997e+11
-8e+11
-8e+11
-8e+11
-8e+11
-8e+11
-8e+11
-8e+11
-8e+11
-8e+11
-8e+11
-8e+11
-8e+11
-8e+11
-8e+11
-8e+11
-8e+11
-8e+11
-8e+11
-8e+11
-8e+11
-8e+11
-8e+11
-8e+11
-8e+11
-8e+11
-8e+11
-8e+11
-8e+11
-8e+11
-8e+11
-8e+11
-8e+11
-0
-0
-0
-0
-0
-0
-0
-0
-0
-0
-0
-0
-0
-0
-0
-0
-0
-0
-0
-0
-0
-0
-0
-0
-0
-0
-0
-0
-0
-0
-0
-0
-0
-0
-0
-0
-0
-0
-0
-0
-0
-0
-0
-0
-0
-0
-0
-0
-0
-0
-0
-0
-0
-0
-0
-0
-0
-0
-0
-0
-0
-0
-0
-0
-0
-0
-0
-0
-0
-0
-0
-0
-0
-0
-0
-0
-0
-0
-0
-0
-0
-7.99282e+11
-7.99409e+11
-7.99532e+11
-7.99652e+11
-7.99767e+11
-7.99879e+11
-7.99988e+11
-8e+11
-8e+11
-8e+11
-8e+11
-8e+11
-8e+11
-8e+11
-8e+11
-8e+11
-8e+11
-8e+11
-8e+11
-8e+11
-8e+11
-8e+11
-8e+11
-8e+11
-8e+11
-8e+11
-8e+11
-8e+11
-8e+11
-8e+11
-8e+11
-8e+11
-8e+11
-8e+11
-8e+11
-8e+11
-8e+11
-8e+11
-8e+11
-0
-0
-0
-0
-0
-0
-0
-0
-0
-0
-0
-0
-0
-0
-0
-0
-0
-0
-0
-0
-0
-0
-0
-0
-0
-0
-0
-0
-0
-0
-0
-0
-0
-0
-0
-0
-0
-0
-0
-0
-0
-0
-0
-0
-0
-0
-0
-0
-0
-0
-0
-0
-0
-0
-0
-0
-0
-0
-0
-0
-0
-0
-0
-0
-0
-0
-0
-0
-0
-0
-0
-0
-0
-0
-0
-0
-0
-0
-0
-0
-0
-7.99319e+11
-7.99443e+11
-7.99563e+11
-7.99679e+11
-7.99792e+11
-7.99901e+11
-8e+11
-8e+11
-8e+11
-8e+11
-8e+11
-8e+11
-8e+11
-8e+11
-8e+11
-8e+11
-8e+11
-8e+11
-8e+11
-8e+11
-8e+11
-8e+11
-8e+11
-8e+11
-8e+11
-8e+11
-8e+11
-8e+11
-8e+11
-8e+11
-8e+11
-8e+11
-8e+11
-8e+11
-8e+11
-8e+11
-8e+11
-8e+11
-8e+11
-0
-0
-0
-0
-0
-0
-0
-0
-0
-0
-0
-0
-0
-0
-0
-0
-0
-0
-0
-0
-0
-0
-0
-0
-0
-0
-0
-0
-0
-0
-0
-0
-0
-0
-0
-0
-0
-0
-0
-0
-0
-0
-0
-0
-0
-0
-0
-0
-0
-0
-0
-0
-0
-0
-0
-0
-0
-0
-0
-0
-0
-0
-0
-0
-0
-0
-0
-0
-0
-0
-0
-0
-0
-0
-0
-0
-0
-0
-0
-0
-0
-7.99361e+11
-7.99481e+11
-7.99597e+11
-7.9971e+11
-7.9982e+11
-7.99926e+11
-8e+11
-8e+11
-8e+11
-8e+11
-8e+11
-8e+11
-8e+11
-8e+11
-8e+11
-8e+11
-8e+11
-8e+11
-8e+11
-8e+11
-8e+11
-8e+11
-8e+11
-8e+11
-8e+11
-8e+11
-8e+11
-8e+11
-8e+11
-8e+11
-8e+11
-8e+11
-8e+11
-8e+11
-8e+11
-8e+11
-8e+11
-8e+11
-8e+11
-0
-0
-0
-0
-0
-0
-0
-0
-0
-0
-0
-0
-0
-0
-0
-0
-0
-0
-0
-0
-0
-0
-0
-0
-0
-0
-0
-0
-0
-0
-0
-0
-0
-0
-0
-0
-0
-0
-0
-0
-0
-0
-0
-0
-0
-0
-0
-0
-0
-0
-0
-0
-0
-0
-0
-0
-0
-0
-0
-0
-0
-0
-0
-0
-0
-0
-0
-0
-0
-0
-0
-0
-0
-0
-0
-0
-0
-0
-0
-0
-0
-7.99407e+11
-7.99524e+11
-7.99636e+11
-7.99745e+11
-7.99851e+11
-7.99954e+11
-8e+11
-8e+11
-8e+11
-8e+11
-8e+11
-8e+11
-8e+11
-8e+11
-8e+11
-8e+11
-8e+11
-8e+11
-8e+11
-8e+11
-8e+11
-8e+11
-8e+11
-8e+11
-8e+11
-8e+11
-8e+11
-8e+11
-8e+11
-8e+11
-8e+11
-8e+11
-8e+11
-8e+11
-8e+11
-8e+11
-8e+11
-8e+11
-8e+11
-0
-0
-0
-0
-0
-0
-0
-0
-0
-0
-0
-0
-0
-0
-0
-0
-0
-0
-0
-0
-0
-0
-0
-0
-0
-0
-0
-0
-0
-0
-0
-0
-0
-0
-0
-0
-0
-0
-0
-0
-0
-0
-0
-0
-0
-0
-0
-0
-0
-0
-0
-0
-0
-0
-0
-0
-0
-0
-0
-0
-0
-0
-0
-0
-0
-0
-0
-0
-0
-0
-0
-0
-0
-0
-0
-0
-0
-0
-0
-0
-0
-7.99458e+11
-7.99571e+11
-7.99679e+11
-7.99784e+11
-7.99886e+11
-7.99985e+11
-8e+11
-8e+11
-8e+11
-8e+11
-8e+11
-8e+11
-8e+11
-8e+11
-8e+11
-8e+11
-8e+11
-8e+11
-8e+11
-8e+11
-8e+11
-8e+11
-8e+11
-8e+11
-8e+11
-8e+11
-8e+11
-8e+11
-8e+11
-8e+11
-8e+11
-8e+11
-8e+11
-8e+11
-8e+11
-8e+11
-8e+11
-8e+11
-8e+11
-0
-0
-0
-0
-0
-0
-0
-0
-0
-0
-0
-0
-0
-0
-0
-0
-0
-0
-0
-0
-0
-0
-0
-0
-0
-0
-0
-0
-0
-0
-0
-0
-0
-0
-0
-0
-0
-0
-0
-0
-0
-0
-0
-0
-0
-0
-0
-0
-0
-0
-0
-0
-0
-0
-0
-0
-0
-0
-0
-0
-0
-0
-0
-0
-0
-0
-0
-0
-0
-0
-0
-0
-0
-0
-0
-0
-0
-0
-0
-0
-0
-7.99515e+11
-7.99624e+11
-7.99727e+11
-7.99827e+11
-7.99924e+11
-8e+11
-8e+11
-8e+11
-8e+11
-8e+11
-8e+11
-8e+11
-8e+11
-8e+11
-8e+11
-8e+11
-8e+11
-8e+11
-8e+11
-8e+11
-8e+11
-8e+11
-8e+11
-8e+11
-8e+11
-8e+11
-8e+11
-8e+11
-8e+11
-8e+11
-8e+11
-8e+11
-8e+11
-8e+11
-8e+11
-8e+11
-8e+11
-8e+11
-8e+11
-0
-0
-0
-0
-0
-0
-0
-0
-0
-0
-0
-0
-0
-0
-0
-0
-0
-0
-0
-0
-0
-0
-0
-0
-0
-0
-0
-0
-0
-0
-0
-0
-0
-0
-0
-0
-0
-0
-0
-0
-0
-0
-0
-0
-0
-0
-0
-0
-0
-0
-0
-0
-0
-0
-0
-0
-0
-0
-0
-0
-0
-0
-0
-0
-0
-0
-0
-0
-0
-0
-0
-0
-0
-0
-0
-0
-0
-0
-0
-0
-0
-7.99578e+11
-7.99682e+11
-7.99779e+11
-7.99873e+11
-7.99964e+11
-8e+11
-8e+11
-8e+11
-8e+11
-8e+11
-8e+11
-8e+11
-8e+11
-8e+11
-8e+11
-8e+11
-8e+11
-8e+11
-8e+11
-8e+11
-8e+11
-8e+11
-8e+11
-8e+11
-8e+11
-8e+11
-8e+11
-8e+11
-8e+11
-8e+11
-8e+11
-8e+11
-8e+11
-8e+11
-8e+11
-8e+11
-8e+11
-8e+11
-8e+11
-0
-0
-0
-0
-0
-0
-0
-0
-0
-0
-0
-0
-0
-0
-0
-0
-0
-0
-0
-0
-0
-0
-0
-0
-0
-0
-0
-0
-0
-0
-0
-0
-0
-0
-0
-0
-0
-0
-0
-0
-0
-0
-0
-0
-0
-0
-0
-0
-0
-0
-0
-0
-0
-0
-0
-0
-0
-0
-0
-0
-0
-0
-0
-0
-0
-0
-0
-0
-0
-0
-0
-0
-0
-0
-0
-0
-0
-0
-0
-0
-0
-7.99648e+11
-7.99746e+11
-7.99836e+11
-7.99923e+11
-8e+11
-8e+11
-8e+11
-8e+11
-8e+11
-8e+11
-8e+11
-8e+11
-8e+11
-8e+11
-8e+11
-8e+11
-8e+11
-8e+11
-8e+11
-8e+11
-8e+11
-8e+11
-8e+11
-8e+11
-8e+11
-8e+11
-8e+11
-8e+11
-8e+11
-8e+11
-8e+11
-8e+11
-8e+11
-8e+11
-8e+11
-8e+11
-8e+11
-8e+11
-8e+11
-0
-0
-0
-0
-0
-0
-0
-0
-0
-0
-0
-0
-0
-0
-0
-0
-0
-0
-0
-0
-0
-0
-0
-0
-0
-0
-0
-0
-0
-0
-0
-0
-0
-0
-0
-0
-0
-0
-0
-0
-0
-0
-0
-0
-0
-0
-0
-0
-0
-0
-0
-0
-0
-0
-0
-0
-0
-0
-0
-0
-0
-0
-0
-0
-0
-0
-0
-0
-0
-0
-0
-0
-0
-0
-0
-0
-0
-0
-0
-0
-0
-7.99729e+11
-7.99816e+11
-7.99896e+11
-7.99974e+11
-8e+11
-8e+11
-8e+11
-8e+11
-8e+11
-8e+11
-8e+11
-8e+11
-8e+11
-8e+11
-8e+11
-8e+11
-8e+11
-8e+11
-8e+11
-8e+11
-8e+11
-8e+11
-8e+11
-8e+11
-8e+11
-8e+11
-8e+11
-8e+11
-8e+11
-8e+11
-8e+11
-8e+11
-8e+11
-8e+11
-8e+11
-8e+11
-8e+11
-8e+11
-8e+11
-0
-0
-0
-0
-0
-0
-0
-0
-0
-0
-0
-0
-0
-0
-0
-0
-0
-0
-0
-0
-0
-0
-0
-0
-0
-0
-0
-0
-0
-0
-0
-0
-0
-0
-0
-0
-0
-0
-0
-0
-0
-0
-0
-0
-0
-0
-0
-0
-0
-0
-0
-0
-0
-0
-0
-0
-0
-0
-0
-0
-0
-0
-0
-0
-0
-0
-0
-0
-0
-0
-0
-0
-0
-0
-0
-0
-0
-0
-0
-0
-0
-1.14579e+08
-7.99893e+11
-7.99957e+11
-8e+11
-8e+11
-8e+11
-8e+11
-8e+11
-8e+11
-8e+11
-8e+11
-8e+11
-8e+11
-8e+11
-8e+11
-8e+11
-8e+11
-8e+11
-8e+11
-8e+11
-8e+11
-8e+11
-8e+11
-8e+11
-8e+11
-8e+11
-8e+11
-8e+11
-8e+11
-8e+11
-8e+11
-8e+11
-8e+11
-8e+11
-8e+11
-8e+11
-8e+11
-8e+11
-8e+11
-0
-0
-0
-0
-0
-0
-0
-0
-0
-0
-0
-0
-0
-0
-0
-0
-0
-0
-0
-0
-0
-0
-0
-0
-0
-0
-0
-0
-0
-0
-0
-0
-0
-0
-0
-0
-0
-0
-0
-0
-0
-0
-0
-0
-0
-0
-0
-0
-0
-0
-0
-0
-0
-0
-0
-0
-0
-0
-0
-0
-0
-0
-0
-0
-0
-0
-0
-0
-0
-0
-0
-0
-0
-0
-0
-0
-0
-0
-0
-0
-0
-4.13237e+09
-7.99956e+11
-8e+11
-8e+11
-8e+11
-8e+11
-8e+11
-8e+11
-8e+11
-8e+11
-8e+11
-8e+11
-8e+11
-8e+11
-8e+11
-8e+11
-8e+11
-8e+11
-8e+11
-8e+11
-8e+11
-8e+11
-8e+11
-8e+11
-8e+11
-8e+11
-8e+11
-8e+11
-8e+11
-8e+11
-8e+11
-8e+11
-8e+11
-8e+11
-8e+11
-8e+11
-8e+11
-8e+11
-8e+11
-0
-0
-0
-0
-0
-0
-0
-0
-0
-0
-0
-0
-0
-0
-0
-0
-0
-0
-0
-0
-0
-0
-0
-0
-0
-0
-0
-0
-0
-0
-0
-0
-0
-0
-0
-0
-0
-0
-0
-0
-0
-0
-0
-0
-0
-0
-0
-0
-0
-0
-0
-0
-0
-0
-0
-0
-0
-0
-0
-0
-0
-0
-0
-0
-0
-0
-0
-0
-0
-0
-0
-0
-0
-0
-0
-0
-0
-0
-0
-0
-0
-2.06692e+07
-8e+11
-8e+11
-8e+11
-8e+11
-8e+11
-8e+11
-8e+11
-8e+11
-8e+11
-8e+11
-8e+11
-8e+11
-8e+11
-8e+11
-8e+11
-8e+11
-8e+11
-8e+11
-8e+11
-8e+11
-8e+11
-8e+11
-8e+11
-8e+11
-8e+11
-8e+11
-8e+11
-8e+11
-8e+11
-8e+11
-8e+11
-8e+11
-8e+11
-8e+11
-8e+11
-8e+11
-8e+11
-8e+11
-0
-0
-0
-0
-0
-0
-0
-0
-0
-0
-0
-0
-0
-0
-0
-0
-0
-0
-0
-0
-0
-0
-0
-0
-0
-0
-0
-0
-0
-0
-0
-0
-0
-0
-0
-0
-0
-0
-0
-0
-0
-0
-0
-0
-0
-0
-0
-0
-0
-0
-0
-0
-0
-0
-0
-0
-0
-0
-0
-0
-0
-0
-0
-0
-0
-0
-0
-0
-0
-0
-0
-0
-0
-0
-0
-0
-0
-0
-0
-0
-0
-24542.1
-2.38672e+08
-8e+11
-8e+11
-8e+11
-8e+11
-8e+11
-8e+11
-8e+11
-8e+11
-8e+11
-8e+11
-8e+11
-8e+11
-8e+11
-8e+11
-8e+11
-8e+11
-8e+11
-8e+11
-8e+11
-8e+11
-8e+11
-8e+11
-8e+11
-8e+11
-8e+11
-8e+11
-8e+11
-8e+11
-8e+11
-8e+11
-8e+11
-8e+11
-8e+11
-8e+11
-8e+11
-8e+11
-8e+11
-0
-0
-0
-0
-0
-0
-0
-0
-0
-0
-0
-0
-0
-0
-0
-0
-0
-0
-0
-0
-0
-0
-0
-0
-0
-0
-0
-0
-0
-0
-0
-0
-0
-0
-0
-0
-0
-0
-0
-0
-0
-0
-0
-0
-0
-0
-0
-0
-0
-0
-0
-0
-0
-0
-0
-0
-0
-0
-0
-0
-0
-0
-0
-0
-0
-0
-0
-0
-0
-0
-0
-0
-0
-0
-0
-0
-0
-0
-0
-0
-0
-855577
-2.84541e+06
-8.79561e+09
-8e+11
-8e+11
-8e+11
-8e+11
-8e+11
-8e+11
-8e+11
-8e+11
-8e+11
-8e+11
-8e+11
-8e+11
-8e+11
-8e+11
-8e+11
-8e+11
-8e+11
-8e+11
-8e+11
-8e+11
-8e+11
-8e+11
-8e+11
-8e+11
-8e+11
-8e+11
-8e+11
-8e+11
-8e+11
-8e+11
-8e+11
-8e+11
-8e+11
-8e+11
-8e+11
-8e+11
-0
-0
-0
-0
-0
-0
-0
-0
-0
-0
-0
-0
-0
-0
-0
-0
-0
-0
-0
-0
-0
-0
-0
-0
-0
-0
-0
-0
-0
-0
-0
-0
-0
-0
-0
-0
-0
-0
-0
-0
-0
-0
-0
-0
-0
-0
-0
-0
-0
-0
-0
-0
-0
-0
-0
-0
-0
-0
-0
-0
-0
-0
-0
-0
-0
-0
-0
-0
-0
-0
-0
-0
-0
-0
-0
-0
-0
-0
-0
-0
-0
-0
-0
-961899
-5.75136e+07
-8e+11
-8e+11
-8e+11
-8e+11
-8e+11
-8e+11
-8e+11
-8e+11
-8e+11
-8e+11
-8e+11
-8e+11
-8e+11
-8e+11
-8e+11
-8e+11
-8e+11
-8e+11
-8e+11
-8e+11
-8e+11
-8e+11
-8e+11
-8e+11
-8e+11
-8e+11
-8e+11
-8e+11
-8e+11
-8e+11
-8e+11
-8e+11
-8e+11
-8e+11
-8e+11
-0
-0
-0
-0
-0
-0
-0
-0
-0
-0
-0
-0
-0
-0
-0
-0
-0
-0
-0
-0
-0
-0
-0
-0
-0
-0
-0
-0
-0
-0
-0
-0
-0
-0
-0
-0
-0
-0
-0
-0
-0
-0
-0
-0
-0
-0
-0
-0
-0
-0
-0
-0
-0
-0
-0
-0
-0
-0
-0
-0
-0
-0
-0
-0
-0
-0
-0
-0
-0
-0
-0
-0
-0
-0
-0
-0
-0
-0
-0
-0
-0
-0
-0
-47739.7
-2846.1
-1.14489e+07
-1.81036e+09
-8e+11
-8e+11
-8e+11
-8e+11
-8e+11
-8e+11
-8e+11
-8e+11
-8e+11
-8e+11
-8e+11
-8e+11
-8e+11
-8e+11
-8e+11
-8e+11
-8e+11
-8e+11
-8e+11
-8e+11
-8e+11
-8e+11
-8e+11
-8e+11
-8e+11
-8e+11
-8e+11
-8e+11
-8e+11
-8e+11
-8e+11
-8e+11
-8e+11
-0
-0
-0
-0
-0
-0
-0
-0
-0
-0
-0
-0
-0
-0
-0
-0
-0
-0
-0
-0
-0
-0
-0
-0
-0
-0
-0
-0
-0
-0
-0
-0
-0
-0
-0
-0
-0
-0
-0
-0
-0
-0
-0
-0
-0
-0
-0
-0
-0
-0
-0
-0
-0
-0
-0
-0
-0
-0
-0
-0
-0
-0
-0
-0
-0
-0
-0
-0
-0
-0
-0
-0
-0
-0
-0
-0
-0
-0
-0
-0
-0
-0
-0
-0
-0
-0
-0
-0
-0
-0
-0
-0
-0
-0
-0
-0
-0
-0
-0
-0
-0
-0
-0
-0
-0
-0
-0
-0
-0
-0
-0
-0
-0
-0
-0
-0
-0
-0
-0
-0
-0
-0
-0
-0
-0
-0
-0
-0
-0
-0
-0
-0
-0
-0
-0
-0
-0
-0
-0
-0
-0
-0
-0
-0
-0
-0
-0
-0
-0
-0
-0
-0
-0
-0
-0
-0
-0
-0
-0
-0
-0
-0
-0
-0
-0
-0
-0
-0
-0
-0
-0
-0
-0
-0
-0
-0
-0
-0
-0
-0
-0
-0
-0
-0
-0
-0
-0
-0
-0
-0
-0
-0
-0
-0
-0
-0
-0
-0
-0
-0
-0
-0
-0
-0
-0
-0
-0
-0
-0
-0
-0
-0
-0
-0
-0
-0
-0
-0
-0
-0
-0
-0
-0
-0
-0
-0
-0
-0
-0
-0
-0
-0
-0
-0
-0
-0
-0
-0
-0
-0
-0
-0
-0
-0
-0
-0
-0
-0
-0
-0
-0
-0
-0
-0
-0
-0
-0
-0
-0
-0
-0
-0
-0
-0
-0
-0
-0
-0
-0
-0
-0
-0
-0
-0
-0
-0
-0
-0
-0
-0
-0
-0
-0
-0
-0
-0
-0
-0
-0
-0
-0
-0
-0
-0
-0
-0
-0
-0
-0
-0
-0
-0
-0
-0
-0
-0
-0
-0
-0
-0
-0
-0
-0
-0
-0
-0
-0
-0
-0
-0
-0
-0
-0
-0
-0
-0
-0
-0
-0
-0
-0
-0
-0
-0
-0
-0
-0
-0
-0
-0
-0
-0
-0
-0
-0
-0
-0
-0
-0
-0
-0
-0
-0
-0
-0
-0
-0
-0
-0
-0
-0
-0
-0
-0
-0
-0
-0
-0
-0
-0
-0
-0
-0
-0
-0
-0
-0
-0
-0
-0
-0
-0
-0
-0
-0
-0
-0
-0
-0
-0
-0
-0
-0
-0
-0
-0
-0
-0
-0
-0
-0
-0
-0
-0
-0
-0
-0
-0
-0
-0
-0
-0
-0
-0
-0
-0
-0
-0
-0
-0
-0
-0
-0
-0
-0
-0
-0
-0
-0
-0
-0
-0
-0
-0
-0
-0
-0
-0
-0
-0
-0
-0
-0
-0
-0
-0
-0
-0
-0
-0
-0
-0
-0
-0
-0
-0
-0
-0
-0
-0
-0
-0
-0
-0
-0
-0
-0
-0
-0
-0
-0
-0
-0
-0
-0
-0
-0
-0
-0
-0
-0
-0
-0
-0
-0
-0
-0
-0
-0
-0
-0
-0
-0
-0
-0
-0
-0
-0
-0
-0
-0
-0
-0
-0
-0
-0
-0
-0
-0
-0
-0
-0
-0
-0
-0
-0
-0
-0
-0
-0
-0
-0
-0
-0
-0
-0
-0
-0
-0
-0
-0
-0
-0
-0
-0
-0
-0
-0
-0
-0
-0
-0
-0
-0
-0
-0
-0
-0
-0
-0
-0
-0
-0
-0
-0
-0
-0
-0
-0
-0
-0
-0
-0
-0
-0
-0
-0
-0
-0
-0
-0
-0
-0
-0
-0
-0
-0
-0
-0
-0
-0
-0
-0
-0
-0
-0
-0
-0
-0
-0
-0
-0
-0
-0
-0
-0
-0
-0
-0
-0
-0
-0
-0
-0
-0
-0
-0
-0
-0
-0
-0
-0
-0
-0
-0
-0
-0
-0
-0
-0
-0
-0
-0
-0
-0
-0
-0
-0
-0
-0
-0
-0
-0
-0
-0
-0
-0
-0
-0
-0
-0
-0
-0
-0
-0
-0
-0
-0
-0
-0
-0
-0
-0
-0
-0
-0
-0
-0
-0
-0
-0
-0
-0
-0
-0
-0
-0
-0
-0
-0
-0
-0
-0
-0
-0
-0
-0
-0
-0
-0
-0
-0
-0
-0
-0
-0
-0
-0
-0
-0
-0
-0
-0
-0
-0
-0
-0
-0
-0
-0
-0
-0
-0
-0
-0
-0
-0
-0
-0
-0
-0
-0
-0
-0
-0
-0
-0
-0
-0
-0
-0
-0
-0
-0
-0
-0
-0
-0
-0
-0
-0
-0
-0
-0
-0
-0
-0
-0
-0
-0
-0
-0
-0
-0
-0
-0
-0
-0
-0
-0
-0
-0
-0
-0
-0
-0
-0
-0
-0
-0
-0
-0
-0
-0
-0
-0
-0
-0
-0
-0
-0
-0
-0
-0
-0
-0
-0
-0
-0
-0
-0
-0
-0
-0
-0
-0
-0
-0
-0
-0
-0
-0
-0
-0
-0
-0
-0
-0
-0
-0
-0
-0
-0
-0
-0
-0
-0
-0
-0
-0
-0
-0
-0
-0
-0
-0
-0
-0
-0
-0
-0
-0
-0
-0
-0
-0
-0
-0
-0
-0
-0
-0
-0
-0
-0
-0
-0
-0
-0
-0
-0
-0
-0
-0
-0
-0
-0
-0
-0
-0
-0
-0
-0
-0
-0
-0
-0
-0
-0
-0
-0
-0
-0
-0
-0
-0
-0
-0
-0
-0
-0
-0
-0
-0
-0
-0
-0
-0
-0
-0
-0
-0
-0
-0
-0
-0
-0
-0
-0
-0
-0
-0
-0
-0
-0
-0
-0
-0
-0
-0
-0
-0
-0
-0
-0
-0
-0
-0
-0
-0
-0
-0
-0
-0
-0
-0
-0
-0
-0
-0
-0
-0
-0
-0
-0
-0
-0
-0
-0
-0
-0
-0
-0
-0
-0
-0
-0
-0
-0
-0
-0
-0
-0
-0
-0
-0
-0
-0
-0
-0
-0
-0
-0
-0
-0
-0
-0
-0
-0
-0
)
;

boundaryField
{
    hot
    {
        type            calculated;
        value           uniform -0;
    }
    hotTop
    {
        type            calculated;
        value           uniform -0;
    }
    cold
    {
        type            calculated;
        value           uniform -8e+11;
    }
    coldTop
    {
        type            calculated;
        value           nonuniform List<scalar> 8(-9.22515e-10 -0 -0 -0 -0 -0 -0 -0);
    }
    top
    {
        type            calculated;
        value           uniform -0;
    }
    btm
    {
        type            calculated;
        value           nonuniform List<scalar> 
120
(
-0
-0
-0
-0
-0
-0
-0
-0
-0
-0
-0
-0
-0
-0
-0
-0
-0
-0
-0
-0
-0
-0
-0
-0
-0
-0
-0
-0
-0
-0
-0
-0
-0
-0
-0
-0
-0
-0
-0
-0
-0
-0
-0
-0
-0
-0
-0
-0
-0
-0
-0
-0
-0
-0
-0
-0
-0
-0
-0
-0
-0
-0
-0
-0
-0
-0
-0
-0
-0
-0
-0
-0
-0
-0
-0
-0
-0
-0
-0
-0
-0
-0
-7.99202e+11
-7.9936e+11
-7.99503e+11
-7.99636e+11
-7.99761e+11
-7.99879e+11
-7.99994e+11
-8e+11
-8e+11
-8e+11
-8e+11
-8e+11
-8e+11
-8e+11
-8e+11
-8e+11
-8e+11
-8e+11
-8e+11
-8e+11
-8e+11
-8e+11
-8e+11
-8e+11
-8e+11
-8e+11
-8e+11
-8e+11
-8e+11
-8e+11
-8e+11
-8e+11
-8e+11
-8e+11
-8e+11
-8e+11
-8e+11
-8e+11
)
;
    }
    frontAndBack
    {
        type            empty;
    }
}


// ************************************************************************* //
