/*--------------------------------*- C++ -*----------------------------------*\
  =========                 |
  \\      /  F ield         | OpenFOAM: The Open Source CFD Toolbox
   \\    /   O peration     | Website:  https://openfoam.org
    \\  /    A nd           | Version:  6
     \\/     M anipulation  |
\*---------------------------------------------------------------------------*/
FoamFile
{
    version     2.0;
    format      ascii;
    class       volScalarField;
    location    "4700";
    object      rho;
}
// * * * * * * * * * * * * * * * * * * * * * * * * * * * * * * * * * * * * * //

dimensions      [1 -3 0 0 0 0 0];

internalField   nonuniform List<scalar> 
4800
(
9780
9780
9780
9780
9780
9780
9780
9780
9780
9780
9780
9780
9780
9780
9780
9780
9780
9780
9780
9780
9780
9780
9780
9780
9780
9780
9780
9780
9780
9780
9780
9780
9780
9780
9780
9780
9780
9780
9780
9780
9780
9780
9780
9780
9780
9780
9780
9780
9780
9780
9780
9780
9780
9780
9780
9780
9780
9780
9780
9780
9780
9780
9780
9780
9780
9780
9780
9780
9780
9780
9780
9780
9780
9780
9780
9780
9780
9780
9780
9780
9780
9780
9780
9780
9780
9780
9780
9775.85
9776.6
9777.28
9777.93
9778.55
9779.16
9779.75
9780
9780
9780
9780
9780
9780
9780
9780
9780
9780
9780
9780
9780
9780
9780
9780
9780
9780
9780
9780
9780
9780
9780
9780
9780
9780
9780
9780
9780
9780
9780
9780
9780
9780
9780
9780
9780
9780
9780
9780
9780
9780
9780
9780
9780
9780
9780
9780
9780
9780
9780
9780
9780
9780
9780
9780
9780
9780
9780
9780
9780
9780
9780
9780
9780
9780
9780
9780
9780
9780
9780
9780
9780
9780
9780
9780
9780
9780
9780
9780
9780
9780
9780
9780
9780
9780
9780
9780
9780
9780
9780
9780
9780
9780
9780
9780
9780
9780
9780
9780
9780
9780
9780
9780
9780
9780
9780
9780
9780
9780
9780
9780
9780
9775.96
9776.66
9777.32
9777.95
9778.57
9779.17
9779.75
9780
9780
9780
9780
9780
9780
9780
9780
9780
9780
9780
9780
9780
9780
9780
9780
9780
9780
9780
9780
9780
9780
9780
9780
9780
9780
9780
9780
9780
9780
9780
9780
9780
9780
9780
9780
9780
9780
9780
9780
9780
9780
9780
9780
9780
9780
9780
9780
9780
9780
9780
9780
9780
9780
9780
9780
9780
9780
9780
9780
9780
9780
9780
9780
9780
9780
9780
9780
9780
9780
9780
9780
9780
9780
9780
9780
9780
9780
9780
9780
9780
9780
9780
9780
9780
9780
9780
9780
9780
9780
9780
9780
9780
9780
9780
9780
9780
9780
9780
9780
9780
9780
9780
9780
9780
9780
9780
9780
9780
9780
9780
9780
9780
9776.17
9776.76
9777.37
9777.98
9778.59
9779.18
9779.77
9780
9780
9780
9780
9780
9780
9780
9780
9780
9780
9780
9780
9780
9780
9780
9780
9780
9780
9780
9780
9780
9780
9780
9780
9780
9780
9780
9780
9780
9780
9780
9780
9780
9780
9780
9780
9780
9780
9780
9780
9780
9780
9780
9780
9780
9780
9780
9780
9780
9780
9780
9780
9780
9780
9780
9780
9780
9780
9780
9780
9780
9780
9780
9780
9780
9780
9780
9780
9780
9780
9780
9780
9780
9780
9780
9780
9780
9780
9780
9780
9780
9780
9780
9780
9780
9780
9780
9780
9780
9780
9780
9780
9780
9780
9780
9780
9780
9780
9780
9780
9780
9780
9780
9780
9780
9780
9780
9780
9780
9780
9780
9780
9780
9776.44
9776.85
9777.41
9778.01
9778.61
9779.21
9779.79
9780
9780
9780
9780
9780
9780
9780
9780
9780
9780
9780
9780
9780
9780
9780
9780
9780
9780
9780
9780
9780
9780
9780
9780
9780
9780
9780
9780
9780
9780
9780
9780
9780
9780
9780
9780
9780
9780
9780
9780
9780
9780
9780
9780
9780
9780
9780
9780
9780
9780
9780
9780
9780
9780
9780
9780
9780
9780
9780
9780
9780
9780
9780
9780
9780
9780
9780
9780
9780
9780
9780
9780
9780
9780
9780
9780
9780
9780
9780
9780
9780
9780
9780
9780
9780
9780
9780
9780
9780
9780
9780
9780
9780
9780
9780
9780
9780
9780
9780
9780
9780
9780
9780
9780
9780
9780
9780
9780
9780
9780
9780
9780
9775.56
9776.2
9776.79
9777.4
9778.02
9778.63
9779.23
9779.82
9780
9780
9780
9780
9780
9780
9780
9780
9780
9780
9780
9780
9780
9780
9780
9780
9780
9780
9780
9780
9780
9780
9780
9780
9780
9780
9780
9780
9780
9780
9780
9780
9780
9780
9780
9780
9780
9780
9780
9780
9780
9780
9780
9780
9780
9780
9780
9780
9780
9780
9780
9780
9780
9780
9780
9780
9780
9780
9780
9780
9780
9780
9780
9780
9780
9780
9780
9780
9780
9780
9780
9780
9780
9780
9780
9780
9780
9780
9780
9780
9780
9780
9780
9780
9780
9780
9780
9780
9780
9780
9780
9780
9780
9780
9780
9780
9780
9780
9780
9780
9780
9780
9780
9780
9780
9780
9780
9780
9780
9780
9780
9780
9775.19
9776
9776.72
9777.39
9778.03
9778.66
9779.26
9779.85
9780
9780
9780
9780
9780
9780
9780
9780
9780
9780
9780
9780
9780
9780
9780
9780
9780
9780
9780
9780
9780
9780
9780
9780
9780
9780
9780
9780
9780
9780
9780
9780
9780
9780
9780
9780
9780
9780
9780
9780
9780
9780
9780
9780
9780
9780
9780
9780
9780
9780
9780
9780
9780
9780
9780
9780
9780
9780
9780
9780
9780
9780
9780
9780
9780
9780
9780
9780
9780
9780
9780
9780
9780
9780
9780
9780
9780
9780
9780
9780
9780
9780
9780
9780
9780
9780
9780
9780
9780
9780
9780
9780
9780
9780
9780
9780
9780
9780
9780
9780
9780
9780
9780
9780
9780
9780
9780
9780
9780
9780
9780
9780
9775.05
9775.91
9776.68
9777.39
9778.06
9778.69
9779.31
9779.9
9780
9780
9780
9780
9780
9780
9780
9780
9780
9780
9780
9780
9780
9780
9780
9780
9780
9780
9780
9780
9780
9780
9780
9780
9780
9780
9780
9780
9780
9780
9780
9780
9780
9780
9780
9780
9780
9780
9780
9780
9780
9780
9780
9780
9780
9780
9780
9780
9780
9780
9780
9780
9780
9780
9780
9780
9780
9780
9780
9780
9780
9780
9780
9780
9780
9780
9780
9780
9780
9780
9780
9780
9780
9780
9780
9780
9780
9780
9780
9780
9780
9780
9780
9780
9780
9780
9780
9780
9780
9780
9780
9780
9780
9780
9780
9780
9780
9780
9780
9780
9780
9780
9780
9780
9780
9780
9780
9780
9780
9780
9780
9780
9775.03
9775.9
9776.69
9777.42
9778.1
9778.75
9779.37
9779.96
9780
9780
9780
9780
9780
9780
9780
9780
9780
9780
9780
9780
9780
9780
9780
9780
9780
9780
9780
9780
9780
9780
9780
9780
9780
9780
9780
9780
9780
9780
9780
9780
9780
9780
9780
9780
9780
9780
9780
9780
9780
9780
9780
9780
9780
9780
9780
9780
9780
9780
9780
9780
9780
9780
9780
9780
9780
9780
9780
9780
9780
9780
9780
9780
9780
9780
9780
9780
9780
9780
9780
9780
9780
9780
9780
9780
9780
9780
9780
9780
9780
9780
9780
9780
9780
9780
9780
9780
9780
9780
9780
9780
9780
9780
9780
9780
9780
9780
9780
9780
9780
9780
9780
9780
9780
9780
9780
9780
9780
9780
9780
9780
9775.1
9775.97
9776.76
9777.49
9778.18
9778.83
9779.44
9780
9780
9780
9780
9780
9780
9780
9780
9780
9780
9780
9780
9780
9780
9780
9780
9780
9780
9780
9780
9780
9780
9780
9780
9780
9780
9780
9780
9780
9780
9780
9780
9780
9780
9780
9780
9780
9780
9780
9780
9780
9780
9780
9780
9780
9780
9780
9780
9780
9780
9780
9780
9780
9780
9780
9780
9780
9780
9780
9780
9780
9780
9780
9780
9780
9780
9780
9780
9780
9780
9780
9780
9780
9780
9780
9780
9780
9780
9780
9780
9780
9780
9780
9780
9780
9780
9780
9780
9780
9780
9780
9780
9780
9780
9780
9780
9780
9780
9780
9780
9780
9780
9780
9780
9780
9780
9780
9780
9780
9780
9780
9780
9780
9775.25
9776.1
9776.88
9777.61
9778.29
9778.93
9779.53
9780
9780
9780
9780
9780
9780
9780
9780
9780
9780
9780
9780
9780
9780
9780
9780
9780
9780
9780
9780
9780
9780
9780
9780
9780
9780
9780
9780
9780
9780
9780
9780
9780
9780
9780
9780
9780
9780
9780
9780
9780
9780
9780
9780
9780
9780
9780
9780
9780
9780
9780
9780
9780
9780
9780
9780
9780
9780
9780
9780
9780
9780
9780
9780
9780
9780
9780
9780
9780
9780
9780
9780
9780
9780
9780
9780
9780
9780
9780
9780
9780
9780
9780
9780
9780
9780
9780
9780
9780
9780
9780
9780
9780
9780
9780
9780
9780
9780
9780
9780
9780
9780
9780
9780
9780
9780
9780
9780
9780
9780
9780
9780
9780
9775.46
9776.29
9777.05
9777.76
9778.42
9779.05
9779.65
9780
9780
9780
9780
9780
9780
9780
9780
9780
9780
9780
9780
9780
9780
9780
9780
9780
9780
9780
9780
9780
9780
9780
9780
9780
9780
9780
9780
9780
9780
9780
9780
9780
9780
9780
9780
9780
9780
9780
9780
9780
9780
9780
9780
9780
9780
9780
9780
9780
9780
9780
9780
9780
9780
9780
9780
9780
9780
9780
9780
9780
9780
9780
9780
9780
9780
9780
9780
9780
9780
9780
9780
9780
9780
9780
9780
9780
9780
9780
9780
9780
9780
9780
9780
9780
9780
9780
9780
9780
9780
9780
9780
9780
9780
9780
9780
9780
9780
9780
9780
9780
9780
9780
9780
9780
9780
9780
9780
9780
9780
9780
9780
9780
9775.74
9776.54
9777.28
9777.96
9778.59
9779.2
9779.77
9780
9780
9780
9780
9780
9780
9780
9780
9780
9780
9780
9780
9780
9780
9780
9780
9780
9780
9780
9780
9780
9780
9780
9780
9780
9780
9780
9780
9780
9780
9780
9780
9780
9780
9780
9780
9780
9780
9780
9780
9780
9780
9780
9780
9780
9780
9780
9780
9780
9780
9780
9780
9780
9780
9780
9780
9780
9780
9780
9780
9780
9780
9780
9780
9780
9780
9780
9780
9780
9780
9780
9780
9780
9780
9780
9780
9780
9780
9780
9780
9780
9780
9780
9780
9780
9780
9780
9780
9780
9780
9780
9780
9780
9780
9780
9780
9780
9780
9780
9780
9780
9780
9780
9780
9780
9780
9780
9780
9780
9780
9780
9780
9780
9776.1
9776.86
9777.55
9778.19
9778.79
9779.36
9779.92
9780
9780
9780
9780
9780
9780
9780
9780
9780
9780
9780
9780
9780
9780
9780
9780
9780
9780
9780
9780
9780
9780
9780
9780
9780
9780
9780
9780
9780
9780
9780
9780
9780
9780
9780
9780
9780
9780
9780
9780
9780
9780
9780
9780
9780
9780
9780
9780
9780
9780
9780
9780
9780
9780
9780
9780
9780
9780
9780
9780
9780
9780
9780
9780
9780
9780
9780
9780
9780
9780
9780
9780
9780
9780
9780
9780
9780
9780
9780
9780
9780
9780
9780
9780
9780
9780
9780
9780
9780
9780
9780
9780
9780
9780
9780
9780
9780
9780
9780
9780
9780
9780
9780
9780
9780
9780
9780
9780
9780
9780
9780
9780
9780
9776.56
9777.26
9777.87
9778.45
9779.01
9779.55
9780
9780
9780
9780
9780
9780
9780
9780
9780
9780
9780
9780
9780
9780
9780
9780
9780
9780
9780
9780
9780
9780
9780
9780
9780
9780
9780
9780
9780
9780
9780
9780
9780
9780
9780
9780
9780
9780
9780
9780
9780
9780
9780
9780
9780
9780
9780
9780
9780
9780
9780
9780
9780
9780
9780
9780
9780
9780
9780
9780
9780
9780
9780
9780
9780
9780
9780
9780
9780
9780
9780
9780
9780
9780
9780
9780
9780
9780
9780
9780
9780
9780
9780
9780
9780
9780
9780
9780
9780
9780
9780
9780
9780
9780
9780
9780
9780
9780
9780
9780
9780
9780
9780
9780
9780
9780
9780
9780
9780
9780
9780
9780
9780
9780
9777.12
9777.72
9778.24
9778.74
9779.24
9779.74
9780
9780
9780
9780
9780
9780
9780
9780
9780
9780
9780
9780
9780
9780
9780
9780
9780
9780
9780
9780
9780
9780
9780
9780
9780
9780
9780
9780
9780
9780
9780
9780
9780
9780
9780
9780
9780
9780
9780
9780
9780
9780
9780
9780
9780
9780
9780
9780
9780
9780
9780
9780
9780
9780
9780
9780
9780
9780
9780
9780
9780
9780
9780
9780
9780
9780
9780
9780
9780
9780
9780
9780
9780
9780
9780
9780
9780
9780
9780
9780
9780
9780
9780
9780
9780
9780
9780
9780
9780
9780
9780
9780
9780
9780
9780
9780
9780
9780
9780
9780
9780
9780
9780
9780
9780
9780
9780
9780
9780
9780
9780
9780
9780
9780
9777.79
9778.24
9778.63
9779.04
9779.48
9779.93
9780
9780
9780
9780
9780
9780
9780
9780
9780
9780
9780
9780
9780
9780
9780
9780
9780
9780
9780
9780
9780
9780
9780
9780
9780
9780
9780
9780
9780
9780
9780
9780
9780
9780
9780
9780
9780
9780
9780
9780
9780
9780
9780
9780
9780
9780
9780
9780
9780
9780
9780
9780
9780
9780
9780
9780
9780
9780
9780
9780
9780
9780
9780
9780
9780
9780
9780
9780
9780
9780
9780
9780
9780
9780
9780
9780
9780
9780
9780
9780
9780
9780
9780
9780
9780
9780
9780
9780
9780
9780
9780
9780
9780
9780
9780
9780
9780
9780
9780
9780
9780
9780
9780
9780
9780
9780
9780
9780
9780
9780
9780
9780
9780
9780
9778.52
9778.74
9779
9779.32
9779.7
9780
9780
9780
9780
9780
9780
9780
9780
9780
9780
9780
9780
9780
9780
9780
9780
9780
9780
9780
9780
9780
9780
9780
9780
9780
9780
9780
9780
9780
9780
9780
9780
9780
9780
9780
9780
9780
9780
9780
9780
9780
9780
9780
9780
9780
9780
9780
9780
9780
9780
9780
9780
9780
9780
9780
9780
9780
9780
9780
9780
9780
9780
9780
9780
9780
9780
9780
9780
9780
9780
9780
9780
9780
9780
9780
9780
9780
9780
9780
9780
9780
9780
9780
9780
9780
9780
9780
9780
9780
9780
9780
9780
9780
9780
9780
9780
9780
9780
9780
9780
9780
9780
9780
9780
9780
9780
9780
9780
9780
9780
9780
9780
9780
9780
9780
9779.17
9779.11
9779.27
9779.54
9779.89
9780
9780
9780
9780
9780
9780
9780
9780
9780
9780
9780
9780
9780
9780
9780
9780
9780
9780
9780
9780
9780
9780
9780
9780
9780
9780
9780
9780
9780
9780
9780
9780
9780
9780
9780
9780
9780
9780
9780
9780
9780
9780
9780
9780
9780
9780
9780
9780
9780
9780
9780
9780
9780
9780
9780
9780
9780
9780
9780
9780
9780
9780
9780
9780
9780
9780
9780
9780
9780
9780
9780
9780
9780
9780
9780
9780
9780
9780
9780
9780
9780
9780
9780
9780
9780
9780
9780
9780
9780
9780
9780
9780
9780
9780
9780
9780
9780
9780
9780
9780
9780
9780
9780
9780
9780
9780
9780
9780
9780
9780
9780
9780
9780
9780
9778.74
9778.99
9779.17
9779.4
9779.69
9780
9780
9780
9780
9780
9780
9780
9780
9780
9780
9780
9780
9780
9780
9780
9780
9780
9780
9780
9780
9780
9780
9780
9780
9780
9780
9780
9780
9780
9780
9780
9780
9780
9780
9780
9780
9780
9780
9780
9780
9780
9780
9780
9780
9780
9780
9780
9780
9780
9780
9780
9780
9780
9780
9780
9780
9780
9780
9780
9780
9780
9780
9780
9780
9780
9780
9780
9780
9780
9780
9780
9780
9780
9780
9780
9780
9780
9780
9780
9780
9780
9780
9780
9780
9780
9780
9780
9780
9780
9780
9780
9780
9780
9780
9780
9780
9780
9780
9780
9780
9780
9780
9780
9780
9780
9780
9780
9780
9780
9780
9780
9780
9780
9780
9780
9778.27
9778.76
9779.11
9779.44
9779.79
9780
9780
9780
9780
9780
9780
9780
9780
9780
9780
9780
9780
9780
9780
9780
9780
9780
9780
9780
9780
9780
9780
9780
9780
9780
9780
9780
9780
9780
9780
9780
9780
9780
9780
9780
9780
9780
9780
9780
9780
9780
9780
9780
9780
9780
9780
9780
9780
9780
9780
9780
9780
9780
9780
9780
9780
9780
9780
9780
9780
9780
9780
9780
9780
9780
9780
9780
9780
9780
9780
9780
9780
9780
9780
9780
9780
9780
9780
9780
9780
9780
9780
9780
9780
9780
9780
9780
9780
9780
9780
9780
9780
9780
9780
9780
9780
9780
9780
9780
9780
9780
9780
9780
9780
9780
9780
9780
9780
9780
9780
9780
9780
9780
9780
9780
9778.07
9778.62
9779.07
9779.48
9779.88
9780
9780
9780
9780
9780
9780
9780
9780
9780
9780
9780
9780
9780
9780
9780
9780
9780
9780
9780
9780
9780
9780
9780
9780
9780
9780
9780
9780
9780
9780
9780
9780
9780
9780
9780
9780
9780
9780
9780
9780
9780
9780
9780
9780
9780
9780
9780
9780
9780
9780
9780
9780
9780
9780
9780
9780
9780
9780
9780
9780
9780
9780
9780
9780
9780
9780
9780
9780
9780
9780
9780
9780
9780
9780
9780
9780
9780
9780
9780
9780
9780
9780
9780
9780
9780
9780
9780
9780
9780
9780
9780
9780
9780
9780
9780
9780
9780
9780
9780
9780
9780
9780
9780
9780
9780
9780
9780
9780
9780
9780
9780
9780
9780
9780
9780
9778
9778.57
9779.08
9779.54
9779.98
9780
9780
9780
9780
9780
9780
9780
9780
9780
9780
9780
9780
9780
9780
9780
9780
9780
9780
9780
9780
9780
9780
9780
9780
9780
9780
9780
9780
9780
9780
9780
9780
9780
9780
9780
9780
9780
9780
9780
9780
9780
9780
9780
9780
9780
9780
9780
9780
9780
9780
9780
9780
9780
9780
9780
9780
9780
9780
9780
9780
9780
9780
9780
9780
9780
9780
9780
9780
9780
9780
9780
9780
9780
9780
9780
9780
9780
9780
9780
9780
9780
9780
9780
9780
9780
9780
9780
9780
9780
9780
9780
9780
9780
9780
9780
9780
9780
9780
9780
9780
9780
9780
9780
9780
9780
9780
9780
9780
9780
9780
9780
9780
9780
9780
9780
9778.01
9778.6
9779.14
9779.64
9780
9780
9780
9780
9780
9780
9780
9780
9780
9780
9780
9780
9780
9780
9780
9780
9780
9780
9780
9780
9780
9780
9780
9780
9780
9780
9780
9780
9780
9780
9780
9780
9780
9780
9780
9780
9780
9780
9780
9780
9780
9780
9780
9780
9780
9780
9780
9780
9780
9780
9780
9780
9780
9780
9780
9780
9780
9780
9780
9780
9780
9780
9780
9780
9780
9780
9780
9780
9780
9780
9780
9780
9780
9780
9780
9780
9780
9780
9780
9780
9780
9780
9780
9780
9780
9780
9780
9780
9780
9780
9780
9780
9780
9780
9780
9780
9780
9780
9780
9780
9780
9780
9780
9780
9780
9780
9780
9780
9780
9780
9780
9780
9780
9780
9780
9780
9778.08
9778.7
9779.26
9779.77
9780
9780
9780
9780
9780
9780
9780
9780
9780
9780
9780
9780
9780
9780
9780
9780
9780
9780
9780
9780
9780
9780
9780
9780
9780
9780
9780
9780
9780
9780
9780
9780
9780
9780
9780
9780
9780
9780
9780
9780
9780
9780
9780
9780
9780
9780
9780
9780
9780
9780
9780
9780
9780
9780
9780
9780
9780
9780
9780
9780
9780
9780
9780
9780
9780
9780
9780
9780
9780
9780
9780
9780
9780
9780
9780
9780
9780
9780
9780
9780
9780
9780
9780
9780
9780
9780
9780
9780
9780
9780
9780
9780
9780
9780
9780
9780
9780
9780
9780
9780
9780
9780
9780
9780
9780
9780
9780
9780
9780
9780
9780
9780
9780
9780
9780
9780
9773.65
9778.87
9779.43
9779.95
9780
9780
9780
9780
9780
9780
9780
9780
9780
9780
9780
9780
9780
9780
9780
9780
9780
9780
9780
9780
9780
9780
9780
9780
9780
9780
9780
9780
9780
9780
9780
9780
9780
9780
9780
9780
9780
9780
9780
9780
9780
9780
9780
9780
9780
9780
9780
9780
9780
9780
9780
9780
9780
9780
9780
9780
9780
9780
9780
9780
9780
9780
9780
9780
9780
9780
9780
9780
9780
9780
9780
9780
9780
9780
9780
9780
9780
9780
9780
9780
9780
9780
9780
9780
9780
9780
9780
9780
9780
9780
9780
9780
9780
9780
9729.46
9707.94
9690.09
9684.14
9670.16
9666.36
9628.18
9598.83
9546.53
9475.89
9396.48
9229.68
9070.83
8747.63
8439.98
7785.44
7365.35
6181.59
5708.19
3928.14
3391.03
906.082
1265.73
9775.89
9779.65
9780
9780
9780
9780
9780
9780
9780
9780
9780
9780
9780
9780
9780
9780
9780
9780
9780
9780
9780
9780
9780
9780
9780
9780
9780
9780
9780
9780
9780
9780
9780
9780
9780
9780
9780
9780
9780
9780
9780
9780
9780
9780
9780
9780
9780
9780
9780
9780
9780
9780
9780
9780
9780
9780
9780
9780
9780
9780
9780
9780
9780
9780
9780
9780
9780
9780
9780
9780
9780
9780
9780
9780
9780
9780
9780
9780
9780
9780
9780
9780
9780
9780
9740.09
9723.8
9706.85
9697.5
9680.14
9664.59
9642.63
9621
9598.27
9585.31
9558.92
9522.58
9509.53
9492.15
9426.47
9321.07
9221.79
9058.58
8884.71
8599.76
8253.97
7859.03
7277.37
6745.19
5927.86
5323.46
4322.26
3704.75
2760.53
2148.1
1445.86
923.661
432.925
196.702
1.6337
1.6337
349.766
1974.64
9778.68
9780
9780
9780
9780
9780
9780
9780
9780
9780
9780
9780
9780
9780
9780
9780
9780
9780
9780
9780
9780
9780
9780
9780
9780
9780
9780
9780
9780
9780
9780
9780
9780
9780
9780
9780
9780
9780
9780
9780
9780
9780
9780
9780
9780
9780
9780
9780
9780
9780
9780
9780
9780
9780
9780
9780
9780
9780
9780
9780
9780
9780
9780
9780
9709.13
9692.41
9681.09
9681.18
9681.51
9688.55
9691.11
9694.96
9694.59
9690.5
9684.19
9674.55
9664.92
9653.72
9641.75
9630.84
9605.77
9598.08
9589.12
9552.59
9493.18
9445.99
9371.75
9299.23
9200.59
9096.48
8940.99
8747.79
8546.35
8350.12
8038.67
7718.75
7406.85
6995.06
6509.69
5895.83
5294.2
4582.47
4033.43
3256.14
2848.42
2118.35
1861.73
1236.99
1142.78
676.612
626.636
335.471
271.63
116.136
85.1082
21.7791
1.6332
1.63326
17.6524
105.692
98.6194
7926.37
9780
9780
9780
9780
9780
9780
9780
9780
9780
9780
9780
9780
9780
9780
9780
9780
9780
9780
9780
9780
9780
9780
9780
9780
9780
9780
9780
9780
9780
9780
9780
9780
9780
9780
9780
9780
9780
9780
9780
9780
9780
9780
9780
9780
9780
9780
9780
9780
9690.02
9632.83
9560.56
9529.25
9505.14
9492.78
9483.24
9481.09
9470.59
9464.48
9448.02
9444.32
9416.51
9439.93
9448.02
9445.75
9415.2
9403.88
9391.36
9386.97
9379.09
9374.46
9364.3
9355.53
9331.12
9302.45
9259.7
9205.83
9130.96
9047.48
8965.71
8837.78
8703.38
8596.04
8409.77
8186.53
7853.83
7554.22
7148.18
6774.5
6348.34
5990.79
5502.6
4979
4477.85
4004.85
3382.89
2873.84
2350.51
2001.22
1617.3
1394.19
1069.05
969.269
712.093
667.296
468.456
448.11
294.897
255.45
166.051
114.142
73.7448
34.0287
19.8877
1.6337
1.6337
1.6337
1.6337
14.9955
1.63342
33.5663
3147.7
9780
9780
9780
9780
9780
9780
9780
9780
9780
9780
9780
9780
9780
9780
9780
9780
9780
9780
9780
9780
9780
9780
9780
9780
9780
9780
9780
9780
9780
9780
9780
9780
9780
9780
9780
9780
9780
9780
9780
9780
9780
9753.4
9711.88
9631.84
9587.06
9501.97
9451.88
9433.8
9412.85
9404.14
9373.69
9332.57
9286.39
9224.51
9168.98
9090.46
9021.43
8922.46
8841.92
8758.15
8694.54
8628.98
8579.92
8522.13
8459.81
8372.73
8295.6
8177.17
8067.76
7920.15
7802.1
7635.81
7493.16
7265.69
7060.57
6776.93
6529.88
6136.84
5855.65
5449.95
5051.81
4587.96
4238.11
3861.65
3540.17
3191.59
2892.42
2550.63
2194.98
1884.68
1650.32
1388.81
1153.29
1017.16
890.623
814.847
709.84
649.757
552.714
512.474
419.785
372.929
295.806
242.349
176.624
129.664
84.4192
47.2236
24.4259
1.63295
1.63331
1.63358
1.6337
1.6337
1.6337
1.6337
1.63348
1.6337
1.6331
107.799
1103.3
9780
9780
9780
9780
9780
9780
9780
9780
9780
9780
9780
9780
9780
9780
9780
9780
9780
9780
9780
9780
9780
9780
9780
9780
9780
9780
9780
9780
9780
9780
9780
9780
9780
9780
9780
9739.42
9699.21
9619.86
9547.71
9439.31
9364
9306.89
9259.17
9224.22
9187.13
9154.45
9101.02
9060.47
9008.54
8948.74
8893.11
8834.86
8769.19
8698.46
8629.1
8544.59
8483.89
8387.18
8272.27
8122.05
7958.24
7766.58
7574.1
7390.08
7182.61
6948.43
6690.48
6405
6095.38
5766.44
5395.14
5010.05
4637.27
4261.39
3893.43
3513.41
3217.04
2866.43
2588.06
2349.77
2157.68
1958.15
1760.67
1572.37
1386.89
1217.53
1059.07
966.008
868.072
786.609
717.658
680.395
613.387
564.62
488.044
430.519
362.581
303.695
245.19
190.669
139.249
91.0952
60.4701
29.7837
18.9491
1.6322
1.63317
1.6337
1.6337
1.6337
1.6337
1.6337
1.6337
1.6337
1.6337
1.6337
1.6337
1.6337
1.63288
91.3754
538.247
9777.63
9780
9780
9780
9780
9780
9780
9780
9780
9780
9780
9780
9780
9780
9780
9780
9780
9780
9780
9780
9780
9780
9780
9780
9780
9780
9780
9780
9780
9777
9735.98
9669.1
9582.07
9489.86
9402.91
9326.93
9254
9190.82
9123
9048.81
8956.76
8852.51
8738.97
8607.34
8473.44
8321.26
8183.51
8013.24
7845.87
7649.14
7435.86
7209.56
6992.24
6719.1
6491.7
6131.12
5851.01
5525.74
5276.01
4987.96
4736.56
4450.58
4126.08
3784.71
3472.35
3149.86
2861.41
2576.37
2325.15
2097.67
1906.3
1723.12
1569.19
1425.09
1329.28
1196.31
1137.39
1044.06
975.749
875.331
813.06
740.11
695.018
637.972
610.081
572.643
535.624
491.146
455.922
410.431
350.58
293.5
239.127
188.024
144.464
102.773
73.0917
44.8073
22.6333
12.6097
1.6327
1.63316
1.6337
1.63362
1.6337
1.6337
1.6337
1.6337
1.6337
1.6337
1.6337
1.6337
1.6337
1.6337
1.6337
1.6337
1.6337
1.6337
1.6337
1.6337
19.4218
877.037
2667.39
9780
9780
9780
9780
9780
9780
9780
9780
9780
9780
9780
9780
9780
9780
9780
9780
9780
9780
9780
9780
9780
9780
9780
9780
6854.46
6766.75
6700.02
6612.09
6562.41
6478.11
6401.81
6267.8
6139
5954.81
5793.56
5576.26
5402.1
5204.82
5037.09
4831.25
4649.46
4424.91
4232.55
3983.65
3772.58
3536.3
3357.02
3144.46
2957.52
2718.51
2549.07
2320.74
2229.71
2058.46
1940.11
1763.31
1629.8
1460.52
1333.74
1223.36
1148.5
1067.24
1014.49
967.922
929.012
893.792
861.585
827.063
795.339
762.639
728.2
682.133
648.862
602.456
557.513
519.534
483.833
457.753
418.185
392.264
346.944
318.63
256.166
231.691
168.414
148.794
92.2839
80.734
49.1373
37.2082
18.0012
12.3032
1.63262
1.63328
1.6337
1.6337
1.63367
1.6337
1.6337
1.6337
1.6337
1.6337
1.6337
1.6337
1.6337
1.6337
1.6337
1.6337
1.6337
1.6337
1.6337
1.6337
1.6337
1.6337
1.6337
1.6337
1.6337
1.6334
1.6337
1.6337
1.6337
1.6337
1.6337
1.6337
1.6337
1.6337
1.6337
1.6337
1.6337
1.6337
1.6337
1.6337
1.6337
1.6337
1.6337
1.6337
1.6337
1.6337
1.6337
1.6337
1.6337
1.6337
1.6337
1.6337
192.65
253.055
295.517
341.721
360.956
390.306
412.22
451.568
493.149
548.785
596.524
652.837
680.776
695.43
696.725
696.397
699.669
708.742
717.587
730.765
748.037
751.35
755.12
754.462
763.199
766.775
766.628
760.862
735.197
713.943
702.782
693.486
684.583
678.873
673.905
653.105
640.386
613.413
588.285
550.971
518.545
480.318
450.423
416.584
382.832
343.23
312.235
289.218
256.346
240.71
201.651
193.223
158.303
142.231
111.924
87.3093
61.5555
44.2617
33.2591
17.95
13.9915
1.63273
1.63253
1.6337
1.6337
1.63366
1.6337
1.63367
1.6337
1.6337
1.6337
1.6337
1.6337
1.6337
1.6337
1.6337
1.6337
1.6337
1.6337
1.6337
1.6337
1.6337
1.6337
1.6337
1.6337
1.6337
1.6337
1.6337
1.6337
1.6337
1.6337
1.6337
1.6337
1.6337
1.6337
1.6337
1.6337
1.6337
1.6337
1.6337
1.6337
1.6337
1.6337
1.6337
1.6337
1.6337
1.6337
1.6337
1.6337
1.6337
1.6337
1.6337
1.6337
1.6337
1.6337
1.6337
1.6337
1.6337
1.6337
1.6337
26.4866
26.8871
28.3976
31.0427
35.9914
41.3963
50.2389
58.2698
69.2165
78.8535
90.9847
101.797
117.129
130.685
145.452
156.788
167.238
174.205
180.81
186.396
193.278
198.334
203.117
201.197
200.796
192.274
191.34
182.94
189.077
183.734
181.544
168.622
161.612
144.217
133.951
121.816
113.177
103.551
105.777
99.1244
100.457
89.4363
86.867
76.8543
73.4934
68.0735
61.9472
50.7904
46.0487
30.8579
30.6426
15.2951
14.4253
1.63271
1.63254
1.6337
1.63354
1.63349
1.6337
1.6337
1.6337
1.6337
1.6337
1.6337
1.6337
1.6337
1.6337
1.6337
1.6337
1.6337
1.6337
1.6337
1.6337
1.6337
1.6337
1.6337
1.6337
1.6337
1.6337
1.6337
1.6337
1.6337
1.6337
1.6337
1.6337
1.6337
1.6337
1.6337
1.6337
1.6337
1.6337
1.6337
1.6337
1.6337
1.6337
1.6337
1.6337
1.6337
1.6337
1.6337
1.6337
1.6337
1.6337
1.6337
1.6337
1.6337
1.6337
1.6337
1.6337
1.6337
1.6337
1.6337
1.6337
1.6337
1.6337
1.6337
1.6337
1.6337
1.6337
1.6337
1.6337
1.6337
1.6337
1.6337
1.6337
1.6337
1.6337
1.6337
1.6337
1.6337
1.6337
1.6337
1.6337
1.6337
1.6337
1.6337
1.6337
1.6337
1.6337
1.63359
1.63346
1.6337
1.63368
1.6337
1.63355
1.6337
1.6336
1.63327
1.63369
1.6337
1.6337
1.6337
1.6337
1.63329
1.63315
1.63358
1.6337
1.63366
1.63358
1.63355
1.63369
1.6337
1.6337
1.63368
1.63351
1.6337
1.63361
1.6337
1.6337
1.6337
1.6337
1.6337
1.6337
1.6337
1.6337
1.6337
1.6337
1.6337
1.6337
1.6337
1.6337
1.6337
1.6337
1.6337
1.6337
1.6337
1.6337
1.6337
1.6337
1.6337
1.6337
1.6337
1.6337
1.6337
1.6337
1.6337
1.6337
1.6337
1.6337
1.6337
1.6337
1.6337
1.6337
1.6337
1.6337
1.6337
1.6337
1.6337
1.6337
1.6337
1.6337
1.6337
1.6337
1.6337
1.6337
1.6337
1.6337
1.6337
1.6337
1.6337
1.6337
1.6337
1.6337
1.6337
1.6337
1.6337
1.6337
1.6337
1.6337
1.6337
1.6337
1.6337
1.6337
1.6337
1.6337
1.6337
1.6337
1.6337
1.6337
1.6337
1.6337
1.6337
1.6337
1.6337
1.6337
1.6337
1.6337
1.6337
1.6337
1.6337
1.6337
1.6337
1.6337
1.6337
1.6337
1.6337
1.6337
1.6337
1.6337
1.6337
1.6337
1.6337
1.6337
1.6337
1.6337
1.6337
1.6337
1.6337
1.6337
1.6337
1.6337
1.6337
1.6337
1.6337
1.6337
1.6337
1.6337
1.6337
1.6337
1.6337
1.6337
1.6337
1.6337
1.6337
1.6337
1.6337
1.6337
1.6337
1.6337
1.6337
1.6337
1.6337
1.6337
1.6337
1.6337
1.6337
1.6337
1.6337
1.6337
1.6337
1.6337
1.6337
1.6337
1.6337
1.6337
1.6337
1.6337
1.6337
1.6337
1.6337
1.6337
1.6337
1.6337
1.6337
1.6337
1.6337
1.6337
1.6337
1.6337
1.6337
1.6337
1.6337
1.6337
1.6337
1.6337
1.6337
1.6337
1.6337
1.6337
1.6337
1.6337
1.6337
1.6337
1.6337
1.6337
1.6337
1.6337
1.6337
1.6337
1.6337
1.6337
1.6337
1.6337
1.6337
1.6337
1.6337
1.6337
1.6337
1.6337
1.6337
1.6337
1.6337
1.6337
1.6337
1.6337
1.6337
1.6337
1.6337
1.6337
1.6337
1.6337
1.6337
1.6337
1.6337
1.6337
1.6337
1.6337
1.6337
1.6337
1.6337
1.6337
1.6337
1.6337
1.6337
1.6337
1.6337
1.6337
1.6337
1.6337
1.6337
1.6337
1.6337
1.6337
1.6337
1.6337
1.6337
1.6337
1.6337
1.6337
1.6337
1.6337
1.6337
1.6337
1.6337
1.6337
1.6337
1.6337
1.6337
1.6337
1.6337
1.6337
1.6337
1.6337
1.6337
1.6337
1.6337
1.6337
1.6337
1.6337
1.6337
1.6337
1.6337
1.6337
1.6337
1.6337
1.6337
1.6337
1.6337
1.6337
1.6337
1.6337
1.6337
1.6337
1.6337
1.6337
1.6337
1.6337
1.6337
1.6337
1.6337
1.6337
1.6337
1.6337
1.6337
1.6337
1.6337
1.6337
1.6337
1.6337
1.6337
1.6337
1.6337
1.6337
1.6337
1.6337
1.6337
1.6337
1.6337
1.6337
1.6337
1.6337
1.6337
1.6337
1.6337
1.6337
1.6337
1.6337
1.6337
1.6337
1.6337
1.6337
1.6337
1.6337
1.6337
1.6337
1.6337
1.6337
1.6337
1.6337
1.6337
1.6337
1.6337
1.6337
1.6337
1.6337
1.6337
1.6337
1.6337
1.6337
1.6337
1.6337
1.6337
1.6337
1.6337
1.6337
1.6337
1.6337
1.6337
1.6337
1.6337
1.6337
1.6337
1.6337
1.6337
1.6337
1.6337
1.6337
1.6337
1.6337
1.6337
1.6337
1.6337
1.6337
1.6337
1.6337
1.6337
1.6337
1.6337
1.6337
1.6337
1.6337
1.6337
1.6337
1.6337
1.6337
1.6337
1.6337
1.6337
1.6337
1.6337
1.6337
1.6337
1.6337
1.6337
1.6337
1.6337
1.6337
1.6337
1.6337
1.6337
1.6337
1.6337
1.6337
1.6337
1.6337
1.6337
1.6337
1.6337
1.6337
1.6337
1.6337
1.6337
1.6337
1.6337
1.6337
1.6337
1.6337
1.6337
1.6337
1.6337
1.6337
1.6337
1.6337
1.6337
1.6337
1.6337
1.6337
1.6337
1.6337
1.6337
1.6337
1.6337
1.6337
1.6337
1.6337
1.6337
1.6337
1.6337
1.6337
1.6337
1.6337
1.6337
1.6337
1.6337
1.6337
1.6337
1.6337
1.6337
1.6337
1.6337
1.6337
1.6337
1.6337
1.6337
1.6337
1.6337
1.6337
1.6337
1.6337
1.6337
1.6337
1.6337
1.6337
1.6337
1.6337
1.6337
1.6337
1.6337
1.6337
1.6337
1.6337
1.6337
1.6337
1.6337
1.6337
1.6337
1.6337
1.6337
1.6337
1.6337
1.6337
1.6337
1.6337
1.6337
1.6337
1.6337
1.6337
1.6337
1.6337
1.6337
1.6337
1.6337
1.6337
1.6337
1.6337
1.6337
1.6337
1.6337
1.6337
1.6337
1.6337
1.6337
1.6337
1.6337
1.6337
1.6337
1.6337
1.6337
1.6337
1.6337
1.6337
1.6337
1.6337
1.6337
1.6337
1.6337
1.6337
1.6337
1.6337
1.6337
1.6337
1.6337
1.6337
1.6337
1.6337
1.6337
1.6337
1.6337
1.6337
1.6337
1.6337
1.6337
1.6337
1.6337
1.6337
1.6337
1.6337
1.6337
1.6337
1.6337
1.6337
1.6337
1.6337
1.6337
1.6337
1.6337
1.6337
1.6337
1.6337
1.6337
1.6337
1.6337
1.6337
1.6337
1.6337
1.6337
1.6337
1.6337
1.6337
1.6337
1.6337
1.6337
1.6337
1.6337
1.6337
1.6337
1.6337
1.6337
1.6337
1.6337
1.6337
1.6337
1.6337
1.6337
1.6337
1.6337
1.6337
1.6337
1.6337
1.6337
1.6337
1.6337
1.6337
1.6337
1.6337
1.6337
1.6337
1.6337
1.6337
1.6337
)
;

boundaryField
{
    hot
    {
        type            calculated;
        value           uniform 9780;
    }
    hotTop
    {
        type            calculated;
        value           nonuniform List<scalar> 8(6854.46 192.65 26.4866 1.6337 1.6337 1.6337 1.6337 1.6337);
    }
    cold
    {
        type            calculated;
        value           nonuniform List<scalar> 
32
(
9780
9780
9780
9780
9780
9780
9780
9780
9780
9780
9780
9780
9780
9780
9780
9780
9780
9780
9780
9780
9780
9780
9780
9780
9780
9780
9780
9780
9780
9780
9780
9780
)
;
    }
    coldTop
    {
        type            calculated;
        value           nonuniform List<scalar> 8(1.6337 1.6337 1.6337 1.6337 1.6337 1.6337 1.6337 1.6337);
    }
    top
    {
        type            calculated;
        value           nonuniform List<scalar> 
120
(
1.6337
1.6337
1.6337
1.6337
1.6337
1.6337
1.6337
1.6337
1.6337
1.6337
1.6337
1.6337
1.6337
1.6337
1.6337
1.6337
1.6337
1.6337
1.6337
1.6337
1.6337
1.6337
1.6337
1.6337
1.6337
1.6337
1.6337
1.6337
1.6337
1.6337
1.6337
1.6337
1.6337
1.6337
1.6337
1.6337
1.6337
1.6337
1.6337
1.6337
1.6337
1.6337
1.6337
1.6337
1.6337
1.6337
1.6337
1.6337
1.6337
1.6337
1.6337
1.6337
1.6337
1.6337
1.6337
1.6337
1.6337
1.6337
1.6337
1.6337
1.6337
1.6337
1.6337
1.6337
1.6337
1.6337
1.6337
1.6337
1.6337
1.6337
1.6337
1.6337
1.6337
1.6337
1.6337
1.6337
1.6337
1.6337
1.6337
1.6337
1.6337
1.6337
1.6337
1.6337
1.6337
1.6337
1.6337
1.6337
1.6337
1.6337
1.6337
1.6337
1.6337
1.6337
1.6337
1.6337
1.6337
1.6337
1.6337
1.6337
1.6337
1.6337
1.6337
1.6337
1.6337
1.6337
1.6337
1.6337
1.6337
1.6337
1.6337
1.6337
1.6337
1.6337
1.6337
1.6337
1.6337
1.6337
1.6337
1.6337
)
;
    }
    btm
    {
        type            calculated;
        value           nonuniform List<scalar> 
120
(
9780
9780
9780
9780
9780
9780
9780
9780
9780
9780
9780
9780
9780
9780
9780
9780
9780
9780
9780
9780
9780
9780
9780
9780
9780
9780
9780
9780
9780
9780
9780
9780
9780
9780
9780
9780
9780
9780
9780
9780
9780
9780
9780
9780
9780
9780
9780
9780
9780
9780
9780
9780
9780
9780
9780
9780
9780
9780
9780
9780
9780
9780
9780
9780
9780
9780
9780
9780
9780
9780
9780
9780
9780
9780
9780
9780
9780
9780
9780
9780
9780
9780
9780
9780
9780
9780
9780
9780
9780
9780
9780
9780
9780
9780
9780
9780
9780
9780
9780
9780
9780
9780
9780
9780
9780
9780
9780
9780
9780
9780
9780
9780
9780
9780
9780
9780
9780
9780
9780
9780
)
;
    }
    frontAndBack
    {
        type            empty;
    }
}


// ************************************************************************* //
