/*--------------------------------*- C++ -*----------------------------------*\
  =========                 |
  \\      /  F ield         | OpenFOAM: The Open Source CFD Toolbox
   \\    /   O peration     | Website:  https://openfoam.org
    \\  /    A nd           | Version:  6
     \\/     M anipulation  |
\*---------------------------------------------------------------------------*/
FoamFile
{
    version     2.0;
    format      ascii;
    class       volScalarField;
    location    "4100";
    object      alphaMetalTotal;
}
// * * * * * * * * * * * * * * * * * * * * * * * * * * * * * * * * * * * * * //

dimensions      [0 0 0 0 0 0 0];

internalField   nonuniform List<scalar> 
4800
(
1
1
1
1
1
1
1
1
1
1
1
1
1
1
1
1
1
1
1
1
1
1
1
1
1
1
1
1
1
1
1
1
1
1
1
1
1
1
1
1
1
1
1
1
1
1
1
1
1
1
1
1
1
1
1
1
1
1
1
1
1
1
1
1
1
1
1
1
1
1
1
1
1
1
1
1
1
1
1
1
1
1
1
1
1
0.999294
0.999375
0.999454
0.99953
0.999603
0.999673
0.999742
0.999808
0.999872
0.999934
0.999994
1
1
1
1
1
1
1
1
1
1
1
1
1
1
1
1
1
1
1
1
1
1
1
1
1
1
1
1
1
1
1
1
1
1
1
1
1
1
1
1
1
1
1
1
1
1
1
1
1
1
1
1
1
1
1
1
1
1
1
1
1
1
1
1
1
1
1
1
1
1
1
1
1
1
1
1
1
1
1
1
1
1
1
1
1
1
1
1
1
1
1
1
1
1
1
1
1
1
1
1
1
1
1
1
1
1
1
1
1
0.999296
0.999378
0.999456
0.999532
0.999605
0.999675
0.999743
0.999809
0.999873
0.999935
0.999995
1
1
1
1
1
1
1
1
1
1
1
1
1
1
1
1
1
1
1
1
1
1
1
1
1
1
1
1
1
1
1
1
1
1
1
1
1
1
1
1
1
1
1
1
1
1
1
1
1
1
1
1
1
1
1
1
1
1
1
1
1
1
1
1
1
1
1
1
1
1
1
1
1
1
1
1
1
1
1
1
1
1
1
1
1
1
1
1
1
1
1
1
1
1
1
1
1
1
1
1
1
1
1
1
1
1
1
1
1
0.999301
0.999382
0.999461
0.999536
0.999609
0.999679
0.999747
0.999812
0.999876
0.999938
0.999998
1
1
1
1
1
1
1
1
1
1
1
1
1
1
1
1
1
1
1
1
1
1
1
1
1
1
1
1
1
1
1
1
1
1
1
1
1
1
1
1
1
1
1
1
1
1
1
1
1
1
1
1
1
1
1
1
1
1
1
1
1
1
1
1
1
1
1
1
1
1
1
1
1
1
1
1
1
1
1
1
1
1
1
1
1
1
1
1
1
1
1
1
1
1
1
1
1
1
1
1
1
1
1
1
1
1
1
1
1
0.999308
0.999389
0.999468
0.999543
0.999615
0.999685
0.999752
0.999817
0.99988
0.999942
1
1
1
1
1
1
1
1
1
1
1
1
1
1
1
1
1
1
1
1
1
1
1
1
1
1
1
1
1
1
1
1
1
1
1
1
1
1
1
1
1
1
1
1
1
1
1
1
1
1
1
1
1
1
1
1
1
1
1
1
1
1
1
1
1
1
1
1
1
1
1
1
1
1
1
1
1
1
1
1
1
1
1
1
1
1
1
1
1
1
1
1
1
1
1
1
1
1
1
1
1
1
1
1
1
1
1
1
1
1
0.999318
0.999399
0.999477
0.999552
0.999623
0.999693
0.999759
0.999824
0.999886
0.999947
1
1
1
1
1
1
1
1
1
1
1
1
1
1
1
1
1
1
1
1
1
1
1
1
1
1
1
1
1
1
1
1
1
1
1
1
1
1
1
1
1
1
1
1
1
1
1
1
1
1
1
1
1
1
1
1
1
1
1
1
1
1
1
1
1
1
1
1
1
1
1
1
1
1
1
1
1
1
1
1
1
1
1
1
1
1
1
1
1
1
1
1
1
1
1
1
1
1
1
1
1
1
1
1
1
1
1
1
1
1
0.999331
0.999412
0.999489
0.999563
0.999634
0.999702
0.999768
0.999832
0.999894
0.999954
1
1
1
1
1
1
1
1
1
1
1
1
1
1
1
1
1
1
1
1
1
1
1
1
1
1
1
1
1
1
1
1
1
1
1
1
1
1
1
1
1
1
1
1
1
1
1
1
1
1
1
1
1
1
1
1
1
1
1
1
1
1
1
1
1
1
1
1
1
1
1
1
1
1
1
1
1
1
1
1
1
1
1
1
1
1
1
1
1
1
1
1
1
1
1
1
1
1
1
1
1
1
1
1
1
1
1
1
1
1
0.999347
0.999427
0.999503
0.999577
0.999647
0.999714
0.999779
0.999842
0.999902
0.999962
1
1
1
1
1
1
1
1
1
1
1
1
1
1
1
1
1
1
1
1
1
1
1
1
1
1
1
1
1
1
1
1
1
1
1
1
1
1
1
1
1
1
1
1
1
1
1
1
1
1
1
1
1
1
1
1
1
1
1
1
1
1
1
1
1
1
1
1
1
1
1
1
1
1
1
1
1
1
1
1
1
1
1
1
1
1
1
1
1
1
1
1
1
1
1
1
1
1
1
1
1
1
1
1
1
1
1
1
1
1
0.999366
0.999445
0.999521
0.999593
0.999662
0.999728
0.999791
0.999853
0.999913
0.999971
1
1
1
1
1
1
1
1
1
1
1
1
1
1
1
1
1
1
1
1
1
1
1
1
1
1
1
1
1
1
1
1
1
1
1
1
1
1
1
1
1
1
1
1
1
1
1
1
1
1
1
1
1
1
1
1
1
1
1
1
1
1
1
1
1
1
1
1
1
1
1
1
1
1
1
1
1
1
1
1
1
1
1
1
1
1
1
1
1
1
1
1
1
1
1
1
1
1
1
1
1
1
1
1
1
1
1
1
1
1
0.999388
0.999467
0.999541
0.999612
0.999679
0.999743
0.999805
0.999865
0.999924
0.999981
1
1
1
1
1
1
1
1
1
1
1
1
1
1
1
1
1
1
1
1
1
1
1
1
1
1
1
1
1
1
1
1
1
1
1
1
1
1
1
1
1
1
1
1
1
1
1
1
1
1
1
1
1
1
1
1
1
1
1
1
1
1
1
1
1
1
1
1
1
1
1
1
1
1
1
1
1
1
1
1
1
1
1
1
1
1
1
1
1
1
1
1
1
1
1
1
1
1
1
1
1
1
1
1
1
1
1
1
1
1
0.999415
0.999492
0.999565
0.999633
0.999698
0.999761
0.999821
0.999879
0.999936
0.999992
1
1
1
1
1
1
1
1
1
1
1
1
1
1
1
1
1
1
1
1
1
1
1
1
1
1
1
1
1
1
1
1
1
1
1
1
1
1
1
1
1
1
1
1
1
1
1
1
1
1
1
1
1
1
1
1
1
1
1
1
1
1
1
1
1
1
1
1
1
1
1
1
1
1
1
1
1
1
1
1
1
1
1
1
1
1
1
1
1
1
1
1
1
1
1
1
1
1
1
1
1
1
1
1
1
1
1
1
1
1
0.999447
0.999522
0.999592
0.999658
0.99972
0.99978
0.999838
0.999895
0.99995
1
1
1
1
1
1
1
1
1
1
1
1
1
1
1
1
1
1
1
1
1
1
1
1
1
1
1
1
1
1
1
1
1
1
1
1
1
1
1
1
1
1
1
1
1
1
1
1
1
1
1
1
1
1
1
1
1
1
1
1
1
1
1
1
1
1
1
1
1
1
1
1
1
1
1
1
1
1
1
1
1
1
1
1
1
1
1
1
1
1
1
1
1
1
1
1
1
1
1
1
1
1
1
1
1
1
1
1
1
1
1
0.999484
0.999557
0.999623
0.999685
0.999744
0.999801
0.999857
0.999911
0.999964
1
1
1
1
1
1
1
1
1
1
1
1
1
1
1
1
1
1
1
1
1
1
1
1
1
1
1
1
1
1
1
1
1
1
1
1
1
1
1
1
1
1
1
1
1
1
1
1
1
1
1
1
1
1
1
1
1
1
1
1
1
1
1
1
1
1
1
1
1
1
1
1
1
1
1
1
1
1
1
1
1
1
1
1
1
1
1
1
1
1
1
1
1
1
1
1
1
1
1
1
1
1
1
1
1
1
1
1
1
1
1
0.999529
0.999597
0.999658
0.999715
0.99977
0.999823
0.999876
0.999928
0.999979
1
1
1
1
1
1
1
1
1
1
1
1
1
1
1
1
1
1
1
1
1
1
1
1
1
1
1
1
1
1
1
1
1
1
1
1
1
1
1
1
1
1
1
1
1
1
1
1
1
1
1
1
1
1
1
1
1
1
1
1
1
1
1
1
1
1
1
1
1
1
1
1
1
1
1
1
1
1
1
1
1
1
1
1
1
1
1
1
1
1
1
1
1
1
1
1
1
1
1
1
1
1
1
1
1
1
1
1
1
1
1
0.999583
0.999643
0.999696
0.999747
0.999796
0.999846
0.999895
0.999945
0.999994
1
1
1
1
1
1
1
1
1
1
1
1
1
1
1
1
1
1
1
1
1
1
1
1
1
1
1
1
1
1
1
1
1
1
1
1
1
1
1
1
1
1
1
1
1
1
1
1
1
1
1
1
1
1
1
1
1
1
1
1
1
1
1
1
1
1
1
1
1
1
1
1
1
1
1
1
1
1
1
1
1
1
1
1
1
1
1
1
1
1
1
1
1
1
1
1
1
1
1
1
1
1
1
1
1
1
1
1
1
1
1
0.999649
0.999694
0.999736
0.999779
0.999823
0.999869
0.999915
0.999962
1
1
1
1
1
1
1
1
1
1
1
1
1
1
1
1
1
1
1
1
1
1
1
1
1
1
1
1
1
1
1
1
1
1
1
1
1
1
1
1
1
1
1
1
1
1
1
1
1
1
1
1
1
1
1
1
1
1
1
1
1
1
1
1
1
1
1
1
1
1
1
1
1
1
1
1
1
1
1
1
1
1
1
1
1
1
1
1
1
1
1
1
1
1
1
1
1
1
1
1
1
1
1
1
1
1
1
1
1
1
1
1
0.999728
0.999747
0.999775
0.999809
0.999848
0.99989
0.999933
0.999978
1
1
1
1
1
1
1
1
1
1
1
1
1
1
1
1
1
1
1
1
1
1
1
1
1
1
1
1
1
1
1
1
1
1
1
1
1
1
1
1
1
1
1
1
1
1
1
1
1
1
1
1
1
1
1
1
1
1
1
1
1
1
1
1
1
1
1
1
1
1
1
1
1
1
1
1
1
1
1
1
1
1
1
1
1
1
1
1
1
1
1
1
1
1
1
1
1
1
1
1
1
1
1
1
1
1
1
1
1
1
1
1
0.999808
0.999791
0.999806
0.999835
0.99987
0.999909
0.999951
0.999993
1
1
1
1
1
1
1
1
1
1
1
1
1
1
1
1
1
1
1
1
1
1
1
1
1
1
1
1
1
1
1
1
1
1
1
1
1
1
1
1
1
1
1
1
1
1
1
1
1
1
1
1
1
1
1
1
1
1
1
1
1
1
1
1
1
1
1
1
1
1
1
1
1
1
1
1
1
1
1
1
1
1
1
1
1
1
1
1
1
1
1
1
1
1
1
1
1
1
1
1
1
1
1
1
1
1
1
1
1
1
1
0.999779
0.999791
0.999802
0.999824
0.999853
0.999888
0.999926
0.999966
1
1
1
1
1
1
1
1
1
1
1
1
1
1
1
1
1
1
1
1
1
1
1
1
1
1
1
1
1
1
1
1
1
1
1
1
1
1
1
1
1
1
1
1
1
1
1
1
1
1
1
1
1
1
1
1
1
1
1
1
1
1
1
1
1
1
1
1
1
1
1
1
1
1
1
1
1
1
1
1
1
1
1
1
1
1
1
1
1
1
1
1
1
1
1
1
1
1
1
1
1
1
1
1
1
1
1
1
1
1
1
1
0.999733
0.999772
0.999802
0.999833
0.999866
0.999902
0.99994
0.99998
1
1
1
1
1
1
1
1
1
1
1
1
1
1
1
1
1
1
1
1
1
1
1
1
1
1
1
1
1
1
1
1
1
1
1
1
1
1
1
1
1
1
1
1
1
1
1
1
1
1
1
1
1
1
1
1
1
1
1
1
1
1
1
1
1
1
1
1
1
1
1
1
1
1
1
1
1
1
1
1
1
1
1
1
1
1
1
1
1
1
1
1
1
1
1
1
1
1
1
1
1
1
1
1
1
1
1
1
1
1
1
1
0.999715
0.999762
0.999802
0.999839
0.999876
0.999914
0.999953
0.999993
1
1
1
1
1
1
1
1
1
1
1
1
1
1
1
1
1
1
1
1
1
1
1
1
1
1
1
1
1
1
1
1
1
1
1
1
1
1
1
1
1
1
1
1
1
1
1
1
1
1
1
1
1
1
1
1
1
1
1
1
1
1
1
1
1
1
1
1
1
1
1
1
1
1
1
1
1
1
1
1
1
1
1
1
1
1
1
1
1
1
1
1
1
1
1
1
1
1
1
1
1
1
1
1
1
1
1
1
1
1
1
1
0.999709
0.999759
0.999804
0.999845
0.999885
0.999925
0.999964
1
1
1
1
1
1
1
1
1
1
1
1
1
1
1
1
1
1
1
1
1
1
1
1
1
1
1
1
1
1
1
1
1
1
1
1
1
1
1
1
1
1
1
1
1
1
1
1
1
1
1
1
1
1
1
1
1
1
1
1
1
1
1
1
1
1
1
1
1
1
1
1
1
1
1
1
1
1
1
1
1
1
1
1
1
1
1
1
1
1
1
1
1
1
1
1
1
1
1
1
1
1
1
1
1
1
1
1
1
1
1
1
1
0.99971
0.999762
0.999809
0.999853
0.999895
0.999935
0.999975
1
1
1
1
1
1
1
1
1
1
1
1
1
1
1
1
1
1
1
1
1
1
1
1
1
1
1
1
1
1
1
1
1
1
1
1
1
1
1
1
1
1
1
1
1
1
1
1
1
1
1
1
1
1
1
1
1
1
1
1
1
1
1
1
1
1
1
1
1
1
1
1
1
1
1
1
1
1
1
1
1
1
1
1
1
1
1
1
1
1
1
1
1
1
1
1
1
1
1
1
1
1
1
1
1
1
1
1
1
1
1
1
1
0.999716
0.999768
0.999817
0.999862
0.999905
0.999946
0.999986
1
1
1
1
1
1
1
1
1
1
1
1
1
1
1
1
1
1
1
1
1
1
1
1
1
1
1
1
1
1
1
1
1
1
1
1
1
1
1
1
1
1
1
1
1
1
1
1
1
1
1
1
1
1
1
1
1
1
1
1
1
1
1
1
1
1
1
1
1
1
1
1
1
1
1
1
1
1
1
1
1
1
1
1
1
1
1
1
1
1
1
1
1
1
1
1
1
1
1
1
1
1
1
1
1
1
1
1
1
1
1
1
1
0.999724
0.999778
0.999828
0.999874
0.999917
0.999958
0.999998
1
1
1
1
1
1
1
1
1
1
1
1
1
1
1
1
1
1
1
1
1
1
1
1
1
1
1
1
1
1
1
1
1
1
1
1
1
1
1
1
1
1
1
1
1
1
1
1
1
1
1
1
1
1
1
1
1
1
1
1
1
1
1
1
1
1
1
1
1
1
1
1
1
1
1
1
1
1
1
1
1
1
1
1
1
1
1
1
1
1
1
1
1
1
1
1
1
1
1
1
1
1
1
1
1
1
1
1
1
1
1
1
1
0.999736
0.999793
0.999843
0.999888
0.999931
0.999971
1
1
1
1
1
1
1
1
1
1
1
1
1
1
1
1
1
1
1
1
1
1
1
1
1
1
1
1
1
1
1
1
1
1
1
1
1
1
1
1
1
1
1
1
1
1
1
1
1
1
1
1
1
1
1
1
1
1
1
1
1
1
1
1
1
1
1
1
1
1
1
1
1
1
1
1
1
1
1
1
1
1
1
1
1
1
1
1
1
1
1
1
1
1
1
1
1
1
1
1
1
1
1
1
1
1
1
1
1
1
1
1
1
1
0.999484
0.999814
0.999862
0.999905
0.999946
0.999985
1
1
1
1
1
1
1
1
1
1
1
1
1
1
1
1
1
1
1
1
1
1
1
1
1
1
1
1
1
1
1
1
1
1
1
1
1
1
1
1
1
1
1
1
1
1
1
1
1
1
1
1
1
1
1
1
1
1
1
1
1
1
1
1
1
1
1
1
1
1
1
1
1
1
1
1
1
1
1
1
1
1
1
1
1
1
1
1
1
1
1
1
0.9896
0.983866
0.97597
0.97042
0.96391
0.957875
0.951725
0.942393
0.934649
0.921458
0.906245
0.880333
0.857558
0.808943
0.782244
0.69892
0.669429
0.542692
0.514677
0.338387
0.311202
0.0829554
0.242002
0.999847
0.999886
0.999925
0.999963
1
1
1
1
1
1
1
1
1
1
1
1
1
1
1
1
1
1
1
1
1
1
1
1
1
1
1
1
1
1
1
1
1
1
1
1
1
1
1
1
1
1
1
1
1
1
1
1
1
1
1
1
0.992709
0.989103
0.986363
0.985307
0.984365
0.983463
0.98254
0.9821
0.982782
0.983311
0.984686
0.98537
0.986954
0.988151
0.989886
0.990935
0.992065
0.992691
0.992694
0.992129
0.991707
0.990804
0.990248
0.989439
0.988793
0.987802
0.986846
0.985784
0.984599
0.983113
0.981524
0.979445
0.977234
0.974511
0.971878
0.968025
0.963934
0.958767
0.954586
0.94103
0.936608
0.930445
0.913138
0.882822
0.851722
0.814476
0.774044
0.731451
0.681516
0.634343
0.566076
0.518902
0.442987
0.393663
0.321159
0.268094
0.208161
0.157241
0.114518
0.0702922
0.0424072
0.0172242
0.00810972
0.0326893
0.999441
0.999909
0.999947
0.999982
1
1
1
1
1
1
1
1
1
1
1
1
1
1
1
1
1
1
1
1
1
1
1
1
1
1
1
1
1
1
1
1
1
1
1
1
1
1
1
1
1
1
1
1
1
0.998287
0.997047
0.994132
0.990607
0.987803
0.982635
0.980659
0.980099
0.979695
0.976953
0.974488
0.970706
0.967767
0.965232
0.962837
0.960976
0.958714
0.957496
0.955773
0.954839
0.953154
0.951874
0.950046
0.948515
0.946804
0.944875
0.942307
0.939363
0.935502
0.931448
0.926466
0.921423
0.914741
0.907501
0.897916
0.888349
0.876403
0.86414
0.846849
0.831506
0.809208
0.789131
0.757284
0.732755
0.691916
0.654292
0.609763
0.563935
0.494201
0.455467
0.406996
0.379632
0.329723
0.304475
0.253615
0.232772
0.182679
0.173154
0.126601
0.121557
0.0842976
0.0797034
0.0534423
0.0472482
0.0294903
0.0217558
0.010549
0.00526098
0
0
0
0.0259861
0.246714
0.999882
1
1
1
1
1
1
1
1
1
1
1
1
1
1
1
1
1
1
1
1
1
1
1
1
1
1
1
1
1
1
1
1
1
1
1
1
1
1
1
1
1
1
0.999392
0.997052
0.993258
0.988406
0.986408
0.983043
0.98099
0.97842
0.976806
0.974463
0.973453
0.971668
0.969587
0.967693
0.966004
0.963507
0.961113
0.957332
0.954223
0.950554
0.945708
0.940013
0.933087
0.924878
0.915604
0.90564
0.895207
0.88385
0.872421
0.860066
0.847709
0.832871
0.820105
0.80378
0.787018
0.765655
0.743434
0.716182
0.69134
0.660701
0.633002
0.596966
0.564239
0.520221
0.485605
0.437527
0.403082
0.353764
0.325556
0.284617
0.256485
0.223851
0.217319
0.189325
0.178158
0.149147
0.139706
0.114081
0.106891
0.0855979
0.0822214
0.0640656
0.0604708
0.0461369
0.0407912
0.0298136
0.0227797
0.0153038
0.00911762
0.00423979
0.00144587
0
0
0
0
0.00682185
0.0208294
0.154747
0.999984
1
1
1
1
1
1
1
1
1
1
1
1
1
1
1
1
1
1
1
1
1
1
1
1
1
1
1
1
1
1
1
1
1
1
1
1
0.999412
0.997024
0.992632
0.989037
0.983327
0.980388
0.976009
0.973367
0.969851
0.96744
0.963888
0.960566
0.956308
0.952786
0.947127
0.943285
0.93812
0.932844
0.926179
0.919675
0.912119
0.903996
0.895875
0.888896
0.877934
0.867104
0.85358
0.840756
0.826135
0.811115
0.793809
0.775344
0.75557
0.730714
0.706264
0.676096
0.646489
0.607987
0.57063
0.530536
0.494975
0.455367
0.421234
0.381759
0.347937
0.31078
0.281782
0.248545
0.224848
0.196681
0.180621
0.159507
0.152852
0.136229
0.131181
0.120468
0.116052
0.0994208
0.0935415
0.0806899
0.0760816
0.0650263
0.060365
0.0508095
0.0465045
0.0370573
0.0326656
0.0238459
0.0186791
0.0112402
0.00836027
0.00388223
0.00219518
0
0
0
0
0
0
0
0
0.00155327
0.0172623
0.0801087
0.999798
1
1
1
1
1
1
1
1
1
1
1
1
1
1
1
1
1
1
1
1
1
1
1
1
1
1
1
1
1
1
1
0.99916
0.995774
0.98651
0.978863
0.971344
0.965643
0.959822
0.955594
0.949202
0.940632
0.93369
0.924338
0.916554
0.907142
0.897967
0.889592
0.875986
0.863847
0.85317
0.838869
0.824406
0.808056
0.789585
0.768741
0.745863
0.723961
0.694959
0.667594
0.636217
0.606422
0.574244
0.541546
0.505178
0.469048
0.430679
0.396244
0.361292
0.329338
0.297886
0.268511
0.237739
0.215947
0.194411
0.176593
0.159006
0.145589
0.132826
0.12352
0.114421
0.10941
0.103225
0.101488
0.0957523
0.0947315
0.0892494
0.0870897
0.0803794
0.0769465
0.0696408
0.0634586
0.0551865
0.0511738
0.0457936
0.0417534
0.0364588
0.031093
0.0266784
0.0212422
0.016145
0.0121563
0.00735437
0.00418109
0.00205004
0.00119006
0
0
0
0
0
0
0
0
0
0
0
0
0
0
0.00162763
0.0933414
0.261743
1
1
1
1
1
1
1
1
1
1
1
1
1
1
1
1
1
1
1
1
1
1
1
1
1
1
1
1
0.678171
0.675691
0.670376
0.665716
0.661848
0.658701
0.647237
0.631036
0.616163
0.597143
0.585226
0.568405
0.555034
0.536852
0.515688
0.49459
0.472783
0.451526
0.430285
0.40571
0.385385
0.358713
0.334235
0.306524
0.282787
0.258774
0.234081
0.21522
0.195973
0.178543
0.16343
0.147979
0.136604
0.124723
0.11715
0.109423
0.105454
0.101008
0.0979749
0.0954379
0.0941028
0.0940027
0.0917759
0.0902156
0.0879068
0.085541
0.0832091
0.0822284
0.0787808
0.0769674
0.0734773
0.070405
0.067053
0.0612565
0.0571383
0.0512946
0.0457269
0.040543
0.035145
0.0297028
0.0270672
0.0232632
0.0203934
0.016115
0.0148326
0.0112227
0.00838587
0.00524447
0.00322916
0.00182377
0
0
0
0
0
0
0
0
0
0
0
0
0
0
0
0
0
0
0
0
0
0
0
0
0
0
0
0
0
0
0
0
0
0
0
0
0
0
0
0
0
0
0
0
0
0
0
0
0
0
0
0.00304644
0.00890527
0.0135746
0.0163027
0.0181791
0.0235883
0.0296338
0.0354844
0.0413063
0.0434775
0.0451084
0.0476811
0.049106
0.0528486
0.0534704
0.0562235
0.0586692
0.0614112
0.0638714
0.0651892
0.0681432
0.0684101
0.0712908
0.0743163
0.0764452
0.0799717
0.0799265
0.0794481
0.0800401
0.0807983
0.0801212
0.0804798
0.0802699
0.08
0.0774867
0.0747653
0.0720012
0.0691709
0.0661607
0.0624831
0.0580714
0.0553104
0.0511549
0.0476959
0.0436574
0.04038
0.0369227
0.033289
0.0295501
0.0259228
0.0240952
0.0208191
0.0187889
0.0165011
0.0150738
0.0128492
0.010579
0.00914483
0.00817587
0.00660297
0.00489487
0.00357647
0.00208811
0
0
0
0
0
0
0
0
0
0
0
0
0
0
0
0
0
0
0
0
0
0
0
0
0
0
0
0
0
0
0
0
0
0
0
0
0
0
0
0
0
0
0
0
0
0
0
0
0
0
0
0
0
0
0
0
0
0
0
0
0
0.00108961
0.00181395
0.00365317
0.00511392
0.0075776
0.00888689
0.0105554
0.0114327
0.0125519
0.014136
0.0160989
0.0175643
0.0176784
0.0177894
0.0171947
0.0178366
0.018013
0.0192777
0.0200256
0.0200293
0.019603
0.0182344
0.0180466
0.0182979
0.0178525
0.0169355
0.0165121
0.0162976
0.016015
0.0163255
0.0161962
0.0163166
0.0152222
0.0150183
0.0133403
0.0132235
0.0125081
0.0122226
0.0114162
0.0106624
0.00954658
0.00877595
0.00804191
0.00725823
0.00540173
0.00458702
0.00422316
0.00286804
0.00147965
0.00112096
0
0
0
0
0
0
0
0
0
0
0
0
0
0
0
0
0
0
0
0
0
0
0
0
0
0
0
0
0
0
0
0
0
0
0
0
0
0
0
0
0
0
0
0
0
0
0
0
0
0
0
0
0
0
0
0
0
0
0
0
0
0
0
0
0
0
0
0
0
0
0
0
0
0
0
0
0
0
0
0
0
0
0
0
0
0
0
0
0
0
0
0
0
0
0
0
0
0
0
0
0
0
0
0
0
0
0
0
0
0
0
0
0
0
0
0
0
0
0
0
0
0
0
0
0
0
0
0
0
0
0
0
0
0
0
0
0
0
0
0
0
0
0
0
0
0
0
0
0
0
0
0
0
0
0
0
0
0
0
0
0
0
0
0
0
0
0
0
0
0
0
0
0
0
0
0
0
0
0
0
0
0
0
0
0
0
0
0
0
0
0
0
0
0
0
0
0
0
0
0
0
0
0
0
0
0
0
0
0
0
0
0
0
0
0
0
0
0
0
0
0
0
0
0
0
0
0
0
0
0
0
0
0
0
0
0
0
0
0
0
0
0
0
0
0
0
0
0
0
0
0
0
0
0
0
0
0
0
0
0
0
0
0
0
0
0
0
0
0
0
0
0
0
0
0
0
0
0
0
0
0
0
0
0
0
0
0
0
0
0
0
0
0
0
0
0
0
0
0
0
0
0
0
0
0
0
0
0
0
0
0
0
0
0
0
0
0
0
0
0
0
0
0
0
0
0
0
0
0
0
0
0
0
0
0
0
0
0
0
0
0
0
0
0
0
0
0
0
0
0
0
0
0
0
0
0
0
0
0
0
0
0
0
0
0
0
0
0
0
0
0
0
0
0
0
0
0
0
0
0
0
0
0
0
0
0
0
0
0
0
0
0
0
0
0
0
0
0
0
0
0
0
0
0
0
0
0
0
0
0
0
0
0
0
0
0
0
0
0
0
0
0
0
0
0
0
0
0
0
0
0
0
0
0
0
0
0
0
0
0
0
0
0
0
0
0
0
0
0
0
0
0
0
0
0
0
0
0
0
0
0
0
0
0
0
0
0
0
0
0
0
0
0
0
0
0
0
0
0
0
0
0
0
0
0
0
0
0
0
0
0
0
0
0
0
0
0
0
0
0
0
0
0
0
0
0
0
0
0
0
0
0
0
0
0
0
0
0
0
0
0
0
0
0
0
0
0
0
0
0
0
0
0
0
0
0
0
0
0
0
0
0
0
0
0
0
0
0
0
0
0
0
0
0
0
0
0
0
0
0
0
0
0
0
0
0
0
0
0
0
0
0
0
0
0
0
0
0
0
0
0
0
0
0
0
0
0
0
0
0
0
0
0
0
0
0
0
0
0
0
0
0
0
0
0
0
0
0
0
0
0
0
0
0
0
0
0
0
0
0
0
0
0
0
0
0
0
0
0
0
0
0
0
0
0
0
0
0
0
0
0
0
0
0
0
0
0
0
0
0
0
0
0
0
0
0
0
0
0
0
0
0
0
0
0
)
;

boundaryField
{
    hot
    {
        type            calculated;
        value           uniform 1;
    }
    hotTop
    {
        type            calculated;
        value           nonuniform List<scalar> 8(0.678171 0.000117578 0 0 0 0 0 0);
    }
    cold
    {
        type            calculated;
        value           uniform 1;
    }
    coldTop
    {
        type            calculated;
        value           nonuniform List<scalar> 8(3.71976e-10 0 0 0 0 0 0 0);
    }
    top
    {
        type            calculated;
        value           uniform 0;
    }
    btm
    {
        type            calculated;
        value           nonuniform List<scalar> 
120
(
1
1
1
1
1
1
1
1
1
1
1
1
1
1
1
1
1
1
1
1
1
1
1
1
1
1
1
1
1
1
1
1
1
1
1
1
1
1
1
1
1
1
1
1
1
1
1
1
1
1
1
1
1
1
1
1
1
1
1
1
1
1
1
1
1
1
1
1
1
1
1
1
1
1
1
1
1
1
1
1
1
1
1
1
1
1
1
1
1
1
1
1
1
1
1
1
1
1
1
1
1
1
1
1
1
1
1
1
1
1
1
1
1
1
1
1
1
1
1
1
)
;
    }
    frontAndBack
    {
        type            empty;
    }
}


// ************************************************************************* //
