/*--------------------------------*- C++ -*----------------------------------*\
  =========                 |
  \\      /  F ield         | OpenFOAM: The Open Source CFD Toolbox
   \\    /   O peration     | Website:  https://openfoam.org
    \\  /    A nd           | Version:  6
     \\/     M anipulation  |
\*---------------------------------------------------------------------------*/
FoamFile
{
    version     2.0;
    format      ascii;
    class       volScalarField;
    location    "200";
    object      rho;
}
// * * * * * * * * * * * * * * * * * * * * * * * * * * * * * * * * * * * * * //

dimensions      [1 -3 0 0 0 0 0];

internalField   nonuniform List<scalar> 
4800
(
9780
9780
9780
9780
9780
9780
9780
9780
9780
9780
9780
9780
9780
9780
9780
9780
9780
9780
9780
9780
9780
9780
9780
9780
9780
9780
9780
9780
9780
9780
9780
9780
9780
9780
9780
9780
9780
9780
9780
9780
9780
9780
9780
9780
9780
9780
9780
9780
9780
9780
9780
9780
9780
9780
9780
9780
9780
9780
9780
9780
9780
9780
9780
9780
9780
9780
9780
9780
9780
9780
9780
9780
9780
9780
9780
9780
9780
9780
9780
9780
9777.7
9778.15
9778.62
9779.09
9779.57
9780
9780
9780
9780
9780
9780
9780
9780
9780
9780
9780
9780
9780
9780
9780
9780
9780
9780
9780
9780
9780
9780
9780
9780
9780
9780
9780
9780
9780
9780
9780
9780
9780
9780
9780
9780
9780
9780
9780
9780
9780
9780
9780
9780
9780
9780
9780
9780
9780
9780
9780
9780
9780
9780
9780
9780
9780
9780
9780
9780
9780
9780
9780
9780
9780
9780
9780
9780
9780
9780
9780
9780
9780
9780
9780
9780
9780
9780
9780
9780
9780
9780
9780
9780
9780
9780
9780
9780
9780
9780
9780
9780
9780
9780
9780
9780
9780
9780
9780
9780
9780
9780
9780
9780
9780
9780
9780
9780
9780
9780
9780
9780
9780
9780
9780
9777.68
9778.14
9778.61
9779.08
9779.57
9780
9780
9780
9780
9780
9780
9780
9780
9780
9780
9780
9780
9780
9780
9780
9780
9780
9780
9780
9780
9780
9780
9780
9780
9780
9780
9780
9780
9780
9780
9780
9780
9780
9780
9780
9780
9780
9780
9780
9780
9780
9780
9780
9780
9780
9780
9780
9780
9780
9780
9780
9780
9780
9780
9780
9780
9780
9780
9780
9780
9780
9780
9780
9780
9780
9780
9780
9780
9780
9780
9780
9780
9780
9780
9780
9780
9780
9780
9780
9780
9780
9780
9780
9780
9780
9780
9780
9780
9780
9780
9780
9780
9780
9780
9780
9780
9780
9780
9780
9780
9780
9780
9780
9780
9780
9780
9780
9780
9780
9780
9780
9780
9780
9780
9780
9777.65
9778.12
9778.59
9779.07
9779.56
9780
9780
9780
9780
9780
9780
9780
9780
9780
9780
9780
9780
9780
9780
9780
9780
9780
9780
9780
9780
9780
9780
9780
9780
9780
9780
9780
9780
9780
9780
9780
9780
9780
9780
9780
9780
9780
9780
9780
9780
9780
9780
9780
9780
9780
9780
9780
9780
9780
9780
9780
9780
9780
9780
9780
9780
9780
9780
9780
9780
9780
9780
9780
9780
9780
9780
9780
9780
9780
9780
9780
9780
9780
9780
9780
9780
9780
9780
9780
9780
9780
9780
9780
9780
9780
9780
9780
9780
9780
9780
9780
9780
9780
9780
9780
9780
9780
9780
9780
9780
9780
9780
9780
9780
9780
9780
9780
9780
9780
9780
9780
9780
9780
9780
9780
9777.61
9778.09
9778.57
9779.06
9779.54
9780
9780
9780
9780
9780
9780
9780
9780
9780
9780
9780
9780
9780
9780
9780
9780
9780
9780
9780
9780
9780
9780
9780
9780
9780
9780
9780
9780
9780
9780
9780
9780
9780
9780
9780
9780
9780
9780
9780
9780
9780
9780
9780
9780
9780
9780
9780
9780
9780
9780
9780
9780
9780
9780
9780
9780
9780
9780
9780
9780
9780
9780
9780
9780
9780
9780
9780
9780
9780
9780
9780
9780
9780
9780
9780
9780
9780
9780
9780
9780
9780
9780
9780
9780
9780
9780
9780
9780
9780
9780
9780
9780
9780
9780
9780
9780
9780
9780
9780
9780
9780
9780
9780
9780
9780
9780
9780
9780
9780
9780
9780
9780
9780
9780
9780
9777.56
9778.05
9778.54
9779.04
9779.53
9780
9780
9780
9780
9780
9780
9780
9780
9780
9780
9780
9780
9780
9780
9780
9780
9780
9780
9780
9780
9780
9780
9780
9780
9780
9780
9780
9780
9780
9780
9780
9780
9780
9780
9780
9780
9780
9780
9780
9780
9780
9780
9780
9780
9780
9780
9780
9780
9780
9780
9780
9780
9780
9780
9780
9780
9780
9780
9780
9780
9780
9780
9780
9780
9780
9780
9780
9780
9780
9780
9780
9780
9780
9780
9780
9780
9780
9780
9780
9780
9780
9780
9780
9780
9780
9780
9780
9780
9780
9780
9780
9780
9780
9780
9780
9780
9780
9780
9780
9780
9780
9780
9780
9780
9780
9780
9780
9780
9780
9780
9780
9780
9780
9780
9780
9777.51
9778.01
9778.51
9779.01
9779.51
9780
9780
9780
9780
9780
9780
9780
9780
9780
9780
9780
9780
9780
9780
9780
9780
9780
9780
9780
9780
9780
9780
9780
9780
9780
9780
9780
9780
9780
9780
9780
9780
9780
9780
9780
9780
9780
9780
9780
9780
9780
9780
9780
9780
9780
9780
9780
9780
9780
9780
9780
9780
9780
9780
9780
9780
9780
9780
9780
9780
9780
9780
9780
9780
9780
9780
9780
9780
9780
9780
9780
9780
9780
9780
9780
9780
9780
9780
9780
9780
9780
9780
9780
9780
9780
9780
9780
9780
9780
9780
9780
9780
9780
9780
9780
9780
9780
9780
9780
9780
9780
9780
9780
9780
9780
9780
9780
9780
9780
9780
9780
9780
9780
9780
9780
9777.46
9777.97
9778.48
9778.99
9779.5
9780
9780
9780
9780
9780
9780
9780
9780
9780
9780
9780
9780
9780
9780
9780
9780
9780
9780
9780
9780
9780
9780
9780
9780
9780
9780
9780
9780
9780
9780
9780
9780
9780
9780
9780
9780
9780
9780
9780
9780
9780
9780
9780
9780
9780
9780
9780
9780
9780
9780
9780
9780
9780
9780
9780
9780
9780
9780
9780
9780
9780
9780
9780
9780
9780
9780
9780
9780
9780
9780
9780
9780
9780
9780
9780
9780
9780
9780
9780
9780
9780
9780
9780
9780
9780
9780
9780
9780
9780
9780
9780
9780
9780
9780
9780
9780
9780
9780
9780
9780
9780
9780
9780
9780
9780
9780
9780
9780
9780
9780
9780
9780
9780
9780
9780
9777.41
9777.94
9778.45
9778.97
9779.48
9779.99
9780
9780
9780
9780
9780
9780
9780
9780
9780
9780
9780
9780
9780
9780
9780
9780
9780
9780
9780
9780
9780
9780
9780
9780
9780
9780
9780
9780
9780
9780
9780
9780
9780
9780
9780
9780
9780
9780
9780
9780
9780
9780
9780
9780
9780
9780
9780
9780
9780
9780
9780
9780
9780
9780
9780
9780
9780
9780
9780
9780
9780
9780
9780
9780
9780
9780
9780
9780
9780
9780
9780
9780
9780
9780
9780
9780
9780
9780
9780
9780
9780
9780
9780
9780
9780
9780
9780
9780
9780
9780
9780
9780
9780
9780
9780
9780
9780
9780
9780
9780
9780
9780
9780
9780
9780
9780
9780
9780
9780
9780
9780
9780
9780
9780
9777.36
9777.9
9778.42
9778.95
9779.46
9779.98
9780
9780
9780
9780
9780
9780
9780
9780
9780
9780
9780
9780
9780
9780
9780
9780
9780
9780
9780
9780
9780
9780
9780
9780
9780
9780
9780
9780
9780
9780
9780
9780
9780
9780
9780
9780
9780
9780
9780
9780
9780
9780
9780
9780
9780
9780
9780
9780
9780
9780
9780
9780
9780
9780
9780
9780
9780
9780
9780
9780
9780
9780
9780
9780
9780
9780
9780
9780
9780
9780
9780
9780
9780
9780
9780
9780
9780
9780
9780
9780
9780
9780
9780
9780
9780
9780
9780
9780
9780
9780
9780
9780
9780
9780
9780
9780
9780
9780
9780
9780
9780
9780
9780
9780
9780
9780
9780
9780
9780
9780
9780
9780
9780
9780
9777.32
9777.86
9778.39
9778.92
9779.45
9779.97
9780
9780
9780
9780
9780
9780
9780
9780
9780
9780
9780
9780
9780
9780
9780
9780
9780
9780
9780
9780
9780
9780
9780
9780
9780
9780
9780
9780
9780
9780
9780
9780
9780
9780
9780
9780
9780
9780
9780
9780
9780
9780
9780
9780
9780
9780
9780
9780
9780
9780
9780
9780
9780
9780
9780
9780
9780
9780
9780
9780
9780
9780
9780
9780
9780
9780
9780
9780
9780
9780
9780
9780
9780
9780
9780
9780
9780
9780
9780
9780
9780
9780
9780
9780
9780
9780
9780
9780
9780
9780
9780
9780
9780
9780
9780
9780
9780
9780
9780
9780
9780
9780
9780
9780
9780
9780
9780
9780
9780
9780
9780
9780
9780
9780
9777.27
9777.82
9778.37
9778.91
9779.44
9779.96
9780
9780
9780
9780
9780
9780
9780
9780
9780
9780
9780
9780
9780
9780
9780
9780
9780
9780
9780
9780
9780
9780
9780
9780
9780
9780
9780
9780
9780
9780
9780
9780
9780
9780
9780
9780
9780
9780
9780
9780
9780
9780
9780
9780
9780
9780
9780
9780
9780
9780
9780
9780
9780
9780
9780
9780
9780
9780
9780
9780
9780
9780
9780
9780
9780
9780
9780
9780
9780
9780
9780
9780
9780
9780
9780
9780
9780
9780
9780
9780
9780
9780
9780
9780
9780
9780
9780
9780
9780
9780
9780
9780
9780
9780
9780
9780
9780
9780
9780
9780
9780
9780
9780
9780
9780
9780
9780
9780
9780
9780
9780
9780
9780
9780
9777.23
9777.79
9778.34
9778.89
9779.43
9779.96
9780
9780
9780
9780
9780
9780
9780
9780
9780
9780
9780
9780
9780
9780
9780
9780
9780
9780
9780
9780
9780
9780
9780
9780
9780
9780
9780
9780
9780
9780
9780
9780
9780
9780
9780
9780
9780
9780
9780
9780
9780
9780
9780
9780
9780
9780
9780
9780
9780
9780
9780
9780
9780
9780
9780
9780
9780
9780
9780
9780
9780
9780
9780
9780
9780
9780
9780
9780
9780
9780
9780
9780
9780
9780
9780
9780
9780
9780
9780
9780
9780
9780
9780
9780
9780
9780
9780
9780
9780
9780
9780
9780
9780
9780
9780
9780
9780
9780
9780
9780
9780
9780
9780
9780
9780
9780
9780
9780
9780
9780
9780
9780
9780
9780
9777.19
9777.76
9778.32
9778.88
9779.42
9779.96
9780
9780
9780
9780
9780
9780
9780
9780
9780
9780
9780
9780
9780
9780
9780
9780
9780
9780
9780
9780
9780
9780
9780
9780
9780
9780
9780
9780
9780
9780
9780
9780
9780
9780
9780
9780
9780
9780
9780
9780
9780
9780
9780
9780
9780
9780
9780
9780
9780
9780
9780
9780
9780
9780
9780
9780
9780
9780
9780
9780
9780
9780
9780
9780
9780
9780
9780
9780
9780
9780
9780
9780
9780
9780
9780
9780
9780
9780
9780
9780
9780
9780
9780
9780
9780
9780
9780
9780
9780
9780
9780
9780
9780
9780
9780
9780
9780
9780
9780
9780
9780
9780
9780
9780
9780
9780
9780
9780
9780
9780
9780
9780
9780
9780
9777.15
9777.74
9778.31
9778.87
9779.42
9779.96
9780
9780
9780
9780
9780
9780
9780
9780
9780
9780
9780
9780
9780
9780
9780
9780
9780
9780
9780
9780
9780
9780
9780
9780
9780
9780
9780
9780
9780
9780
9780
9780
9780
9780
9780
9780
9780
9780
9780
9780
9780
9780
9780
9780
9780
9780
9780
9780
9780
9780
9780
9780
9780
9780
9780
9780
9780
9780
9780
9780
9780
9780
9780
9780
9780
9780
9780
9780
9780
9780
9780
9780
9780
9780
9780
9780
9780
9780
9780
9780
9780
9780
9780
9780
9780
9780
9780
9780
9780
9780
9780
9780
9780
9780
9780
9780
9780
9780
9780
9780
9780
9780
9780
9780
9780
9780
9780
9780
9780
9780
9780
9780
9780
9780
9777.13
9777.72
9778.3
9778.87
9779.43
9779.97
9780
9780
9780
9780
9780
9780
9780
9780
9780
9780
9780
9780
9780
9780
9780
9780
9780
9780
9780
9780
9780
9780
9780
9780
9780
9780
9780
9780
9780
9780
9780
9780
9780
9780
9780
9780
9780
9780
9780
9780
9780
9780
9780
9780
9780
9780
9780
9780
9780
9780
9780
9780
9780
9780
9780
9780
9780
9780
9780
9780
9780
9780
9780
9780
9780
9780
9780
9780
9780
9780
9780
9780
9780
9780
9780
9780
9780
9780
9780
9780
9780
9780
9780
9780
9780
9780
9780
9780
9780
9780
9780
9780
9780
9780
9780
9780
9780
9780
9780
9780
9780
9780
9780
9780
9780
9780
9780
9780
9780
9780
9780
9780
9780
9780
9777.11
9777.72
9778.31
9778.88
9779.44
9779.99
9780
9780
9780
9780
9780
9780
9780
9780
9780
9780
9780
9780
9780
9780
9780
9780
9780
9780
9780
9780
9780
9780
9780
9780
9780
9780
9780
9780
9780
9780
9780
9780
9780
9780
9780
9780
9780
9780
9780
9780
9780
9780
9780
9780
9780
9780
9780
9780
9780
9780
9780
9780
9780
9780
9780
9780
9780
9780
9780
9780
9780
9780
9780
9780
9780
9780
9780
9780
9780
9780
9780
9780
9780
9780
9780
9780
9780
9780
9780
9780
9780
9780
9780
9780
9780
9780
9780
9780
9780
9780
9780
9780
9780
9780
9780
9780
9780
9780
9780
9780
9780
9780
9780
9780
9780
9780
9780
9780
9780
9780
9780
9780
9780
9780
9777.11
9777.72
9778.32
9778.9
9779.46
9780
9780
9780
9780
9780
9780
9780
9780
9780
9780
9780
9780
9780
9780
9780
9780
9780
9780
9780
9780
9780
9780
9780
9780
9780
9780
9780
9780
9780
9780
9780
9780
9780
9780
9780
9780
9780
9780
9780
9780
9780
9780
9780
9780
9780
9780
9780
9780
9780
9780
9780
9780
9780
9780
9780
9780
9780
9780
9780
9780
9780
9780
9780
9780
9780
9780
9780
9780
9780
9780
9780
9780
9780
9780
9780
9780
9780
9780
9780
9780
9780
9780
9780
9780
9780
9780
9780
9780
9780
9780
9780
9780
9780
9780
9780
9780
9780
9780
9780
9780
9780
9780
9780
9780
9780
9780
9780
9780
9780
9780
9780
9780
9780
9780
9780
9777.13
9777.75
9778.35
9778.93
9779.5
9780
9780
9780
9780
9780
9780
9780
9780
9780
9780
9780
9780
9780
9780
9780
9780
9780
9780
9780
9780
9780
9780
9780
9780
9780
9780
9780
9780
9780
9780
9780
9780
9780
9780
9780
9780
9780
9780
9780
9780
9780
9780
9780
9780
9780
9780
9780
9780
9780
9780
9780
9780
9780
9780
9780
9780
9780
9780
9780
9780
9780
9780
9780
9780
9780
9780
9780
9780
9780
9780
9780
9780
9780
9780
9780
9780
9780
9780
9780
9780
9780
9780
9780
9780
9780
9780
9780
9780
9780
9780
9780
9780
9780
9780
9780
9780
9780
9780
9780
9780
9780
9780
9780
9780
9780
9780
9780
9780
9780
9780
9780
9780
9780
9780
9780
9777.17
9777.8
9778.4
9778.99
9779.55
9780
9780
9780
9780
9780
9780
9780
9780
9780
9780
9780
9780
9780
9780
9780
9780
9780
9780
9780
9780
9780
9780
9780
9780
9780
9780
9780
9780
9780
9780
9780
9780
9780
9780
9780
9780
9780
9780
9780
9780
9780
9780
9780
9780
9780
9780
9780
9780
9780
9780
9780
9780
9780
9780
9780
9780
9780
9780
9780
9780
9780
9780
9780
9780
9780
9780
9780
9780
9780
9780
9780
9780
9780
9780
9780
9780
9780
9780
9780
9780
9780
9780
9780
9780
9780
9780
9780
9780
9780
9780
9780
9780
9780
9780
9780
9780
9780
9780
9780
9780
9780
9780
9780
9780
9780
9780
9780
9780
9780
9780
9780
9780
9780
9780
9780
9777.25
9777.88
9778.48
9779.06
9779.62
9780
9780
9780
9780
9780
9780
9780
9780
9780
9780
9780
9780
9780
9780
9780
9780
9780
9780
9780
9780
9780
9780
9780
9780
9780
9780
9780
9780
9780
9780
9780
9780
9780
9780
9780
9780
9780
9780
9780
9780
9780
9780
9780
9780
9780
9780
9780
9780
9780
9780
9780
9780
9780
9780
9780
9780
9780
9780
9780
9780
9780
9780
9780
9780
9780
9780
9780
9780
9780
9780
9780
9780
9780
9780
9780
9780
9780
9780
9780
9780
9780
9780
9780
9780
9780
9780
9780
9780
9780
9780
9780
9780
9780
9780
9780
9780
9780
9780
9780
9780
9780
9780
9780
9780
9780
9780
9780
9780
9780
9780
9780
9780
9780
9780
9780
9777.37
9777.99
9778.59
9779.16
9779.7
9780
9780
9780
9780
9780
9780
9780
9780
9780
9780
9780
9780
9780
9780
9780
9780
9780
9780
9780
9780
9780
9780
9780
9780
9780
9780
9780
9780
9780
9780
9780
9780
9780
9780
9780
9780
9780
9780
9780
9780
9780
9780
9780
9780
9780
9780
9780
9780
9780
9780
9780
9780
9780
9780
9780
9780
9780
9780
9780
9780
9780
9780
9780
9780
9780
9780
9780
9780
9780
9780
9780
9780
9780
9780
9780
9780
9780
9780
9780
9780
9780
9780
9780
9780
9780
9780
9780
9780
9780
9780
9780
9780
9780
9780
9780
9780
9780
9780
9780
9780
9780
9780
9780
9780
9780
9780
9780
9780
9780
9780
9780
9780
9780
9780
9780
9777.54
9778.15
9778.73
9779.28
9779.81
9780
9780
9780
9780
9780
9780
9780
9780
9780
9780
9780
9780
9780
9780
9780
9780
9780
9780
9780
9780
9780
9780
9780
9780
9780
9780
9780
9780
9780
9780
9780
9780
9780
9780
9780
9780
9780
9780
9780
9780
9780
9780
9780
9780
9780
9780
9780
9780
9780
9780
9780
9780
9780
9780
9780
9780
9780
9780
9780
9780
9780
9780
9780
9780
9780
9780
9780
9780
9780
9780
9780
9780
9780
9780
9780
9780
9780
9780
9780
9780
9780
9780
9780
9780
9780
9780
9780
9780
9780
9780
9780
9780
9780
9780
9780
9780
9780
9780
9780
9780
9780
9780
9780
9780
9780
9780
9780
9780
9780
9780
9780
9780
9780
9780
9780
9777.77
9778.36
9778.91
9779.43
9779.94
9780
9780
9780
9780
9780
9780
9780
9780
9780
9780
9780
9780
9780
9780
9780
9780
9780
9780
9780
9780
9780
9780
9780
9780
9780
9780
9780
9780
9780
9780
9780
9780
9780
9780
9780
9780
9780
9780
9780
9780
9780
9780
9780
9780
9780
9780
9780
9780
9780
9780
9780
9780
9780
9780
9780
9780
9780
9780
9780
9780
9780
9780
9780
9780
9780
9780
9780
9780
9780
9780
9780
9780
9780
9780
9780
9780
9780
9780
9780
9780
9780
9780
9780
9780
9780
9780
9780
9780
9780
9780
9780
9780
9780
9780
9780
9780
9780
9780
9780
9780
9780
9780
9780
9780
9780
9780
9780
9780
9780
9780
9780
9780
9780
9780
9780
9778.1
9778.64
9779.13
9779.61
9780
9780
9780
9780
9780
9780
9780
9780
9780
9780
9780
9780
9780
9780
9780
9780
9780
9780
9780
9780
9780
9780
9780
9780
9780
9780
9780
9780
9780
9780
9780
9780
9780
9780
9780
9780
9780
9780
9780
9780
9780
9780
9780
9780
9780
9780
9780
9780
9780
9780
9780
9780
9780
9780
9780
9780
9780
9780
9780
9780
9780
9780
9780
9780
9780
9780
9780
9780
9780
9780
9780
9780
9780
9780
9780
9780
9780
9780
9780
9780
9780
9780
9780
9780
9780
9780
9780
9780
9780
9780
9780
9780
9780
9780
9780
9780
9780
9780
9780
9780
9780
9780
9780
9780
9780
9780
9780
9780
9780
9780
9780
9780
9780
9780
9780
9780
9778.55
9778.99
9779.4
9779.81
9780
9780
9780
9780
9780
9780
9780
9780
9780
9780
9780
9780
9780
9780
9780
9780
9780
9780
9780
9780
9780
9780
9780
9780
9780
9780
9780
9780
9780
9780
9780
9780
9780
9780
9780
9780
9780
9780
9780
9780
9780
9780
9780
9780
9780
9780
9780
9780
9780
9780
9780
9780
9780
9780
9780
9780
9780
9780
9780
9780
9780
9780
9780
9780
9780
9780
9780
9780
9780
9780
9780
9780
9780
9780
9780
9780
9780
9780
9780
9780
9780
9780
9780
9780
9780
9780
9780
9780
9780
9780
9780
9780
9780
9780
9780
9780
9780
9780
9780
9780
9780
9780
9780
9780
9780
9780
9780
9780
9780
9780
9780
9780
9780
9780
9780
9780
9780
9779.42
9779.68
9780
9780
9780
9780
9780
9780
9780
9780
9780
9780
9780
9780
9780
9780
9780
9780
9780
9780
9780
9780
9780
9780
9780
9780
9780
9780
9780
9780
9780
9780
9780
9780
9780
9780
9780
9780
9780
9780
9780
9780
9780
9780
9780
9780
9780
9780
9780
9780
9780
9780
9780
9780
9780
9780
9780
9780
9780
9780
9780
9780
9780
9780
9780
9780
9780
9780
9780
9780
9780
9780
9780
9780
9780
9780
9780
9780
9780
9780
9780
9780
9780
9780
9780
9780
9780
9780
9780
9780
9780
9780
9780
9780
9780
9780
9780
9780
9780
9780
9780
9780
9780
9780
9780
9780
9780
9780
9780
9780
9780
9780
9780
9780
9780
9780
9780
9780
9780
9780
9779.78
9779.96
9780
9780
9780
9780
9780
9780
9780
9780
9780
9780
9780
9780
9780
9780
9780
9780
9780
9780
9780
9780
9780
9780
9780
9780
9780
9780
9780
9780
9780
9780
9780
9780
9780
9780
9780
9780
9780
9780
9780
9780
9780
9780
9780
9780
9780
9780
9780
9780
9780
9780
9780
9780
9780
9780
9780
9780
9780
9780
9780
9780
9780
9780
9780
9780
9780
9780
9780
9780
9780
9780
9780
9780
9780
9780
9780
9780
9780
9780
9780
9780
9780
9780
9780
9780
9780
9780
9780
9780
9780
9780
9780
9780
9780
9780
9780
9780
9780
9780
9780
9780
9780
9780
9780
9780
9780
9780
9780
9780
9780
9780
9780
9780
9780
9780
9779.81
9779.67
9779.69
9780
9780
9780
9780
9780
9780
9780
9780
9780
9780
9780
9780
9780
9780
9780
9780
9780
9780
9780
9780
9780
9780
9780
9780
9780
9780
9780
9780
9780
9780
9780
9780
9780
9780
9780
9780
9780
9780
9780
9780
9780
9780
9780
9780
9780
9780
9780
9780
9780
9780
9780
9780
9780
9780
9780
9780
9780
9780
9780
9780
9780
9780
9780
9780
9780
9780
9780
9780
9780
9780
9780
9780
9780
9780
9780
9780
9780
9780
9780
9780
9780
9780
9780
9779.99
9772.21
9736.28
9736.47
9714.27
9705.74
9671.37
9677.22
9663.11
9661.98
9652.97
9640.91
9624.33
9621.28
9607.33
9603.69
9588.24
9587.04
9565.95
9575.41
9552.02
9545.89
9539.32
9542.89
9528.09
9550.04
9532.38
9562.43
9549.51
9604.8
9592.69
9668.04
9658.36
9717.31
9699.96
9776.82
9750.72
9780
9780
9780
9780
9780
9780
9780
9780
9780
9780
9780
9780
9780
9780
9780
9780
9780
9780
9780
9780
9780
9780
9780
9780
9780
9780
9780
9780
9780
9780
9780
9780
9780
9780
9780
9780
9780
9780
9780
9780
9780
9780
9780
9780
9780
9780
9780
9780
9780
9780
9780
9780
9780
9780
9780
9780
9780
9780
9780
9780
9780
9780
9780
9780
9780
9780
9780
9780
9780
9780
9780
9780
9780
9780
9773.55
9772.86
9751.91
9750.06
9741.25
9723.62
9707.55
9682.63
9652.73
9634.89
9598.97
9595.04
9572.25
9559.31
9536.07
9502.44
9491.24
9450.57
9448.1
9431.64
9403.69
9415.72
9379.99
9401.07
9362.39
9373.24
9345.31
9370.37
9318.73
9330.23
9292.56
9324.39
9288.81
9303.48
9291.21
9276.4
9296.66
9277.42
9324.49
9310.1
9383.85
9362.61
9484.76
9417.32
9570.1
9494.31
9779.79
9780
9780
9780
9780
9780
9780
9780
9780
9780
9780
9780
9780
9780
9780
9780
9780
9780
9780
9780
9780
9780
9780
9780
9780
9780
9780
9780
9780
9780
9780
9780
9780
9780
9780
9780
9780
9780
9780
9780
9780
9780
9780
9780
9780
9780
9780
9780
9780
9780
9780
9780
9780
9780
9770.21
9775.46
9754.28
9756.96
9745.91
9741.02
9726.33
9721.59
9710.56
9718.81
9713.05
9711.02
9697.87
9693.85
9676.29
9676.55
9615.71
9583.39
9623.29
9608.94
9591.21
9581.94
9545.15
9536.07
9487.2
9491.32
9418.63
9423.95
9321.39
9350.08
9264.68
9300.48
9208.69
9250.24
9154.62
9175.76
9108.55
9100.53
9036.76
9054.47
8966.43
9015.85
8935.02
9005.28
8870.2
8935.66
8813.7
8868.68
8756.88
8858.75
8729.43
8850.26
8736.51
8870.47
8750.32
8958.53
8743.21
8977.96
8851.87
9018.93
8940.71
9061.71
8941.85
9127.78
9067.06
9469.6
8804.3
9780
9780
9780
9780
9780
9780
9780
9780
9780
9780
9780
9780
9780
9780
9780
9780
9780
9780
9780
9780
9780
9780
9780
9780
9780
9780
9780
9780
9780
9780
9780
9780
9780
9780
9780
9780
9780
9780
9780
9780
9780
9768.89
9732.71
9640.06
9616.55
9498.65
9451.33
9428.75
9410.29
9354.69
9332.7
9337.29
9351.35
9383.78
9421.48
9462.69
9485.79
9474.41
9508.19
9471.33
9478.89
9440.75
9451.55
9393.38
9387.26
9334.24
9361.74
9305.53
9305.87
9268.3
9285.69
9189.17
9173.71
9082.45
9063.49
8931.15
8902.07
8756.97
8747.28
8600.61
8604.08
8454.12
8479.91
8316.97
8293.86
8140.71
8196.06
8062.62
8204.91
8031.67
8187.87
7922.4
8139.55
7843.67
8211.25
7823.01
8179.47
7731.12
8173.09
7566.68
8023.87
7276.5
7826.19
6835.65
7514.41
6404.64
7288.63
5960.46
7050.3
5630.47
6833.53
5210.64
6308.19
4619.14
5588.39
3749.36
4820.49
2338.78
3651.95
981.677
8154.3
9780
9780
9780
9780
9780
9780
9780
9780
9780
9780
9780
9780
9780
9780
9780
9780
9780
9780
9780
9780
9780
9780
9780
9780
9780
9780
9780
9780
9780
9780
9780
9780
9780
9780
9780
9780
9780
9780
8055.5
7962.81
8021.41
7909.51
7980.14
7925.03
7981.59
7932.76
8011.26
8000.86
8181.33
8135.36
8280.76
8320.23
8431.45
8351.82
8474.56
8344.61
8413.71
8250.16
8261.33
8173.76
8141.46
7897.69
7858.48
7744.9
7594.68
7438.86
7266.56
7161.85
6958.27
6888.35
6761.66
6703.92
6489.17
6359.43
6212.25
6087.14
5948.84
5860.42
5682.27
5526.18
5295.5
5202.72
4991.85
4969.49
4751.37
4709.03
4428.14
4378.55
4259.79
4236.55
4101.9
4126.2
3880
3851.83
3574.28
3643.36
3245.67
3273.96
2771.11
2857.16
2299.3
2451.21
2002.02
2158.51
1826.73
1886.43
1649.34
1704.22
1605.33
1466.74
1412.13
1185.86
992.091
844.063
580.131
457.631
335.212
271.541
1.6337
1.6337
1.6337
1.6337
1.6337
1.6337
1.6337
1.6337
1.6337
1.6337
1.6337
1.6337
1.6337
1.6337
1.6337
1.6337
1.6337
1.6337
1.6337
1.6337
1.6337
1.6337
1.6337
1.6337
1.6337
1.6337
1.6337
1.6337
1.6337
1.6337
1.6337
1.6337
1.6337
1.6337
1.6337
1.6337
1.6337
1.6337
1.6337
1.6337
880.406
964.612
1010.05
1115.57
1172.72
1236.75
1352.47
1409.52
1507.92
1509.71
1539.26
1500.31
1600.27
1464.28
1597.43
1513.43
1601.08
1485.04
1590.03
1452.72
1612.61
1372.13
1562.07
1477.54
1592.89
1361.71
1514.42
1295.39
1406.7
1156.74
1280.8
1055.27
1103.59
874.33
959.867
815.818
847.282
723.682
747.023
613.999
662.95
596.545
692.515
618.679
728.47
665.883
756.695
734.902
826.181
789.746
890.125
876.076
975.471
963.531
1028.57
993.771
1043.35
1004.48
1060.34
1030.7
1072.67
1001.39
1036.65
894.471
907.644
832.426
791.715
726.77
681.079
608.732
527.457
481.26
396.602
339.248
292.357
227.653
196.441
134.298
103.834
31.4014
1.63207
1.6337
1.6337
1.6337
1.6337
1.6337
1.6337
1.6337
1.6337
1.6337
1.6337
1.6337
1.6337
1.6337
1.6337
1.6337
1.6337
1.6337
1.6337
1.6337
1.6337
1.6337
1.6337
1.6337
1.6337
1.6337
1.6337
1.6337
1.6337
1.6337
1.6337
1.6337
1.6337
1.6337
1.6337
1.6337
1.6337
1.6337
1.6337
1.6337
218.805
221.252
231.411
232.109
251.292
272.497
297.047
327.906
355.818
380.8
422.116
449.457
478.877
495.859
531.987
539.358
549.946
545.956
547.539
516.324
509.583
488.129
472.676
413.332
433.286
397.436
409.166
395.284
402.474
410.648
400.083
386.796
383.444
372.027
374.997
366.206
383.904
373.269
380.145
379.236
384.443
392.601
400.608
406.009
420.397
428.905
434.617
453.675
457.311
470.17
458.572
479.356
477.146
484.73
478.96
508.289
501.973
529.396
474.706
449.737
410.351
398.642
336.068
337.779
299.894
245.861
218.042
189.838
162.923
142.802
142.394
121.514
115.721
93.255
76.4011
63.1408
41.0809
26.5561
16.0781
1.6337
1.6337
1.6337
1.6337
1.6337
1.6337
1.6337
1.6337
1.6337
1.6337
1.6337
1.6337
1.6337
1.6337
1.6337
1.6337
1.6337
1.6337
1.6337
1.6337
1.6337
1.6337
1.6337
1.6337
1.6337
1.6337
1.6337
1.6337
1.6337
1.6337
1.6337
1.6337
1.6337
1.6337
1.6337
1.6337
1.6337
1.6337
1.6337
1.6337
1.6337
70.6476
73.1403
71.4566
70.0762
69.0631
79.6609
78.8548
83.2781
88.0543
97.9906
107.777
118.527
130.491
145.358
148.034
155.523
164.25
169.778
175.293
188.874
194.65
193.199
187.677
195.185
183.684
191.395
172.049
167.184
166.968
165.263
164.562
182.786
181.497
197.612
183.715
199.456
182.465
203.955
194.074
209.953
199.005
214.596
208.731
216.136
219.189
230.762
234.912
236.469
237.131
238.05
235.87
236.783
236.186
237.181
230.9
231.642
229.289
192.854
193.717
183.47
159.309
154.439
132.742
101.714
91.8263
73.4315
52.0525
39.5621
33.6312
27.9873
23.0278
21.9743
12.7742
18.6197
1.63301
1.63368
1.6337
1.63363
1.63363
1.6337
1.6337
1.6337
1.6337
1.6337
1.6337
1.6337
1.6337
1.6337
1.6337
1.6337
1.6337
1.6337
1.6337
1.6337
1.6337
1.6337
1.6337
1.6337
1.6337
1.6337
1.6337
1.6337
1.6337
1.6337
1.6337
1.6337
1.6337
1.6337
1.6337
1.6337
1.6337
1.6337
1.6337
1.6337
1.6337
1.6337
1.6337
1.6337
1.6337
1.6337
1.6337
1.63346
1.63323
11.4384
1.63213
14.2598
14.106
15.5639
16.2449
18.6101
20.6232
23.1814
24.8345
25.3343
27.0584
30.3401
30.6115
33.7494
31.7893
31.5725
33.0198
37.2841
47.3498
48.0301
56.2521
55.7318
63.4816
60.0013
60.7429
50.1941
56.0462
45.2041
49.6083
48.0746
59.6304
55.754
63.0182
59.0924
66.0832
64.3507
72.3392
73.6668
80.0499
83.5143
84.7235
84.0942
88.5044
91.0554
92.1026
96.3862
91.6979
94.7943
85.0235
88.2463
75.7734
69.6297
56.0164
50.5142
42.0033
32.9524
29.639
26.1143
16.6227
22.1659
1.6321
1.63211
1.6337
1.63363
1.6337
1.6337
1.63366
1.63363
1.63366
1.63355
1.6337
1.6337
1.6337
1.6337
1.6337
1.6337
1.6337
1.6337
1.6337
1.6337
1.6337
1.6337
1.6337
1.6337
1.6337
1.6337
1.6337
1.6337
1.6337
1.6337
1.6337
1.6337
1.6337
1.6337
1.6337
1.6337
1.6337
1.6337
1.6337
1.6337
1.6337
1.6337
1.6337
1.6337
1.6337
1.6337
1.6337
1.6337
1.6337
1.6337
1.6337
1.6337
1.6337
1.6337
1.6337
1.6337
1.6337
1.6337
1.6337
1.6337
1.6337
1.6337
1.6337
1.6337
1.6337
1.6337
1.6337
1.6337
1.6337
1.6337
1.6337
1.63368
1.63369
1.6337
1.6337
1.6337
1.6337
1.63365
1.63346
1.63365
1.6337
1.6337
1.63351
1.63351
1.63354
1.63339
1.63336
1.6337
1.6337
1.6333
1.6337
1.6337
1.63335
1.6337
1.63355
1.63343
1.6337
1.63344
1.63349
1.63364
1.63323
1.63365
1.6337
1.6337
1.6337
1.6337
1.6337
1.6337
1.6337
1.63364
1.6337
1.6337
1.63363
1.63353
1.6337
1.6337
1.63363
1.63339
1.6337
1.6337
1.6337
1.6337
1.6337
1.6337
1.6337
1.6337
1.6337
1.6337
1.6337
1.6337
1.6337
1.6337
1.6337
1.6337
1.6337
1.6337
1.6337
1.6337
1.6337
1.6337
1.6337
1.6337
1.6337
1.6337
1.6337
1.6337
1.6337
1.6337
1.6337
1.6337
1.6337
1.6337
1.6337
1.6337
1.6337
1.6337
1.6337
1.6337
1.6337
1.6337
1.6337
1.6337
1.6337
1.6337
1.6337
1.6337
1.6337
1.6337
1.6337
1.6337
1.6337
1.6337
1.6337
1.6337
1.6337
1.6337
1.6337
1.6337
1.6337
1.6337
1.6337
1.6337
1.6337
1.6337
1.6337
1.6337
1.6337
1.6337
1.6337
1.6337
1.6337
1.6337
1.6337
1.6337
1.6337
1.6337
1.6337
1.6337
1.6337
1.6337
1.6337
1.6337
1.6337
1.6337
1.6337
1.6337
1.6337
1.6337
1.6337
1.6337
1.6337
1.6337
1.6337
1.6337
1.6337
1.6337
1.6337
1.6337
1.6337
1.6337
1.6337
1.6337
1.6337
1.6337
1.6337
1.6337
1.6337
1.6337
1.6337
1.6337
1.6337
1.6337
1.6337
1.6337
1.6337
1.6337
1.6337
1.6337
1.6337
1.6337
1.6337
1.6337
1.6337
1.6337
1.6337
1.6337
1.6337
1.6337
1.6337
1.6337
1.6337
1.6337
1.6337
1.6337
1.6337
1.6337
1.6337
1.6337
1.6337
1.6337
1.6337
1.6337
1.6337
1.6337
1.6337
1.6337
1.6337
1.6337
1.6337
1.6337
1.6337
1.6337
1.6337
1.6337
1.6337
1.6337
1.6337
1.6337
1.6337
1.6337
1.6337
1.6337
1.6337
1.6337
1.6337
1.6337
1.6337
1.6337
1.6337
1.6337
1.6337
1.6337
1.6337
1.6337
1.6337
1.6337
1.6337
1.6337
1.6337
1.6337
1.6337
1.6337
1.6337
1.6337
1.6337
1.6337
1.6337
1.6337
1.6337
1.6337
1.6337
1.6337
1.6337
1.6337
1.6337
1.6337
1.6337
1.6337
1.6337
1.6337
1.6337
1.6337
1.6337
1.6337
1.6337
1.6337
1.6337
1.6337
1.6337
1.6337
1.6337
1.6337
1.6337
1.6337
1.6337
1.6337
1.6337
1.6337
1.6337
1.6337
1.6337
1.6337
1.6337
1.6337
1.6337
1.6337
1.6337
1.6337
1.6337
1.6337
1.6337
1.6337
1.6337
1.6337
1.6337
1.6337
1.6337
1.6337
1.6337
1.6337
1.6337
1.6337
1.6337
1.6337
1.6337
1.6337
1.6337
1.6337
1.6337
1.6337
1.6337
1.6337
1.6337
1.6337
1.6337
1.6337
1.6337
1.6337
1.6337
1.6337
1.6337
1.6337
1.6337
1.6337
1.6337
1.6337
1.6337
1.6337
1.6337
1.6337
1.6337
1.6337
1.6337
1.6337
1.6337
1.6337
1.6337
1.6337
1.6337
1.6337
1.6337
1.6337
1.6337
1.6337
1.6337
1.6337
1.6337
1.6337
1.6337
1.6337
1.6337
1.6337
1.6337
1.6337
1.6337
1.6337
)
;

boundaryField
{
    hot
    {
        type            calculated;
        value           uniform 9780;
    }
    hotTop
    {
        type            calculated;
        value           nonuniform List<scalar> 8(8055.5 880.406 218.805 70.6476 1.6337 1.6337 1.6337 1.6337);
    }
    cold
    {
        type            calculated;
        value           nonuniform List<scalar> 
32
(
9780
9780
9780
9780
9780
9780
9780
9780
9780
9780
9780
9780
9780
9780
9780
9780
9780
9780
9780
9780
9780
9780
9780
9780
9780
9780
9780
9780
9780
9780
9780
9780
)
;
    }
    coldTop
    {
        type            calculated;
        value           nonuniform List<scalar> 8(1.6337 1.6337 1.6337 1.6337 1.6337 1.6337 1.6337 1.6337);
    }
    top
    {
        type            calculated;
        value           nonuniform List<scalar> 
120
(
1.6337
1.6337
1.6337
1.6337
1.6337
1.6337
1.6337
1.6337
1.6337
1.6337
1.6337
1.6337
1.6337
1.6337
1.6337
1.6337
1.6337
1.6337
1.6337
1.6337
1.6337
1.6337
1.6337
1.6337
1.6337
1.6337
1.6337
1.6337
1.6337
1.6337
1.6337
1.6337
1.6337
1.6337
1.6337
1.6337
1.6337
1.6337
1.6337
1.6337
1.6337
1.6337
1.6337
1.6337
1.63369
1.63369
1.6337
1.6337
1.6337
1.6337
1.6337
1.6337
1.6337
1.6337
1.6337
1.6337
1.6337
1.6337
1.6337
1.6337
1.6337
1.6337
1.63369
1.63369
1.63369
1.6337
1.6337
1.6337
1.6337
1.6337
1.6337
1.6337
1.6337
1.6337
1.6337
1.6337
1.6337
1.6337
1.6337
1.6337
1.6337
1.6337
1.6337
1.6337
1.6337
1.6337
1.6337
1.6337
1.6337
1.6337
1.6337
1.6337
1.6337
1.6337
1.6337
1.6337
1.6337
1.6337
1.6337
1.6337
1.6337
1.6337
1.6337
1.6337
1.6337
1.6337
1.6337
1.6337
1.6337
1.6337
1.6337
1.6337
1.6337
1.6337
1.6337
1.6337
1.6337
1.6337
1.6337
1.6337
)
;
    }
    btm
    {
        type            calculated;
        value           nonuniform List<scalar> 
120
(
9780
9780
9780
9780
9780
9780
9780
9780
9780
9780
9780
9780
9780
9780
9780
9780
9780
9780
9780
9780
9780
9780
9780
9780
9780
9780
9780
9780
9780
9780
9780
9780
9780
9780
9780
9780
9780
9780
9780
9780
9780
9780
9780
9780
9780
9780
9780
9780
9780
9780
9780
9780
9780
9780
9780
9780
9780
9780
9780
9780
9780
9780
9780
9780
9780
9780
9780
9780
9780
9780
9780
9780
9780
9780
9780
9780
9780
9780
9780
9780
9780
9780
9780
9780
9780
9780
9780
9780
9780
9780
9780
9780
9780
9780
9780
9780
9780
9780
9780
9780
9780
9780
9780
9780
9780
9780
9780
9780
9780
9780
9780
9780
9780
9780
9780
9780
9780
9780
9780
9780
)
;
    }
    frontAndBack
    {
        type            empty;
    }
}


// ************************************************************************* //
