/*--------------------------------*- C++ -*----------------------------------*\
  =========                 |
  \\      /  F ield         | OpenFOAM: The Open Source CFD Toolbox
   \\    /   O peration     | Website:  https://openfoam.org
    \\  /    A nd           | Version:  6
     \\/     M anipulation  |
\*---------------------------------------------------------------------------*/
FoamFile
{
    version     2.0;
    format      ascii;
    class       volScalarField;
    location    "2000";
    object      stFactor;
}
// * * * * * * * * * * * * * * * * * * * * * * * * * * * * * * * * * * * * * //

dimensions      [0 0 0 0 0 0 0];

internalField   nonuniform List<scalar> 
4800
(
1
1
1
1
1
1
1
1
1
1
1
1
1
1
1
1
1
1
1
1
1
1
1
1
1
1
1
1
1
1
1
1
1
1
1
1
1
1
1
1
1
1
1
1
1
1
1
1
1
1
1
1
1
1
1
1
1
1
1
1
1
1
1
1
1
1
1
1
1
1
1
1
1
1
1
1
1
1
1
1
0.999813
0.999858
0.9999
0.999941
0.99998
1
1
1
1
1
1
1
1
1
1
1
1
1
1
1
1
1
1
1
1
1
1
1
1
1
1
1
1
1
1
1
1
1
1
1
1
1
1
1
1
1
1
1
1
1
1
1
1
1
1
1
1
1
1
1
1
1
1
1
1
1
1
1
1
1
1
1
1
1
1
1
1
1
1
1
1
1
1
1
1
1
1
1
1
1
1
1
1
1
1
1
1
1
1
1
1
1
1
1
1
1
1
1
1
1
1
1
1
1
1
1
1
1
1
1
0.999815
0.99986
0.999902
0.999943
0.999981
1
1
1
1
1
1
1
1
1
1
1
1
1
1
1
1
1
1
1
1
1
1
1
1
1
1
1
1
1
1
1
1
1
1
1
1
1
1
1
1
1
1
1
1
1
1
1
1
1
1
1
1
1
1
1
1
1
1
1
1
1
1
1
1
1
1
1
1
1
1
1
1
1
1
1
1
1
1
1
1
1
1
1
1
1
1
1
1
1
1
1
1
1
1
1
1
1
1
1
1
1
1
1
1
1
1
1
1
1
1
1
1
1
1
1
0.999819
0.999863
0.999906
0.999946
0.999984
1
1
1
1
1
1
1
1
1
1
1
1
1
1
1
1
1
1
1
1
1
1
1
1
1
1
1
1
1
1
1
1
1
1
1
1
1
1
1
1
1
1
1
1
1
1
1
1
1
1
1
1
1
1
1
1
1
1
1
1
1
1
1
1
1
1
1
1
1
1
1
1
1
1
1
1
1
1
1
1
1
1
1
1
1
1
1
1
1
1
1
1
1
1
1
1
1
1
1
1
1
1
1
1
1
1
1
1
1
1
1
1
1
1
1
0.999825
0.99987
0.999911
0.99995
0.999988
1
1
1
1
1
1
1
1
1
1
1
1
1
1
1
1
1
1
1
1
1
1
1
1
1
1
1
1
1
1
1
1
1
1
1
1
1
1
1
1
1
1
1
1
1
1
1
1
1
1
1
1
1
1
1
1
1
1
1
1
1
1
1
1
1
1
1
1
1
1
1
1
1
1
1
1
1
1
1
1
1
1
1
1
1
1
1
1
1
1
1
1
1
1
1
1
1
1
1
1
1
1
1
1
1
1
1
1
1
1
1
1
1
1
1
0.999835
0.999878
0.999919
0.999957
0.999993
1
1
1
1
1
1
1
1
1
1
1
1
1
1
1
1
1
1
1
1
1
1
1
1
1
1
1
1
1
1
1
1
1
1
1
1
1
1
1
1
1
1
1
1
1
1
1
1
1
1
1
1
1
1
1
1
1
1
1
1
1
1
1
1
1
1
1
1
1
1
1
1
1
1
1
1
1
1
1
1
1
1
1
1
1
1
1
1
1
1
1
1
1
1
1
1
1
1
1
1
1
1
1
1
1
1
1
1
1
1
1
1
1
1
1
0.999847
0.99989
0.999928
0.999964
0.999999
1
1
1
1
1
1
1
1
1
1
1
1
1
1
1
1
1
1
1
1
1
1
1
1
1
1
1
1
1
1
1
1
1
1
1
1
1
1
1
1
1
1
1
1
1
1
1
1
1
1
1
1
1
1
1
1
1
1
1
1
1
1
1
1
1
1
1
1
1
1
1
1
1
1
1
1
1
1
1
1
1
1
1
1
1
1
1
1
1
1
1
1
1
1
1
1
1
1
1
1
1
1
1
1
1
1
1
1
1
1
1
1
1
1
1
0.999866
0.999905
0.99994
0.999973
1
1
1
1
1
1
1
1
1
1
1
1
1
1
1
1
1
1
1
1
1
1
1
1
1
1
1
1
1
1
1
1
1
1
1
1
1
1
1
1
1
1
1
1
1
1
1
1
1
1
1
1
1
1
1
1
1
1
1
1
1
1
1
1
1
1
1
1
1
1
1
1
1
1
1
1
1
1
1
1
1
1
1
1
1
1
1
1
1
1
1
1
1
1
1
1
1
1
1
1
1
1
1
1
1
1
1
1
1
1
1
1
1
1
1
1
0.999895
0.999926
0.999954
0.999983
1
1
1
1
1
1
1
1
1
1
1
1
1
1
1
1
1
1
1
1
1
1
1
1
1
1
1
1
1
1
1
1
1
1
1
1
1
1
1
1
1
1
1
1
1
1
1
1
1
1
1
1
1
1
1
1
1
1
1
1
1
1
1
1
1
1
1
1
1
1
1
1
1
1
1
1
1
1
1
1
1
1
1
1
1
1
1
1
1
1
1
1
1
1
1
1
1
1
1
1
1
1
1
1
1
1
1
1
1
1
1
1
1
1
1
1
1
0.999948
0.999966
0.999991
1
1
1
1
1
1
1
1
1
1
1
1
1
1
1
1
1
1
1
1
1
1
1
1
1
1
1
1
1
1
1
1
1
1
1
1
1
1
1
1
1
1
1
1
1
1
1
1
1
1
1
1
1
1
1
1
1
1
1
1
1
1
1
1
1
1
1
1
1
1
1
1
1
1
1
1
1
1
1
1
1
1
1
1
1
1
1
1
1
1
1
1
1
1
1
1
1
1
1
1
1
1
1
1
1
1
1
1
1
1
1
1
1
1
1
1
1
0.999944
0.99997
0.999997
1
1
1
1
1
1
1
1
1
1
1
1
1
1
1
1
1
1
1
1
1
1
1
1
1
1
1
1
1
1
1
1
1
1
1
1
1
1
1
1
1
1
1
1
1
1
1
1
1
1
1
1
1
1
1
1
1
1
1
1
1
1
1
1
1
1
1
1
1
1
1
1
1
1
1
1
1
1
1
1
1
1
1
1
1
1
1
1
1
1
1
1
1
1
1
1
1
1
1
1
1
1
1
1
1
1
1
1
1
1
1
1
1
1
1
1
1
0.999942
0.999973
1
1
1
1
1
1
1
1
1
1
1
1
1
1
1
1
1
1
1
1
1
1
1
1
1
1
1
1
1
1
1
1
1
1
1
1
1
1
1
1
1
1
1
1
1
1
1
1
1
1
1
1
1
1
1
1
1
1
1
1
1
1
1
1
1
1
1
1
1
1
1
1
1
1
1
1
1
1
1
1
1
1
1
1
1
1
1
1
1
1
1
1
1
1
1
1
1
1
1
1
1
1
1
1
1
1
1
1
1
1
1
1
1
1
1
1
1
1
0.999946
0.999977
1
1
1
1
1
1
1
1
1
1
1
1
1
1
1
1
1
1
1
1
1
1
1
1
1
1
1
1
1
1
1
1
1
1
1
1
1
1
1
1
1
1
1
1
1
1
1
1
1
1
1
1
1
1
1
1
1
1
1
1
1
1
1
1
1
1
1
1
1
1
1
1
1
1
1
1
1
1
1
1
1
1
1
1
1
1
1
1
1
1
1
1
1
1
1
1
1
1
1
1
1
1
1
1
1
1
1
1
1
1
1
1
1
1
1
1
1
1
0.999955
0.999984
1
1
1
1
1
1
1
1
1
1
1
1
1
1
1
1
1
1
1
1
1
1
1
1
1
1
1
1
1
1
1
1
1
1
1
1
1
1
1
1
1
1
1
1
1
1
1
1
1
1
1
1
1
1
1
1
1
1
1
1
1
1
1
1
1
1
1
1
1
1
1
1
1
1
1
1
1
1
1
1
1
1
1
1
1
1
1
1
1
1
1
1
1
1
1
1
1
1
1
1
1
1
1
1
1
1
1
1
1
1
1
1
1
1
1
1
1
1
0.999969
0.999992
1
1
1
1
1
1
1
1
1
1
1
1
1
1
1
1
1
1
1
1
1
1
1
1
1
1
1
1
1
1
1
1
1
1
1
1
1
1
1
1
1
1
1
1
1
1
1
1
1
1
1
1
1
1
1
1
1
1
1
1
1
1
1
1
1
1
1
1
1
1
1
1
1
1
1
1
1
1
1
1
1
1
1
1
1
1
1
1
1
1
1
1
1
1
1
1
1
1
1
1
1
1
1
1
1
1
1
1
1
1
1
1
1
1
1
1
1
1
0.999985
0.999997
1
1
1
1
1
1
1
1
1
1
1
1
1
1
1
1
1
1
1
1
1
1
1
1
1
1
1
1
1
1
1
1
1
1
1
1
1
1
1
1
1
1
1
1
1
1
1
1
1
1
1
1
1
1
1
1
1
1
1
1
1
1
1
1
1
1
1
1
1
1
1
1
1
1
1
1
1
1
1
1
1
1
1
1
1
1
1
1
1
1
1
1
1
1
1
1
1
1
1
1
1
1
1
1
1
1
1
1
1
1
1
1
1
1
1
1
1
0.999873
0.999973
0.999995
1
1
1
1
1
1
1
1
1
1
1
1
1
1
1
1
1
1
1
1
1
1
1
1
1
1
1
1
1
1
1
1
1
1
1
1
1
1
1
1
1
1
1
1
1
1
1
1
1
1
1
1
1
1
1
1
1
1
1
1
1
1
1
1
1
1
1
1
1
1
1
1
1
1
1
1
1
1
1
1
1
1
1
1
1
1
1
1
1
1
1
1
1
1
1
1
1
1
1
1
1
1
1
1
1
1
1
1
1
1
1
1
1
1
1
1
1
1
0.999961
0.999989
1
1
1
1
1
1
1
1
1
1
1
1
1
1
1
1
1
1
1
1
1
1
1
1
1
1
1
1
1
1
1
1
1
1
1
1
1
1
1
1
1
1
1
1
1
1
1
1
1
1
1
1
1
1
1
1
1
1
1
1
1
1
1
1
1
1
1
1
1
1
1
1
1
1
1
1
1
1
1
1
1
1
1
1
1
1
1
1
1
1
1
1
1
1
1
1
1
1
1
1
1
1
1
1
1
1
1
1
1
1
1
1
1
1
1
1
1
1
0.999953
0.999985
1
1
1
1
1
1
1
1
1
1
1
1
1
1
1
1
1
1
1
1
1
1
1
1
1
1
1
1
1
1
1
1
1
1
1
1
1
1
1
1
1
1
1
1
1
1
1
1
1
1
1
1
1
1
1
1
1
1
1
1
1
1
1
1
1
1
1
1
1
1
1
1
1
1
1
1
1
1
1
1
1
1
1
1
1
1
1
1
1
1
1
1
1
1
1
1
1
1
1
1
1
1
1
1
1
1
1
1
1
1
1
1
1
1
1
1
1
1
0.999949
0.999982
1
1
1
1
1
1
1
1
1
1
1
1
1
1
1
1
1
1
1
1
1
1
1
1
1
1
1
1
1
1
1
1
1
1
1
1
1
1
1
1
1
1
1
1
1
1
1
1
1
1
1
1
1
1
1
1
1
1
1
1
1
1
1
1
1
1
1
1
1
1
1
1
1
1
1
1
1
1
1
1
1
1
1
1
1
1
1
1
1
1
1
1
1
1
1
1
1
1
1
1
1
1
1
1
1
1
1
1
1
1
1
1
1
1
1
1
1
1
0.999946
0.99998
1
1
1
1
1
1
1
1
1
1
1
1
1
1
1
1
1
1
1
1
1
1
1
1
1
1
1
1
1
1
1
1
1
1
1
1
1
1
1
1
1
1
1
1
1
1
1
1
1
1
1
1
1
1
1
1
1
1
1
1
1
1
1
1
1
1
1
1
1
1
1
1
1
1
1
1
1
1
1
1
1
1
1
1
1
1
1
1
1
1
1
1
1
1
1
1
1
1
1
1
1
1
1
1
1
1
1
1
1
1
1
1
1
1
1
1
1
1
0.999881
0.99998
1
1
1
1
1
1
1
1
1
1
1
1
1
1
1
1
1
1
1
1
1
1
1
1
1
1
1
1
1
1
1
1
1
1
1
1
1
1
1
1
1
1
1
1
1
1
1
1
1
1
1
1
1
1
1
1
1
1
1
1
1
1
1
1
1
1
1
1
1
1
1
1
1
1
1
1
1
1
1
1
1
1
1
1
1
1
1
1
1
1
1
1
1
1
1
1
1
1
1
1
1
1
1
1
1
1
1
1
1
1
1
1
1
1
1
1
1
1
1
0.999981
1
1
1
1
1
1
1
1
1
1
1
1
1
1
1
1
1
1
1
1
1
1
1
1
1
1
1
1
1
1
1
1
1
1
1
1
1
1
1
1
1
1
1
1
1
1
1
1
1
1
1
1
1
1
1
1
1
1
1
1
1
1
1
1
1
1
1
1
1
1
1
1
1
1
1
1
1
1
1
1
1
1
1
1
1
1
1
1
1
1
1
1
1
1
1
1
1
1
1
1
1
1
1
1
1
1
1
1
1
1
1
1
1
1
1
1
1
1
1
0.999983
1
1
1
1
1
1
1
1
1
1
1
1
1
1
1
1
1
1
1
1
1
1
1
1
1
1
1
1
1
1
1
1
1
1
1
1
1
1
1
1
1
1
1
1
1
1
1
1
1
1
1
1
1
1
1
1
1
1
1
1
1
1
1
1
1
1
1
1
1
1
1
1
1
1
1
1
1
1
1
1
1
1
1
1
1
1
1
1
1
1
1
1
1
1
1
1
1
1
1
1
1
1
1
1
1
1
1
1
1
1
1
1
1
1
1
1
1
1
1
0.999986
1
1
1
1
1
1
1
1
1
1
1
1
1
1
1
1
1
1
1
1
1
1
1
1
1
1
1
1
1
1
1
1
1
1
1
1
1
1
1
1
1
1
1
1
1
1
1
1
1
1
1
1
1
1
1
1
1
1
1
1
1
1
1
1
1
1
1
1
1
1
1
1
1
1
1
1
1
1
1
1
1
1
1
1
1
1
1
1
1
1
1
1
1
1
1
1
1
1
1
1
1
1
1
1
1
1
1
1
1
1
1
1
1
1
1
1
1
1
1
0.999948
1
1
1
1
1
1
1
1
1
1
1
1
1
1
1
1
1
1
1
1
1
1
1
1
1
1
1
1
1
1
1
1
1
1
1
1
1
1
1
1
1
1
1
1
1
1
1
1
1
1
1
1
1
1
1
1
1
1
1
1
1
1
1
1
1
1
1
1
1
1
1
1
1
1
1
1
1
1
1
1
1
1
1
1
1
1
1
1
1
1
1
1
1
1
1
1
1
1
1
1
1
1
1
1
1
1
1
1
1
1
1
1
1
1
1
1
1
1
1
1
1
1
1
1
1
1
1
1
1
1
1
1
1
1
1
1
1
1
1
1
1
1
1
1
1
1
1
1
1
1
1
1
1
1
1
1
1
1
1
1
1
1
1
1
1
1
1
1
1
1
1
1
1
1
1
1
1
1
1
1
1
1
1
1
1
1
1
1
1
1
1
1
1
1
1
1
1
1
1
1
1
1
1
1
1
1
1
1
1
1
1
1
1
1
1
1
1
1
1
1
1
1
1
1
1
1
1
1
1
1
1
1
1
1
1
1
1
1
1
0.999985
0.999941
1
1
1
1
1
1
1
1
1
1
1
1
1
1
1
1
1
1
1
1
1
1
1
1
1
1
1
1
1
1
1
1
1
1
1
1
1
1
1
1
1
1
1
1
1
1
1
1
1
1
1
1
1
1
1
1
1
1
1
1
1
1
1
1
1
1
1
1
1
1
1
1
1
0.998673
0.9979
0.995299
0.994605
0.992138
0.991375
0.988974
0.987855
0.985665
0.984213
0.982103
0.979982
0.977615
0.975198
0.972875
0.970247
0.96768
0.964322
0.961708
0.957735
0.955141
0.950586
0.948067
0.942655
0.940987
0.93471
0.932489
0.922035
0.919781
0.904621
0.901464
0.878185
0.874866
0.840611
0.834841
0.783404
0.776882
0.702754
0.698308
0.596182
0.591027
0.458052
0.448365
0.280597
0.268382
0.0653632
0.22838
1
1
1
1
1
1
1
1
1
1
1
1
1
1
1
1
1
1
1
1
1
1
1
1
1
1
1
1
1
1
1
1
1
1
1
1
1
1
1
1
1
1
1
1
1
1
1
1
1
1
1
1
1
1
1
1
1
1
1
1
1
1
1
1
1
0.998146
0.997571
0.99443
0.993045
0.990743
0.988923
0.987617
0.985364
0.984156
0.982539
0.981171
0.979403
0.977596
0.975706
0.973334
0.971306
0.968101
0.965319
0.960418
0.957628
0.952622
0.94877
0.942241
0.936275
0.928243
0.920813
0.911078
0.901001
0.889396
0.875857
0.862379
0.844624
0.823726
0.794869
0.770418
0.734664
0.705012
0.661199
0.624916
0.576846
0.531761
0.480572
0.429686
0.381406
0.325053
0.284073
0.226324
0.192716
0.139838
0.113507
0.0715517
0.0495354
0.0242694
0.000167045
0.0091103
0.130735
1
1
1
1
1
1
1
1
1
1
1
1
1
1
1
1
1
1
1
1
1
1
1
1
1
1
1
1
1
1
1
1
1
1
1
1
1
1
1
1
1
1
1
1
1
1
1
1
1
1
1
1
1
1
1
1
0.998122
0.996827
0.993758
0.99195
0.989058
0.986095
0.983235
0.980441
0.978597
0.976612
0.974965
0.973272
0.971401
0.969452
0.967425
0.965004
0.962364
0.958375
0.955049
0.949624
0.945357
0.937902
0.931512
0.921197
0.912044
0.899058
0.889863
0.873435
0.857374
0.838083
0.817498
0.797037
0.77096
0.746616
0.714019
0.687883
0.648246
0.619345
0.569442
0.535671
0.48422
0.457404
0.403482
0.378113
0.325751
0.303566
0.255964
0.234741
0.19558
0.177998
0.147583
0.131056
0.108712
0.092968
0.0764624
0.061979
0.0487762
0.0363889
0.0231107
0.013574
0.00223942
0.000167003
0.00437903
0.0154913
0.108785
1
1
1
1
1
1
1
1
1
1
1
1
1
1
1
1
1
1
1
1
1
1
1
1
1
1
1
1
1
1
1
1
1
1
1
1
1
1
1
1
1
1
1
1
1
1
1
1
0.996952
0.994826
0.989218
0.98561
0.980622
0.97603
0.971801
0.967222
0.964857
0.959853
0.959035
0.954455
0.95604
0.953376
0.95571
0.952543
0.95283
0.94637
0.943116
0.934044
0.926774
0.913465
0.90217
0.884465
0.870152
0.847981
0.828599
0.800766
0.775694
0.744351
0.717823
0.68552
0.656836
0.615654
0.583771
0.547996
0.514444
0.480615
0.442395
0.410052
0.370962
0.342676
0.303369
0.280222
0.24334
0.228787
0.199617
0.189993
0.161423
0.15601
0.132605
0.12943
0.109943
0.10711
0.0917371
0.0878748
0.0754074
0.0697999
0.0595607
0.0519686
0.0437328
0.0352561
0.027675
0.0191815
0.0121717
0.00542174
0.000166948
0.000167045
0.000167045
0.000167003
0.00168486
0.0168605
0.0700189
1
1
1
1
1
1
1
1
1
1
1
1
1
1
1
1
1
1
1
1
1
1
1
1
1
1
1
1
1
1
1
1
1
1
1
0.999456
0.99653
0.991574
0.989325
0.983029
0.981553
0.97465
0.971332
0.964511
0.965957
0.95703
0.953429
0.944751
0.944192
0.937695
0.938494
0.932537
0.933389
0.92594
0.925521
0.916012
0.915061
0.903734
0.899511
0.876872
0.853216
0.817538
0.785214
0.746912
0.713614
0.674692
0.637401
0.598848
0.562159
0.525706
0.491211
0.454887
0.422387
0.389464
0.360371
0.332208
0.306937
0.281375
0.258116
0.234564
0.219602
0.201611
0.186308
0.172662
0.159409
0.150825
0.139775
0.134137
0.124864
0.122414
0.114991
0.114362
0.106388
0.104065
0.0958561
0.0939351
0.085794
0.0826463
0.0747512
0.0702659
0.0631165
0.0571438
0.0508874
0.0445631
0.0389846
0.0321863
0.0266397
0.0198975
0.014406
0.00928441
0.00502768
0.00186783
0.000167013
0.000167045
0.000167045
0.000167045
0.000167045
0.000167045
0.000167045
0.000167045
0.00200458
0.0885335
0.266323
1
1
1
1
1
1
1
1
1
1
1
1
1
1
1
1
1
1
1
1
1
1
1
1
1
1
1
1
1
1
0.659476
0.652531
0.649347
0.645909
0.642115
0.635697
0.628606
0.617542
0.606603
0.596223
0.578536
0.554753
0.536364
0.521877
0.505453
0.487306
0.46673
0.44554
0.422134
0.398915
0.373021
0.347384
0.318592
0.288312
0.254918
0.221309
0.192875
0.175037
0.158741
0.149514
0.137615
0.130604
0.121693
0.119437
0.113593
0.11381
0.110431
0.111984
0.111298
0.113189
0.112887
0.114387
0.114133
0.115434
0.115605
0.116821
0.116806
0.115641
0.11388
0.112591
0.109896
0.107874
0.103718
0.100529
0.0952341
0.091405
0.0855305
0.0810711
0.0749004
0.0701505
0.0648458
0.0603344
0.0552188
0.0510752
0.0463936
0.0428512
0.0385561
0.0347477
0.0306373
0.0268366
0.0225893
0.0183939
0.0136616
0.00929624
0.00594284
0.00279898
0.000166952
0.000167013
0.000167045
0.000167045
0.000167045
0.000167045
0.000167045
0.000167045
0.000167045
0.000167045
0.000167045
0.000167017
0.000167045
0.000167045
0.000167045
0.000167045
0.000167045
0.000167045
0.000167045
0.000167045
0.000167045
0.000167045
0.000167045
0.000167045
0.000167045
0.000167045
0.000167045
0.000167045
0.000167045
0.000167045
0.000167045
0.000167045
0.000167045
0.000167045
0.000167045
0.000167045
0.000167045
0.000167045
0.000167045
0.000167045
0.000167045
0.000167045
0.000167045
0.000167045
0.0250326
0.0309347
0.0334843
0.0358554
0.0376864
0.0394711
0.0418264
0.0449516
0.0474951
0.0484101
0.0541758
0.0620217
0.0667916
0.068105
0.0704849
0.0722672
0.075101
0.0770357
0.0798032
0.0818065
0.0844743
0.0872711
0.0903056
0.0941881
0.0982026
0.10279
0.105751
0.107637
0.108596
0.10882
0.108979
0.10853
0.108412
0.107644
0.107427
0.106482
0.106059
0.104701
0.103685
0.101574
0.0995769
0.0967943
0.0938461
0.0906771
0.0868505
0.0833308
0.0786525
0.0755729
0.0710407
0.0678717
0.0636876
0.0610196
0.0578048
0.0557805
0.0531786
0.0514126
0.0492959
0.0476387
0.0455148
0.0433553
0.0404811
0.0378123
0.0348994
0.032106
0.0290289
0.0257819
0.0225624
0.0192485
0.0150625
0.0116184
0.00778228
0.00506986
0.00244208
0.00121947
0.00016703
0.000167023
0.000167045
0.000167045
0.000167045
0.000167045
0.000167045
0.000167045
0.000167045
0.000167045
0.000167045
0.000167045
0.000167045
0.000167045
0.000167045
0.000167045
0.000167045
0.000167045
0.000167045
0.000167045
0.000167045
0.000167045
0.000167045
0.000167045
0.000167045
0.000167045
0.000167045
0.000167045
0.000167045
0.000167045
0.000167045
0.000167045
0.000167045
0.000167045
0.000167045
0.000167045
0.000167045
0.000167045
0.000167045
0.000167045
0.000167045
0.000167045
0.000167045
0.000167045
0.000167045
0.000167045
0.0160584
0.0161999
0.0167116
0.0173936
0.0186008
0.019967
0.0218554
0.0238297
0.0264798
0.0289814
0.0320122
0.0322197
0.0334875
0.0336534
0.0346793
0.0348353
0.035933
0.0363747
0.037743
0.0385529
0.0402375
0.0414225
0.0433502
0.0449095
0.0471857
0.0493389
0.0521951
0.0553321
0.0582265
0.0613007
0.0636583
0.0658879
0.0672092
0.068495
0.0686731
0.0687532
0.0678817
0.0673251
0.0661279
0.0654109
0.0642192
0.0632495
0.0622345
0.0609799
0.0600548
0.0585832
0.0576201
0.0553785
0.0536983
0.0513285
0.049505
0.0470891
0.0451406
0.0426194
0.0402264
0.0374809
0.0347521
0.0318273
0.0288751
0.0258591
0.0231722
0.0205549
0.017939
0.0150708
0.0126003
0.0100344
0.00746666
0.00480471
0.00280943
0.0015902
0.000166946
0.000166996
0.000167045
0.000167042
0.000167045
0.000167045
0.000167045
0.000167045
0.000167045
0.000167045
0.000167045
0.000167045
0.000167045
0.000167045
0.000167045
0.000167045
0.000167045
0.000167045
0.000167045
0.000167045
0.000167045
0.000167045
0.000167045
0.000167045
0.000167045
0.000167045
0.000167045
0.000167045
0.000167045
0.000167045
0.000167045
0.000167045
0.000167045
0.000167045
0.000167045
0.000167045
0.000167045
0.000167045
0.000167045
0.000167045
0.000167045
0.000167045
0.000167045
0.000167045
0.000167045
0.000167045
0.000167045
0.000167045
0.000167045
0.000167045
0.000167044
0.000167045
0.000167045
0.000167045
0.000167045
0.000167045
0.000167045
0.000167045
0.000167045
0.000167045
0.000166998
0.00224618
0.00371983
0.00606183
0.00765487
0.00997787
0.0114542
0.0136856
0.0149896
0.0170663
0.0181185
0.0199517
0.0207604
0.0223091
0.0229124
0.0241537
0.0245357
0.0254377
0.0256655
0.0263636
0.0266207
0.0273307
0.0277424
0.0285145
0.0290716
0.029949
0.0305611
0.03118
0.0314916
0.0315939
0.0315833
0.0312793
0.0308386
0.0300815
0.0291322
0.0281441
0.026766
0.0260053
0.0248887
0.0241879
0.0229753
0.0221516
0.0204056
0.0191188
0.0173186
0.0158138
0.0140097
0.0125087
0.0105222
0.00914242
0.00709507
0.0058117
0.00402488
0.00323733
0.00170361
0.00125717
0.000166981
0.000166981
0.000167045
0.000167041
0.000167045
0.000167045
0.000167045
0.000167045
0.000167045
0.000167045
0.000167045
0.000167045
0.000167045
0.000167045
0.000167045
0.000167045
0.000167045
0.000167045
0.000167045
0.000167045
0.000167045
0.000167045
0.000167045
0.000167045
0.000167045
0.000167045
0.000167045
0.000167045
0.000167045
0.000167045
0.000167045
0.000167045
0.000167045
0.000167045
0.000167045
0.000167045
0.000167045
0.000167045
0.000167045
0.000167045
0.000167045
0.000167045
0.000167045
0.000167045
0.000167045
0.000167045
0.000167045
0.000167045
0.000167045
0.000167045
0.000167045
0.000167045
0.000167045
0.000167045
0.000167045
0.000167045
0.000167045
0.000167045
0.000167045
0.000167045
0.000167045
0.000167045
0.000167045
0.000167045
0.000167045
0.000167045
0.000167045
0.000167045
0.000167045
0.000167045
0.000167045
0.000167045
0.000167045
0.000167045
0.000167045
0.000167045
0.000167045
0.000167045
0.000167045
0.000167045
0.000167045
0.000167025
0.000167045
0.000167045
0.000167045
0.000167045
0.000167045
0.000167045
0.000167045
0.000167045
0.000167045
0.000167045
0.000167045
0.000167027
0.000167044
0.000167026
0.000167045
0.00016693
0.000167045
0.000167008
0.000167007
0.000167045
0.000167045
0.000167035
0.000167045
0.000167045
0.000167032
0.000167045
0.000167045
0.00016703
0.000167045
0.000167013
0.000167045
0.000167045
0.000167045
0.000167043
0.000167045
0.000167045
0.000167045
0.000167045
0.000167045
0.000167045
0.000167045
0.000167045
0.000167045
0.000167045
0.000167045
0.000167045
0.000167045
0.000167045
0.000167045
0.000167045
0.000167045
0.000167045
0.000167045
0.000167045
0.000167045
0.000167045
0.000167045
0.000167045
0.000167045
0.000167045
0.000167045
0.000167045
0.000167045
0.000167045
0.000167045
0.000167045
0.000167045
0.000167045
0.000167045
0.000167045
0.000167045
0.000167045
0.000167045
0.000167045
0.000167045
0.000167045
0.000167045
0.000167045
0.000167045
0.000167045
0.000167045
0.000167045
0.000167045
0.000167045
0.000167045
0.000167045
0.000167045
0.000167045
0.000167045
0.000167045
0.000167045
0.000167045
0.000167045
0.000167045
0.000167045
0.000167045
0.000167045
0.000167045
0.000167045
0.000167045
0.000167045
0.000167045
0.000167045
0.000167045
0.000167045
0.000167045
0.000167045
0.000167045
0.000167045
0.000167045
0.000167045
0.000167045
0.000167045
0.000167045
0.000167045
0.000167045
0.000167045
0.000167045
0.000167045
0.000167045
0.000167045
0.000167045
0.000167045
0.000167045
0.000167045
0.000167045
0.000167045
0.000167045
0.000167045
0.000167045
0.000167045
0.000167045
0.000167045
0.000167045
0.000167045
0.000167045
0.000167045
0.000167045
0.000167045
0.000167045
0.000167045
0.000167045
0.000167045
0.000167045
0.000167045
0.000167045
0.000167045
0.000167045
0.000167045
0.000167045
0.000167045
0.000167045
0.000167045
0.000167045
0.000167045
0.000167045
0.000167045
0.000167045
0.000167045
0.000167045
0.000167045
0.000167045
0.000167045
0.000167045
0.000167045
0.000167045
0.000167045
0.000167045
0.000167045
0.000167045
0.000167045
0.000167045
0.000167045
0.000167045
0.000167045
0.000167045
0.000167045
0.000167045
0.000167045
0.000167045
0.000167045
0.000167045
0.000167045
0.000167045
0.000167045
0.000167045
0.000167045
0.000167045
0.000167045
0.000167045
0.000167045
0.000167045
0.000167045
0.000167045
0.000167045
0.000167045
0.000167045
0.000167045
0.000167045
0.000167045
0.000167045
0.000167045
0.000167045
0.000167045
0.000167045
0.000167045
0.000167045
0.000167045
0.000167045
0.000167045
0.000167045
0.000167045
0.000167045
0.000167045
0.000167045
0.000167045
0.000167045
0.000167045
0.000167045
0.000167045
0.000167045
0.000167045
0.000167045
0.000167045
0.000167045
0.000167045
0.000167045
0.000167045
0.000167045
0.000167045
0.000167045
0.000167045
0.000167045
0.000167045
0.000167045
0.000167045
0.000167045
0.000167045
0.000167045
0.000167045
0.000167045
0.000167045
0.000167045
0.000167045
0.000167045
0.000167045
0.000167045
0.000167045
0.000167045
0.000167045
0.000167045
0.000167045
0.000167045
0.000167045
0.000167045
0.000167045
0.000167045
0.000167045
0.000167045
0.000167045
0.000167045
0.000167045
0.000167045
0.000167045
0.000167045
0.000167045
0.000167045
0.000167045
0.000167045
0.000167045
0.000167045
0.000167045
0.000167045
0.000167045
0.000167045
0.000167045
0.000167045
0.000167045
0.000167045
0.000167045
0.000167045
0.000167045
0.000167045
0.000167045
0.000167045
0.000167045
0.000167045
0.000167045
0.000167045
0.000167045
0.000167045
0.000167045
0.000167045
0.000167045
0.000167045
0.000167045
0.000167045
0.000167045
0.000167045
0.000167045
0.000167045
0.000167045
0.000167045
0.000167045
0.000167045
0.000167045
0.000167045
0.000167045
0.000167045
0.000167045
0.000167045
0.000167045
0.000167045
0.000167045
0.000167045
0.000167045
0.000167045
0.000167045
0.000167045
0.000167045
0.000167045
0.000167045
0.000167045
0.000167045
0.000167045
0.000167045
0.000167045
0.000167045
0.000167045
0.000167045
0.000167045
0.000167045
0.000167045
0.000167045
0.000167045
0.000167045
0.000167045
0.000167045
0.000167045
0.000167045
0.000167045
0.000167045
0.000167045
0.000167045
0.000167045
0.000167045
0.000167045
0.000167045
0.000167045
0.000167045
0.000167045
0.000167045
0.000167045
0.000167045
0.000167045
0.000167045
0.000167045
0.000167045
0.000167045
0.000167045
0.000167045
0.000167045
0.000167045
0.000167045
0.000167045
0.000167045
0.000167045
0.000167045
0.000167045
0.000167045
0.000167045
0.000167045
0.000167045
0.000167045
0.000167045
0.000167045
0.000167045
0.000167045
0.000167045
0.000167045
0.000167045
0.000167045
0.000167045
0.000167045
0.000167045
0.000167045
0.000167045
0.000167045
0.000167045
0.000167045
0.000167045
0.000167045
0.000167045
0.000167045
0.000167045
0.000167045
0.000167045
0.000167045
0.000167045
0.000167045
0.000167045
0.000167045
0.000167045
0.000167045
0.000167045
0.000167045
0.000167045
0.000167045
0.000167045
0.000167045
0.000167045
0.000167045
0.000167045
0.000167045
0.000167045
0.000167045
0.000167045
0.000167045
0.000167045
0.000167045
0.000167045
0.000167045
0.000167045
0.000167045
0.000167045
0.000167045
0.000167045
0.000167045
0.000167045
0.000167045
0.000167045
0.000167045
0.000167045
0.000167045
0.000167045
0.000167045
0.000167045
0.000167045
0.000167045
0.000167045
0.000167045
0.000167045
0.000167045
0.000167045
0.000167045
0.000167045
0.000167045
0.000167045
0.000167045
0.000167045
0.000167045
0.000167045
)
;

boundaryField
{
    hot
    {
        type            calculated;
        value           uniform 1;
    }
    hotTop
    {
        type            calculated;
        value           nonuniform List<scalar> 8(0.659476 0.0250326 0.0160584 0.000174482 0.000167045 0.000167045 0.000167045 0.000167045);
    }
    cold
    {
        type            calculated;
        value           nonuniform List<scalar> 
32
(
1
1
1
1
1
1
1
1
1
1
1
1
1
1
1
1
1
1
1
1
1
1
1
1
1
1
1
1
1
1
1
1
)
;
    }
    coldTop
    {
        type            calculated;
        value           uniform 0.000167045;
    }
    top
    {
        type            calculated;
        value           nonuniform List<scalar> 
120
(
0.000167045
0.000167045
0.000167045
0.000167045
0.000167045
0.000167045
0.000167045
0.000167045
0.000167045
0.000167045
0.000167045
0.000167045
0.000167045
0.000167045
0.000167045
0.000167045
0.000167045
0.000167045
0.000167045
0.000167045
0.000167045
0.000167045
0.000167045
0.000167045
0.000167045
0.000167045
0.000167045
0.000167045
0.000167045
0.000167045
0.000167045
0.000167045
0.000167045
0.000167045
0.000167045
0.000167045
0.000167045
0.000167045
0.000167045
0.000167045
0.000167045
0.000167045
0.000167045
0.000167045
0.000167045
0.000167045
0.000167045
0.000167045
0.000167045
0.000167045
0.000167045
0.000167045
0.000167045
0.000167045
0.000167045
0.000167045
0.000167045
0.000167045
0.000167045
0.000167045
0.000167045
0.000167045
0.000167045
0.000167045
0.000167045
0.000167045
0.000167045
0.000167045
0.000167045
0.000167045
0.000167045
0.000167045
0.000167045
0.000167045
0.000167045
0.000167045
0.000167045
0.000167045
0.000167045
0.000167045
0.000167045
0.000167045
0.000167045
0.000167045
0.000167045
0.000167045
0.000167045
0.000167045
0.000167045
0.000167045
0.000167045
0.000167045
0.000167045
0.000167045
0.000167045
0.000167045
0.000167045
0.000167045
0.000167045
0.000167045
0.000167045
0.000167045
0.000167045
0.000167045
0.000167045
0.000167045
0.000167045
0.000167045
0.000167045
0.000167045
0.000167045
0.000167045
0.000167045
0.000167045
0.000167045
0.000167045
0.000167045
0.000167045
0.000167045
0.000167045
)
;
    }
    btm
    {
        type            calculated;
        value           nonuniform List<scalar> 
120
(
1
1
1
1
1
1
1
1
1
1
1
1
1
1
1
1
1
1
1
1
1
1
1
1
1
1
1
1
1
1
1
1
1
1
1
1
1
1
1
1
1
1
1
1
1
1
1
1
1
1
1
1
1
1
1
1
1
1
1
1
1
1
1
1
1
1
1
1
1
1
1
1
1
1
1
1
1
1
1
1
1
1
1
1
1
1
1
1
1
1
1
1
1
1
1
1
1
1
1
1
1
1
1
1
1
1
1
1
1
1
1
1
1
1
1
1
1
1
1
1
)
;
    }
    frontAndBack
    {
        type            empty;
    }
}


// ************************************************************************* //
