/*--------------------------------*- C++ -*----------------------------------*\
  =========                 |
  \\      /  F ield         | OpenFOAM: The Open Source CFD Toolbox
   \\    /   O peration     | Website:  https://openfoam.org
    \\  /    A nd           | Version:  6
     \\/     M anipulation  |
\*---------------------------------------------------------------------------*/
FoamFile
{
    version     2.0;
    format      ascii;
    class       volScalarField;
    location    "3800";
    object      S_d;
}
// * * * * * * * * * * * * * * * * * * * * * * * * * * * * * * * * * * * * * //

dimensions      [1 -3 -1 0 0 0 0];

internalField   nonuniform List<scalar> 
4800
(
-0
-0
-0
-0
-0
-0
-0
-0
-0
-0
-0
-0
-0
-0
-0
-0
-0
-0
-0
-0
-0
-0
-0
-0
-0
-0
-0
-0
-0
-0
-0
-0
-0
-0
-0
-0
-0
-0
-0
-0
-0
-0
-0
-0
-0
-0
-0
-0
-0
-0
-0
-0
-0
-0
-0
-0
-0
-0
-0
-0
-0
-0
-0
-0
-0
-0
-0
-0
-0
-0
-0
-0
-0
-0
-0
-0
-0
-0
-0
-0
-0
-7.99664e+11
-7.99753e+11
-7.99841e+11
-7.9993e+11
-8e+11
-8e+11
-8e+11
-8e+11
-8e+11
-8e+11
-8e+11
-8e+11
-8e+11
-8e+11
-8e+11
-8e+11
-8e+11
-8e+11
-8e+11
-8e+11
-8e+11
-8e+11
-8e+11
-8e+11
-8e+11
-8e+11
-8e+11
-8e+11
-8e+11
-8e+11
-8e+11
-8e+11
-8e+11
-8e+11
-8e+11
-8e+11
-8e+11
-8e+11
-8e+11
-0
-0
-0
-0
-0
-0
-0
-0
-0
-0
-0
-0
-0
-0
-0
-0
-0
-0
-0
-0
-0
-0
-0
-0
-0
-0
-0
-0
-0
-0
-0
-0
-0
-0
-0
-0
-0
-0
-0
-0
-0
-0
-0
-0
-0
-0
-0
-0
-0
-0
-0
-0
-0
-0
-0
-0
-0
-0
-0
-0
-0
-0
-0
-0
-0
-0
-0
-0
-0
-0
-0
-0
-0
-0
-0
-0
-0
-0
-0
-0
-0
-7.99665e+11
-7.99754e+11
-7.99842e+11
-7.9993e+11
-8e+11
-8e+11
-8e+11
-8e+11
-8e+11
-8e+11
-8e+11
-8e+11
-8e+11
-8e+11
-8e+11
-8e+11
-8e+11
-8e+11
-8e+11
-8e+11
-8e+11
-8e+11
-8e+11
-8e+11
-8e+11
-8e+11
-8e+11
-8e+11
-8e+11
-8e+11
-8e+11
-8e+11
-8e+11
-8e+11
-8e+11
-8e+11
-8e+11
-8e+11
-8e+11
-0
-0
-0
-0
-0
-0
-0
-0
-0
-0
-0
-0
-0
-0
-0
-0
-0
-0
-0
-0
-0
-0
-0
-0
-0
-0
-0
-0
-0
-0
-0
-0
-0
-0
-0
-0
-0
-0
-0
-0
-0
-0
-0
-0
-0
-0
-0
-0
-0
-0
-0
-0
-0
-0
-0
-0
-0
-0
-0
-0
-0
-0
-0
-0
-0
-0
-0
-0
-0
-0
-0
-0
-0
-0
-0
-0
-0
-0
-0
-0
-0
-7.99667e+11
-7.99756e+11
-7.99844e+11
-7.99932e+11
-8e+11
-8e+11
-8e+11
-8e+11
-8e+11
-8e+11
-8e+11
-8e+11
-8e+11
-8e+11
-8e+11
-8e+11
-8e+11
-8e+11
-8e+11
-8e+11
-8e+11
-8e+11
-8e+11
-8e+11
-8e+11
-8e+11
-8e+11
-8e+11
-8e+11
-8e+11
-8e+11
-8e+11
-8e+11
-8e+11
-8e+11
-8e+11
-8e+11
-8e+11
-8e+11
-0
-0
-0
-0
-0
-0
-0
-0
-0
-0
-0
-0
-0
-0
-0
-0
-0
-0
-0
-0
-0
-0
-0
-0
-0
-0
-0
-0
-0
-0
-0
-0
-0
-0
-0
-0
-0
-0
-0
-0
-0
-0
-0
-0
-0
-0
-0
-0
-0
-0
-0
-0
-0
-0
-0
-0
-0
-0
-0
-0
-0
-0
-0
-0
-0
-0
-0
-0
-0
-0
-0
-0
-0
-0
-0
-0
-0
-0
-0
-0
-0
-7.9967e+11
-7.99759e+11
-7.99848e+11
-7.99936e+11
-8e+11
-8e+11
-8e+11
-8e+11
-8e+11
-8e+11
-8e+11
-8e+11
-8e+11
-8e+11
-8e+11
-8e+11
-8e+11
-8e+11
-8e+11
-8e+11
-8e+11
-8e+11
-8e+11
-8e+11
-8e+11
-8e+11
-8e+11
-8e+11
-8e+11
-8e+11
-8e+11
-8e+11
-8e+11
-8e+11
-8e+11
-8e+11
-8e+11
-8e+11
-8e+11
-0
-0
-0
-0
-0
-0
-0
-0
-0
-0
-0
-0
-0
-0
-0
-0
-0
-0
-0
-0
-0
-0
-0
-0
-0
-0
-0
-0
-0
-0
-0
-0
-0
-0
-0
-0
-0
-0
-0
-0
-0
-0
-0
-0
-0
-0
-0
-0
-0
-0
-0
-0
-0
-0
-0
-0
-0
-0
-0
-0
-0
-0
-0
-0
-0
-0
-0
-0
-0
-0
-0
-0
-0
-0
-0
-0
-0
-0
-0
-0
-0
-7.99675e+11
-7.99763e+11
-7.99852e+11
-7.9994e+11
-8e+11
-8e+11
-8e+11
-8e+11
-8e+11
-8e+11
-8e+11
-8e+11
-8e+11
-8e+11
-8e+11
-8e+11
-8e+11
-8e+11
-8e+11
-8e+11
-8e+11
-8e+11
-8e+11
-8e+11
-8e+11
-8e+11
-8e+11
-8e+11
-8e+11
-8e+11
-8e+11
-8e+11
-8e+11
-8e+11
-8e+11
-8e+11
-8e+11
-8e+11
-8e+11
-0
-0
-0
-0
-0
-0
-0
-0
-0
-0
-0
-0
-0
-0
-0
-0
-0
-0
-0
-0
-0
-0
-0
-0
-0
-0
-0
-0
-0
-0
-0
-0
-0
-0
-0
-0
-0
-0
-0
-0
-0
-0
-0
-0
-0
-0
-0
-0
-0
-0
-0
-0
-0
-0
-0
-0
-0
-0
-0
-0
-0
-0
-0
-0
-0
-0
-0
-0
-0
-0
-0
-0
-0
-0
-0
-0
-0
-0
-0
-0
-0
-7.99681e+11
-7.99769e+11
-7.99857e+11
-7.99945e+11
-8e+11
-8e+11
-8e+11
-8e+11
-8e+11
-8e+11
-8e+11
-8e+11
-8e+11
-8e+11
-8e+11
-8e+11
-8e+11
-8e+11
-8e+11
-8e+11
-8e+11
-8e+11
-8e+11
-8e+11
-8e+11
-8e+11
-8e+11
-8e+11
-8e+11
-8e+11
-8e+11
-8e+11
-8e+11
-8e+11
-8e+11
-8e+11
-8e+11
-8e+11
-8e+11
-0
-0
-0
-0
-0
-0
-0
-0
-0
-0
-0
-0
-0
-0
-0
-0
-0
-0
-0
-0
-0
-0
-0
-0
-0
-0
-0
-0
-0
-0
-0
-0
-0
-0
-0
-0
-0
-0
-0
-0
-0
-0
-0
-0
-0
-0
-0
-0
-0
-0
-0
-0
-0
-0
-0
-0
-0
-0
-0
-0
-0
-0
-0
-0
-0
-0
-0
-0
-0
-0
-0
-0
-0
-0
-0
-0
-0
-0
-0
-0
-0
-7.99687e+11
-7.99776e+11
-7.99863e+11
-7.99951e+11
-8e+11
-8e+11
-8e+11
-8e+11
-8e+11
-8e+11
-8e+11
-8e+11
-8e+11
-8e+11
-8e+11
-8e+11
-8e+11
-8e+11
-8e+11
-8e+11
-8e+11
-8e+11
-8e+11
-8e+11
-8e+11
-8e+11
-8e+11
-8e+11
-8e+11
-8e+11
-8e+11
-8e+11
-8e+11
-8e+11
-8e+11
-8e+11
-8e+11
-8e+11
-8e+11
-0
-0
-0
-0
-0
-0
-0
-0
-0
-0
-0
-0
-0
-0
-0
-0
-0
-0
-0
-0
-0
-0
-0
-0
-0
-0
-0
-0
-0
-0
-0
-0
-0
-0
-0
-0
-0
-0
-0
-0
-0
-0
-0
-0
-0
-0
-0
-0
-0
-0
-0
-0
-0
-0
-0
-0
-0
-0
-0
-0
-0
-0
-0
-0
-0
-0
-0
-0
-0
-0
-0
-0
-0
-0
-0
-0
-0
-0
-0
-0
-0
-7.99695e+11
-7.99783e+11
-7.99871e+11
-7.99958e+11
-8e+11
-8e+11
-8e+11
-8e+11
-8e+11
-8e+11
-8e+11
-8e+11
-8e+11
-8e+11
-8e+11
-8e+11
-8e+11
-8e+11
-8e+11
-8e+11
-8e+11
-8e+11
-8e+11
-8e+11
-8e+11
-8e+11
-8e+11
-8e+11
-8e+11
-8e+11
-8e+11
-8e+11
-8e+11
-8e+11
-8e+11
-8e+11
-8e+11
-8e+11
-8e+11
-0
-0
-0
-0
-0
-0
-0
-0
-0
-0
-0
-0
-0
-0
-0
-0
-0
-0
-0
-0
-0
-0
-0
-0
-0
-0
-0
-0
-0
-0
-0
-0
-0
-0
-0
-0
-0
-0
-0
-0
-0
-0
-0
-0
-0
-0
-0
-0
-0
-0
-0
-0
-0
-0
-0
-0
-0
-0
-0
-0
-0
-0
-0
-0
-0
-0
-0
-0
-0
-0
-0
-0
-0
-0
-0
-0
-0
-0
-0
-0
-0
-7.99705e+11
-7.99792e+11
-7.99879e+11
-7.99966e+11
-8e+11
-8e+11
-8e+11
-8e+11
-8e+11
-8e+11
-8e+11
-8e+11
-8e+11
-8e+11
-8e+11
-8e+11
-8e+11
-8e+11
-8e+11
-8e+11
-8e+11
-8e+11
-8e+11
-8e+11
-8e+11
-8e+11
-8e+11
-8e+11
-8e+11
-8e+11
-8e+11
-8e+11
-8e+11
-8e+11
-8e+11
-8e+11
-8e+11
-8e+11
-8e+11
-0
-0
-0
-0
-0
-0
-0
-0
-0
-0
-0
-0
-0
-0
-0
-0
-0
-0
-0
-0
-0
-0
-0
-0
-0
-0
-0
-0
-0
-0
-0
-0
-0
-0
-0
-0
-0
-0
-0
-0
-0
-0
-0
-0
-0
-0
-0
-0
-0
-0
-0
-0
-0
-0
-0
-0
-0
-0
-0
-0
-0
-0
-0
-0
-0
-0
-0
-0
-0
-0
-0
-0
-0
-0
-0
-0
-0
-0
-0
-0
-0
-7.99715e+11
-7.99802e+11
-7.99889e+11
-7.99975e+11
-8e+11
-8e+11
-8e+11
-8e+11
-8e+11
-8e+11
-8e+11
-8e+11
-8e+11
-8e+11
-8e+11
-8e+11
-8e+11
-8e+11
-8e+11
-8e+11
-8e+11
-8e+11
-8e+11
-8e+11
-8e+11
-8e+11
-8e+11
-8e+11
-8e+11
-8e+11
-8e+11
-8e+11
-8e+11
-8e+11
-8e+11
-8e+11
-8e+11
-8e+11
-8e+11
-0
-0
-0
-0
-0
-0
-0
-0
-0
-0
-0
-0
-0
-0
-0
-0
-0
-0
-0
-0
-0
-0
-0
-0
-0
-0
-0
-0
-0
-0
-0
-0
-0
-0
-0
-0
-0
-0
-0
-0
-0
-0
-0
-0
-0
-0
-0
-0
-0
-0
-0
-0
-0
-0
-0
-0
-0
-0
-0
-0
-0
-0
-0
-0
-0
-0
-0
-0
-0
-0
-0
-0
-0
-0
-0
-0
-0
-0
-0
-0
-0
-7.99727e+11
-7.99813e+11
-7.999e+11
-7.99985e+11
-8e+11
-8e+11
-8e+11
-8e+11
-8e+11
-8e+11
-8e+11
-8e+11
-8e+11
-8e+11
-8e+11
-8e+11
-8e+11
-8e+11
-8e+11
-8e+11
-8e+11
-8e+11
-8e+11
-8e+11
-8e+11
-8e+11
-8e+11
-8e+11
-8e+11
-8e+11
-8e+11
-8e+11
-8e+11
-8e+11
-8e+11
-8e+11
-8e+11
-8e+11
-8e+11
-0
-0
-0
-0
-0
-0
-0
-0
-0
-0
-0
-0
-0
-0
-0
-0
-0
-0
-0
-0
-0
-0
-0
-0
-0
-0
-0
-0
-0
-0
-0
-0
-0
-0
-0
-0
-0
-0
-0
-0
-0
-0
-0
-0
-0
-0
-0
-0
-0
-0
-0
-0
-0
-0
-0
-0
-0
-0
-0
-0
-0
-0
-0
-0
-0
-0
-0
-0
-0
-0
-0
-0
-0
-0
-0
-0
-0
-0
-0
-0
-0
-7.9974e+11
-7.99826e+11
-7.99912e+11
-7.99997e+11
-8e+11
-8e+11
-8e+11
-8e+11
-8e+11
-8e+11
-8e+11
-8e+11
-8e+11
-8e+11
-8e+11
-8e+11
-8e+11
-8e+11
-8e+11
-8e+11
-8e+11
-8e+11
-8e+11
-8e+11
-8e+11
-8e+11
-8e+11
-8e+11
-8e+11
-8e+11
-8e+11
-8e+11
-8e+11
-8e+11
-8e+11
-8e+11
-8e+11
-8e+11
-8e+11
-0
-0
-0
-0
-0
-0
-0
-0
-0
-0
-0
-0
-0
-0
-0
-0
-0
-0
-0
-0
-0
-0
-0
-0
-0
-0
-0
-0
-0
-0
-0
-0
-0
-0
-0
-0
-0
-0
-0
-0
-0
-0
-0
-0
-0
-0
-0
-0
-0
-0
-0
-0
-0
-0
-0
-0
-0
-0
-0
-0
-0
-0
-0
-0
-0
-0
-0
-0
-0
-0
-0
-0
-0
-0
-0
-0
-0
-0
-0
-0
-0
-7.99507e+11
-7.99841e+11
-7.99925e+11
-8e+11
-8e+11
-8e+11
-8e+11
-8e+11
-8e+11
-8e+11
-8e+11
-8e+11
-8e+11
-8e+11
-8e+11
-8e+11
-8e+11
-8e+11
-8e+11
-8e+11
-8e+11
-8e+11
-8e+11
-8e+11
-8e+11
-8e+11
-8e+11
-8e+11
-8e+11
-8e+11
-8e+11
-8e+11
-8e+11
-8e+11
-8e+11
-8e+11
-8e+11
-8e+11
-8e+11
-0
-0
-0
-0
-0
-0
-0
-0
-0
-0
-0
-0
-0
-0
-0
-0
-0
-0
-0
-0
-0
-0
-0
-0
-0
-0
-0
-0
-0
-0
-0
-0
-0
-0
-0
-0
-0
-0
-0
-0
-0
-0
-0
-0
-0
-0
-0
-0
-0
-0
-0
-0
-0
-0
-0
-0
-0
-0
-0
-0
-0
-0
-0
-0
-0
-0
-0
-0
-0
-0
-0
-0
-0
-0
-0
-0
-0
-0
-0
-0
-0
-164365
-7.99857e+11
-7.99939e+11
-8e+11
-8e+11
-8e+11
-8e+11
-8e+11
-8e+11
-8e+11
-8e+11
-8e+11
-8e+11
-8e+11
-8e+11
-8e+11
-8e+11
-8e+11
-8e+11
-8e+11
-8e+11
-8e+11
-8e+11
-8e+11
-8e+11
-8e+11
-8e+11
-8e+11
-8e+11
-8e+11
-8e+11
-8e+11
-8e+11
-8e+11
-8e+11
-8e+11
-8e+11
-8e+11
-8e+11
-0
-0
-0
-0
-0
-0
-0
-0
-0
-0
-0
-0
-0
-0
-0
-0
-0
-0
-0
-0
-0
-0
-0
-0
-0
-0
-0
-0
-0
-0
-0
-0
-0
-0
-0
-0
-0
-0
-0
-0
-0
-0
-0
-0
-0
-0
-0
-0
-0
-0
-0
-0
-0
-0
-0
-0
-0
-0
-0
-0
-0
-0
-0
-0
-0
-0
-0
-0
-0
-0
-0
-0
-0
-0
-0
-0
-0
-0
-0
-0
-0
-0
-7.9987e+11
-7.99953e+11
-8e+11
-8e+11
-8e+11
-8e+11
-8e+11
-8e+11
-8e+11
-8e+11
-8e+11
-8e+11
-8e+11
-8e+11
-8e+11
-8e+11
-8e+11
-8e+11
-8e+11
-8e+11
-8e+11
-8e+11
-8e+11
-8e+11
-8e+11
-8e+11
-8e+11
-8e+11
-8e+11
-8e+11
-8e+11
-8e+11
-8e+11
-8e+11
-8e+11
-8e+11
-8e+11
-8e+11
-0
-0
-0
-0
-0
-0
-0
-0
-0
-0
-0
-0
-0
-0
-0
-0
-0
-0
-0
-0
-0
-0
-0
-0
-0
-0
-0
-0
-0
-0
-0
-0
-0
-0
-0
-0
-0
-0
-0
-0
-0
-0
-0
-0
-0
-0
-0
-0
-0
-0
-0
-0
-0
-0
-0
-0
-0
-0
-0
-0
-0
-0
-0
-0
-0
-0
-0
-0
-0
-0
-0
-0
-0
-0
-0
-0
-0
-0
-0
-0
-0
-0
-7.99884e+11
-7.99968e+11
-8e+11
-8e+11
-8e+11
-8e+11
-8e+11
-8e+11
-8e+11
-8e+11
-8e+11
-8e+11
-8e+11
-8e+11
-8e+11
-8e+11
-8e+11
-8e+11
-8e+11
-8e+11
-8e+11
-8e+11
-8e+11
-8e+11
-8e+11
-8e+11
-8e+11
-8e+11
-8e+11
-8e+11
-8e+11
-8e+11
-8e+11
-8e+11
-8e+11
-8e+11
-8e+11
-8e+11
-0
-0
-0
-0
-0
-0
-0
-0
-0
-0
-0
-0
-0
-0
-0
-0
-0
-0
-0
-0
-0
-0
-0
-0
-0
-0
-0
-0
-0
-0
-0
-0
-0
-0
-0
-0
-0
-0
-0
-0
-0
-0
-0
-0
-0
-0
-0
-0
-0
-0
-0
-0
-0
-0
-0
-0
-0
-0
-0
-0
-0
-0
-0
-0
-0
-0
-0
-0
-0
-0
-0
-0
-0
-0
-0
-0
-0
-0
-0
-0
-0
-0
-7.99901e+11
-7.99985e+11
-8e+11
-8e+11
-8e+11
-8e+11
-8e+11
-8e+11
-8e+11
-8e+11
-8e+11
-8e+11
-8e+11
-8e+11
-8e+11
-8e+11
-8e+11
-8e+11
-8e+11
-8e+11
-8e+11
-8e+11
-8e+11
-8e+11
-8e+11
-8e+11
-8e+11
-8e+11
-8e+11
-8e+11
-8e+11
-8e+11
-8e+11
-8e+11
-8e+11
-8e+11
-8e+11
-8e+11
-0
-0
-0
-0
-0
-0
-0
-0
-0
-0
-0
-0
-0
-0
-0
-0
-0
-0
-0
-0
-0
-0
-0
-0
-0
-0
-0
-0
-0
-0
-0
-0
-0
-0
-0
-0
-0
-0
-0
-0
-0
-0
-0
-0
-0
-0
-0
-0
-0
-0
-0
-0
-0
-0
-0
-0
-0
-0
-0
-0
-0
-0
-0
-0
-0
-0
-0
-0
-0
-0
-0
-0
-0
-0
-0
-0
-0
-0
-0
-0
-0
-0
-7.99921e+11
-8e+11
-8e+11
-8e+11
-8e+11
-8e+11
-8e+11
-8e+11
-8e+11
-8e+11
-8e+11
-8e+11
-8e+11
-8e+11
-8e+11
-8e+11
-8e+11
-8e+11
-8e+11
-8e+11
-8e+11
-8e+11
-8e+11
-8e+11
-8e+11
-8e+11
-8e+11
-8e+11
-8e+11
-8e+11
-8e+11
-8e+11
-8e+11
-8e+11
-8e+11
-8e+11
-8e+11
-8e+11
-0
-0
-0
-0
-0
-0
-0
-0
-0
-0
-0
-0
-0
-0
-0
-0
-0
-0
-0
-0
-0
-0
-0
-0
-0
-0
-0
-0
-0
-0
-0
-0
-0
-0
-0
-0
-0
-0
-0
-0
-0
-0
-0
-0
-0
-0
-0
-0
-0
-0
-0
-0
-0
-0
-0
-0
-0
-0
-0
-0
-0
-0
-0
-0
-0
-0
-0
-0
-0
-0
-0
-0
-0
-0
-0
-0
-0
-0
-0
-0
-0
-0
-7.99942e+11
-8e+11
-8e+11
-8e+11
-8e+11
-8e+11
-8e+11
-8e+11
-8e+11
-8e+11
-8e+11
-8e+11
-8e+11
-8e+11
-8e+11
-8e+11
-8e+11
-8e+11
-8e+11
-8e+11
-8e+11
-8e+11
-8e+11
-8e+11
-8e+11
-8e+11
-8e+11
-8e+11
-8e+11
-8e+11
-8e+11
-8e+11
-8e+11
-8e+11
-8e+11
-8e+11
-8e+11
-8e+11
-0
-0
-0
-0
-0
-0
-0
-0
-0
-0
-0
-0
-0
-0
-0
-0
-0
-0
-0
-0
-0
-0
-0
-0
-0
-0
-0
-0
-0
-0
-0
-0
-0
-0
-0
-0
-0
-0
-0
-0
-0
-0
-0
-0
-0
-0
-0
-0
-0
-0
-0
-0
-0
-0
-0
-0
-0
-0
-0
-0
-0
-0
-0
-0
-0
-0
-0
-0
-0
-0
-0
-0
-0
-0
-0
-0
-0
-0
-0
-0
-0
-0
-7.99964e+11
-8e+11
-8e+11
-8e+11
-8e+11
-8e+11
-8e+11
-8e+11
-8e+11
-8e+11
-8e+11
-8e+11
-8e+11
-8e+11
-8e+11
-8e+11
-8e+11
-8e+11
-8e+11
-8e+11
-8e+11
-8e+11
-8e+11
-8e+11
-8e+11
-8e+11
-8e+11
-8e+11
-8e+11
-8e+11
-8e+11
-8e+11
-8e+11
-8e+11
-8e+11
-8e+11
-8e+11
-8e+11
-0
-0
-0
-0
-0
-0
-0
-0
-0
-0
-0
-0
-0
-0
-0
-0
-0
-0
-0
-0
-0
-0
-0
-0
-0
-0
-0
-0
-0
-0
-0
-0
-0
-0
-0
-0
-0
-0
-0
-0
-0
-0
-0
-0
-0
-0
-0
-0
-0
-0
-0
-0
-0
-0
-0
-0
-0
-0
-0
-0
-0
-0
-0
-0
-0
-0
-0
-0
-0
-0
-0
-0
-0
-0
-0
-0
-0
-0
-0
-0
-0
-0
-7.99987e+11
-8e+11
-8e+11
-8e+11
-8e+11
-8e+11
-8e+11
-8e+11
-8e+11
-8e+11
-8e+11
-8e+11
-8e+11
-8e+11
-8e+11
-8e+11
-8e+11
-8e+11
-8e+11
-8e+11
-8e+11
-8e+11
-8e+11
-8e+11
-8e+11
-8e+11
-8e+11
-8e+11
-8e+11
-8e+11
-8e+11
-8e+11
-8e+11
-8e+11
-8e+11
-8e+11
-8e+11
-8e+11
-0
-0
-0
-0
-0
-0
-0
-0
-0
-0
-0
-0
-0
-0
-0
-0
-0
-0
-0
-0
-0
-0
-0
-0
-0
-0
-0
-0
-0
-0
-0
-0
-0
-0
-0
-0
-0
-0
-0
-0
-0
-0
-0
-0
-0
-0
-0
-0
-0
-0
-0
-0
-0
-0
-0
-0
-0
-0
-0
-0
-0
-0
-0
-0
-0
-0
-0
-0
-0
-0
-0
-0
-0
-0
-0
-0
-0
-0
-0
-0
-0
-0
-8e+11
-8e+11
-8e+11
-8e+11
-8e+11
-8e+11
-8e+11
-8e+11
-8e+11
-8e+11
-8e+11
-8e+11
-8e+11
-8e+11
-8e+11
-8e+11
-8e+11
-8e+11
-8e+11
-8e+11
-8e+11
-8e+11
-8e+11
-8e+11
-8e+11
-8e+11
-8e+11
-8e+11
-8e+11
-8e+11
-8e+11
-8e+11
-8e+11
-8e+11
-8e+11
-8e+11
-8e+11
-8e+11
-0
-0
-0
-0
-0
-0
-0
-0
-0
-0
-0
-0
-0
-0
-0
-0
-0
-0
-0
-0
-0
-0
-0
-0
-0
-0
-0
-0
-0
-0
-0
-0
-0
-0
-0
-0
-0
-0
-0
-0
-0
-0
-0
-0
-0
-0
-0
-0
-0
-0
-0
-0
-0
-0
-0
-0
-0
-0
-0
-0
-0
-0
-0
-0
-0
-0
-0
-0
-0
-0
-0
-0
-0
-0
-0
-0
-0
-0
-0
-0
-0
-0
-8e+11
-8e+11
-8e+11
-8e+11
-8e+11
-8e+11
-8e+11
-8e+11
-8e+11
-8e+11
-8e+11
-8e+11
-8e+11
-8e+11
-8e+11
-8e+11
-8e+11
-8e+11
-8e+11
-8e+11
-8e+11
-8e+11
-8e+11
-8e+11
-8e+11
-8e+11
-8e+11
-8e+11
-8e+11
-8e+11
-8e+11
-8e+11
-8e+11
-8e+11
-8e+11
-8e+11
-8e+11
-8e+11
-0
-0
-0
-0
-0
-0
-0
-0
-0
-0
-0
-0
-0
-0
-0
-0
-0
-0
-0
-0
-0
-0
-0
-0
-0
-0
-0
-0
-0
-0
-0
-0
-0
-0
-0
-0
-0
-0
-0
-0
-0
-0
-0
-0
-0
-0
-0
-0
-0
-0
-0
-0
-0
-0
-0
-0
-0
-0
-0
-0
-0
-0
-0
-0
-0
-0
-0
-0
-0
-0
-0
-0
-0
-0
-0
-0
-0
-0
-0
-0
-0
-0
-8e+11
-8e+11
-8e+11
-8e+11
-8e+11
-8e+11
-8e+11
-8e+11
-8e+11
-8e+11
-8e+11
-8e+11
-8e+11
-8e+11
-8e+11
-8e+11
-8e+11
-8e+11
-8e+11
-8e+11
-8e+11
-8e+11
-8e+11
-8e+11
-8e+11
-8e+11
-8e+11
-8e+11
-8e+11
-8e+11
-8e+11
-8e+11
-8e+11
-8e+11
-8e+11
-8e+11
-8e+11
-8e+11
-0
-0
-0
-0
-0
-0
-0
-0
-0
-0
-0
-0
-0
-0
-0
-0
-0
-0
-0
-0
-0
-0
-0
-0
-0
-0
-0
-0
-0
-0
-0
-0
-0
-0
-0
-0
-0
-0
-0
-0
-0
-0
-0
-0
-0
-0
-0
-0
-0
-0
-0
-0
-0
-0
-0
-0
-0
-0
-0
-0
-0
-0
-0
-0
-0
-0
-0
-0
-0
-0
-0
-0
-0
-0
-0
-0
-0
-0
-0
-0
-0
-0
-2.69738e+10
-8e+11
-8e+11
-8e+11
-8e+11
-8e+11
-8e+11
-8e+11
-8e+11
-8e+11
-8e+11
-8e+11
-8e+11
-8e+11
-8e+11
-8e+11
-8e+11
-8e+11
-8e+11
-8e+11
-8e+11
-8e+11
-8e+11
-8e+11
-8e+11
-8e+11
-8e+11
-8e+11
-8e+11
-8e+11
-8e+11
-8e+11
-8e+11
-8e+11
-8e+11
-8e+11
-8e+11
-8e+11
-0
-0
-0
-0
-0
-0
-0
-0
-0
-0
-0
-0
-0
-0
-0
-0
-0
-0
-0
-0
-0
-0
-0
-0
-0
-0
-0
-0
-0
-0
-0
-0
-0
-0
-0
-0
-0
-0
-0
-0
-0
-0
-0
-0
-0
-0
-0
-0
-0
-0
-0
-0
-0
-0
-0
-0
-0
-0
-0
-0
-0
-0
-0
-0
-0
-0
-0
-0
-0
-0
-0
-0
-0
-0
-0
-0
-0
-0
-0
-0
-0
-0
-1.73117e+06
-8e+11
-8e+11
-8e+11
-8e+11
-8e+11
-8e+11
-8e+11
-8e+11
-8e+11
-8e+11
-8e+11
-8e+11
-8e+11
-8e+11
-8e+11
-8e+11
-8e+11
-8e+11
-8e+11
-8e+11
-8e+11
-8e+11
-8e+11
-8e+11
-8e+11
-8e+11
-8e+11
-8e+11
-8e+11
-8e+11
-8e+11
-8e+11
-8e+11
-8e+11
-8e+11
-8e+11
-8e+11
-0
-0
-0
-0
-0
-0
-0
-0
-0
-0
-0
-0
-0
-0
-0
-0
-0
-0
-0
-0
-0
-0
-0
-0
-0
-0
-0
-0
-0
-0
-0
-0
-0
-0
-0
-0
-0
-0
-0
-0
-0
-0
-0
-0
-0
-0
-0
-0
-0
-0
-0
-0
-0
-0
-0
-0
-0
-0
-0
-0
-0
-0
-0
-0
-0
-0
-0
-0
-0
-0
-0
-0
-0
-0
-0
-0
-0
-0
-0
-0
-0
-0
-0
-7.99738e+11
-8e+11
-8e+11
-8e+11
-8e+11
-8e+11
-8e+11
-8e+11
-8e+11
-8e+11
-8e+11
-8e+11
-8e+11
-8e+11
-8e+11
-8e+11
-8e+11
-8e+11
-8e+11
-8e+11
-8e+11
-8e+11
-8e+11
-8e+11
-8e+11
-8e+11
-8e+11
-8e+11
-8e+11
-8e+11
-8e+11
-8e+11
-8e+11
-8e+11
-8e+11
-8e+11
-8e+11
-0
-0
-0
-0
-0
-0
-0
-0
-0
-0
-0
-0
-0
-0
-0
-0
-0
-0
-0
-0
-0
-0
-0
-0
-0
-0
-0
-0
-0
-0
-0
-0
-0
-0
-0
-0
-0
-0
-0
-0
-0
-0
-0
-0
-0
-0
-0
-0
-0
-0
-0
-0
-0
-0
-0
-0
-0
-0
-0
-0
-0
-0
-0
-0
-0
-0
-0
-0
-0
-0
-0
-0
-0
-0
-0
-0
-0
-0
-0
-0
-0
-6053.13
-8911.65
-4.12101e+07
-8e+11
-8e+11
-8e+11
-8e+11
-8e+11
-8e+11
-8e+11
-8e+11
-8e+11
-8e+11
-8e+11
-8e+11
-8e+11
-8e+11
-8e+11
-8e+11
-8e+11
-8e+11
-8e+11
-8e+11
-8e+11
-8e+11
-8e+11
-8e+11
-8e+11
-8e+11
-8e+11
-8e+11
-8e+11
-8e+11
-8e+11
-8e+11
-8e+11
-8e+11
-8e+11
-8e+11
-0
-0
-0
-0
-0
-0
-0
-0
-0
-0
-0
-0
-0
-0
-0
-0
-0
-0
-0
-0
-0
-0
-0
-0
-0
-0
-0
-0
-0
-0
-0
-0
-0
-0
-0
-0
-0
-0
-0
-0
-0
-0
-0
-0
-0
-0
-0
-0
-0
-0
-0
-0
-0
-0
-0
-0
-0
-0
-0
-0
-0
-0
-0
-0
-0
-0
-0
-0
-0
-0
-0
-0
-0
-0
-0
-0
-0
-0
-0
-0
-0
-0
-0
-0
-2.21927e+06
-3.27577e+08
-8e+11
-8e+11
-8e+11
-8e+11
-8e+11
-8e+11
-8e+11
-8e+11
-8e+11
-8e+11
-8e+11
-8e+11
-8e+11
-8e+11
-8e+11
-8e+11
-8e+11
-8e+11
-8e+11
-8e+11
-8e+11
-8e+11
-8e+11
-8e+11
-8e+11
-8e+11
-8e+11
-8e+11
-8e+11
-8e+11
-8e+11
-8e+11
-8e+11
-8e+11
-0
-0
-0
-0
-0
-0
-0
-0
-0
-0
-0
-0
-0
-0
-0
-0
-0
-0
-0
-0
-0
-0
-0
-0
-0
-0
-0
-0
-0
-0
-0
-0
-0
-0
-0
-0
-0
-0
-0
-0
-0
-0
-0
-0
-0
-0
-0
-0
-0
-0
-0
-0
-0
-0
-0
-0
-0
-0
-0
-0
-0
-0
-0
-0
-0
-0
-0
-0
-0
-0
-0
-0
-0
-0
-0
-0
-0
-0
-0
-0
-0
-0
-0
-892.38
-57831
-692919
-5.43029e+07
-8e+11
-8e+11
-8e+11
-8e+11
-8e+11
-8e+11
-8e+11
-8e+11
-8e+11
-8e+11
-8e+11
-8e+11
-8e+11
-8e+11
-8e+11
-8e+11
-8e+11
-8e+11
-8e+11
-8e+11
-8e+11
-8e+11
-8e+11
-8e+11
-8e+11
-8e+11
-8e+11
-8e+11
-8e+11
-8e+11
-8e+11
-8e+11
-8e+11
-0
-0
-0
-0
-0
-0
-0
-0
-0
-0
-0
-0
-0
-0
-0
-0
-0
-0
-0
-0
-0
-0
-0
-0
-0
-0
-0
-0
-0
-0
-0
-0
-0
-0
-0
-0
-0
-0
-0
-0
-0
-0
-0
-0
-0
-0
-0
-0
-0
-0
-0
-0
-0
-0
-0
-0
-0
-0
-0
-0
-0
-0
-0
-0
-0
-0
-0
-0
-0
-0
-0
-0
-0
-0
-0
-0
-0
-0
-0
-0
-0
-0
-0
-0
-0
-1808.74
-360823
-8.13442e+06
-8e+11
-8e+11
-8e+11
-8e+11
-8e+11
-8e+11
-8e+11
-8e+11
-8e+11
-8e+11
-8e+11
-8e+11
-8e+11
-8e+11
-8e+11
-8e+11
-8e+11
-8e+11
-8e+11
-8e+11
-8e+11
-8e+11
-8e+11
-8e+11
-8e+11
-8e+11
-8e+11
-8e+11
-8e+11
-8e+11
-8e+11
-8e+11
-0
-0
-0
-0
-0
-0
-0
-0
-0
-0
-0
-0
-0
-0
-0
-0
-0
-0
-0
-0
-0
-0
-0
-0
-0
-0
-0
-0
-0
-0
-0
-0
-0
-0
-0
-0
-0
-0
-0
-0
-0
-0
-0
-0
-0
-0
-0
-0
-0
-0
-0
-0
-0
-0
-0
-0
-0
-0
-0
-0
-0
-0
-0
-0
-0
-0
-0
-0
-0
-0
-0
-0
-0
-0
-0
-0
-0
-0
-0
-0
-0
-0
-0
-0
-0
-0
-0
-0
-3227.06
-7.28262e+06
-1.31552e+08
-8e+11
-8e+11
-8e+11
-8e+11
-8e+11
-8e+11
-8e+11
-8e+11
-8e+11
-8e+11
-8e+11
-8e+11
-8e+11
-8e+11
-8e+11
-8e+11
-8e+11
-8e+11
-8e+11
-8e+11
-8e+11
-8e+11
-8e+11
-8e+11
-8e+11
-8e+11
-8e+11
-8e+11
-8e+11
-0
-0
-0
-0
-0
-0
-0
-0
-0
-0
-0
-0
-0
-0
-0
-0
-0
-0
-0
-0
-0
-0
-0
-0
-0
-0
-0
-0
-0
-0
-0
-0
-0
-0
-0
-0
-0
-0
-0
-0
-0
-0
-0
-0
-0
-0
-0
-0
-0
-0
-0
-0
-0
-0
-0
-0
-0
-0
-0
-0
-0
-0
-0
-0
-0
-0
-0
-0
-0
-0
-0
-0
-0
-0
-0
-0
-0
-0
-0
-0
-0
-0
-0
-0
-0
-0
-0
-0
-0
-0
-0
-0
-0
-0
-0
-0
-0
-0
-0
-0
-0
-0
-0
-0
-0
-0
-0
-0
-0
-0
-0
-0
-0
-0
-0
-0
-0
-0
-0
-0
-0
-0
-0
-0
-0
-0
-0
-0
-0
-0
-0
-0
-0
-0
-0
-0
-0
-0
-0
-0
-0
-0
-0
-0
-0
-0
-0
-0
-0
-0
-0
-0
-0
-0
-0
-0
-0
-0
-0
-0
-0
-0
-0
-0
-0
-0
-0
-0
-0
-0
-0
-0
-0
-0
-0
-0
-0
-0
-0
-0
-0
-0
-0
-0
-0
-0
-0
-0
-0
-0
-0
-0
-0
-0
-0
-0
-0
-0
-0
-0
-0
-0
-0
-0
-0
-0
-0
-0
-0
-0
-0
-0
-0
-0
-0
-0
-0
-0
-0
-0
-0
-0
-0
-0
-0
-0
-0
-0
-0
-0
-0
-0
-0
-0
-0
-0
-0
-0
-0
-0
-0
-0
-0
-0
-0
-0
-0
-0
-0
-0
-0
-0
-0
-0
-0
-0
-0
-0
-0
-0
-0
-0
-0
-0
-0
-0
-0
-0
-0
-0
-0
-0
-0
-0
-0
-0
-0
-0
-0
-0
-0
-0
-0
-0
-0
-0
-0
-0
-0
-0
-0
-0
-0
-0
-0
-0
-0
-0
-0
-0
-0
-0
-0
-0
-0
-0
-0
-0
-0
-0
-0
-0
-0
-0
-0
-0
-0
-0
-0
-0
-0
-0
-0
-0
-0
-0
-0
-0
-0
-0
-0
-0
-0
-0
-0
-0
-0
-0
-0
-0
-0
-0
-0
-0
-0
-0
-0
-0
-0
-0
-0
-0
-0
-0
-0
-0
-0
-0
-0
-0
-0
-0
-0
-0
-0
-0
-0
-0
-0
-0
-0
-0
-0
-0
-0
-0
-0
-0
-0
-0
-0
-0
-0
-0
-0
-0
-0
-0
-0
-0
-0
-0
-0
-0
-0
-0
-0
-0
-0
-0
-0
-0
-0
-0
-0
-0
-0
-0
-0
-0
-0
-0
-0
-0
-0
-0
-0
-0
-0
-0
-0
-0
-0
-0
-0
-0
-0
-0
-0
-0
-0
-0
-0
-0
-0
-0
-0
-0
-0
-0
-0
-0
-0
-0
-0
-0
-0
-0
-0
-0
-0
-0
-0
-0
-0
-0
-0
-0
-0
-0
-0
-0
-0
-0
-0
-0
-0
-0
-0
-0
-0
-0
-0
-0
-0
-0
-0
-0
-0
-0
-0
-0
-0
-0
-0
-0
-0
-0
-0
-0
-0
-0
-0
-0
-0
-0
-0
-0
-0
-0
-0
-0
-0
-0
-0
-0
-0
-0
-0
-0
-0
-0
-0
-0
-0
-0
-0
-0
-0
-0
-0
-0
-0
-0
-0
-0
-0
-0
-0
-0
-0
-0
-0
-0
-0
-0
-0
-0
-0
-0
-0
-0
-0
-0
-0
-0
-0
-0
-0
-0
-0
-0
-0
-0
-0
-0
-0
-0
-0
-0
-0
-0
-0
-0
-0
-0
-0
-0
-0
-0
-0
-0
-0
-0
-0
-0
-0
-0
-0
-0
-0
-0
-0
-0
-0
-0
-0
-0
-0
-0
-0
-0
-0
-0
-0
-0
-0
-0
-0
-0
-0
-0
-0
-0
-0
-0
-0
-0
-0
-0
-0
-0
-0
-0
-0
-0
-0
-0
-0
-0
-0
-0
-0
-0
-0
-0
-0
-0
-0
-0
-0
-0
-0
-0
-0
-0
-0
-0
-0
-0
-0
-0
-0
-0
-0
-0
-0
-0
-0
-0
-0
-0
-0
-0
-0
-0
-0
-0
-0
-0
-0
-0
-0
-0
-0
-0
-0
-0
-0
-0
-0
-0
-0
-0
-0
-0
-0
-0
-0
-0
-0
-0
-0
-0
-0
-0
-0
-0
-0
-0
-0
-0
-0
-0
-0
-0
-0
-0
-0
-0
-0
-0
-0
-0
-0
-0
-0
-0
-0
-0
-0
-0
-0
-0
-0
-0
-0
-0
-0
-0
-0
-0
-0
-0
-0
-0
-0
-0
-0
-0
-0
-0
-0
-0
-0
-0
-0
-0
-0
-0
-0
-0
-0
-0
-0
-0
-0
-0
-0
-0
-0
-0
-0
-0
-0
-0
-0
-0
-0
-0
-0
-0
-0
-0
-0
-0
-0
-0
-0
-0
-0
-0
-0
-0
-0
-0
-0
-0
-0
-0
-0
-0
-0
-0
-0
-0
-0
-0
-0
-0
-0
-0
-0
-0
-0
-0
-0
-0
-0
-0
-0
-0
-0
-0
-0
-0
-0
-0
-0
-0
-0
-0
-0
-0
-0
-0
-0
-0
-0
-0
-0
-0
-0
-0
-0
-0
-0
-0
-0
-0
-0
-0
-0
-0
-0
-0
-0
-0
-0
-0
-0
-0
-0
-0
-0
-0
-0
-0
-0
-0
-0
-0
-0
-0
-0
-0
-0
-0
-0
-0
-0
-0
-0
-0
-0
-0
-0
-0
-0
-0
-0
-0
-0
-0
-0
-0
-0
-0
-0
-0
-0
-0
-0
-0
-0
-0
-0
-0
-0
-0
-0
-0
-0
-0
-0
-0
-0
-0
-0
-0
-0
-0
-0
-0
-0
-0
-0
-0
-0
-0
-0
-0
-0
-0
-0
-0
-0
-0
-0
-0
-0
-0
-0
-0
-0
-0
-0
-0
-0
-0
-0
-0
-0
-0
-0
-0
-0
-0
-0
-0
-0
-0
-0
-0
-0
-0
-0
-0
-0
-0
-0
-0
-0
-0
-0
-0
-0
-0
-0
-0
)
;

boundaryField
{
    hot
    {
        type            calculated;
        value           uniform -0;
    }
    hotTop
    {
        type            calculated;
        value           uniform -0;
    }
    cold
    {
        type            calculated;
        value           uniform -8e+11;
    }
    coldTop
    {
        type            calculated;
        value           nonuniform List<scalar> 8(-6.66022e-26 -0 -0 -0 -0 -0 -0 -0);
    }
    top
    {
        type            calculated;
        value           uniform -0;
    }
    btm
    {
        type            calculated;
        value           nonuniform List<scalar> 
120
(
-0
-0
-0
-0
-0
-0
-0
-0
-0
-0
-0
-0
-0
-0
-0
-0
-0
-0
-0
-0
-0
-0
-0
-0
-0
-0
-0
-0
-0
-0
-0
-0
-0
-0
-0
-0
-0
-0
-0
-0
-0
-0
-0
-0
-0
-0
-0
-0
-0
-0
-0
-0
-0
-0
-0
-0
-0
-0
-0
-0
-0
-0
-0
-0
-0
-0
-0
-0
-0
-0
-0
-0
-0
-0
-0
-0
-0
-0
-0
-0
-0
-7.99664e+11
-7.99753e+11
-7.99841e+11
-7.9993e+11
-8e+11
-8e+11
-8e+11
-8e+11
-8e+11
-8e+11
-8e+11
-8e+11
-8e+11
-8e+11
-8e+11
-8e+11
-8e+11
-8e+11
-8e+11
-8e+11
-8e+11
-8e+11
-8e+11
-8e+11
-8e+11
-8e+11
-8e+11
-8e+11
-8e+11
-8e+11
-8e+11
-8e+11
-8e+11
-8e+11
-8e+11
-8e+11
-8e+11
-8e+11
-8e+11
)
;
    }
    frontAndBack
    {
        type            empty;
    }
}


// ************************************************************************* //
