/*--------------------------------*- C++ -*----------------------------------*\
  =========                 |
  \\      /  F ield         | OpenFOAM: The Open Source CFD Toolbox
   \\    /   O peration     | Website:  https://openfoam.org
    \\  /    A nd           | Version:  6
     \\/     M anipulation  |
\*---------------------------------------------------------------------------*/
FoamFile
{
    version     2.0;
    format      ascii;
    class       volScalarField;
    location    "660";
    object      rho;
}
// * * * * * * * * * * * * * * * * * * * * * * * * * * * * * * * * * * * * * //

dimensions      [1 -3 0 0 0 0 0];

internalField   nonuniform List<scalar> 
5964
(
6087.43
6088.07
6088.62
6089.04
6089.36
6089.61
6089.8
6089.97
6090.13
6090.27
6090.41
6090.55
6090.69
6090.83
6090.96
6091.08
6091.19
6091.29
6091.39
5907.01
5907.2
5907.37
5907.53
5907.68
5907.81
5907.93
5908.04
5908.14
5908.23
5908.31
5908.38
5908.44
5908.5
5908.56
5908.6
5908.65
5908.69
5908.73
5908.76
5908.8
5908.83
5908.86
5908.89
5908.92
5908.95
5908.97
5909
5909.03
5909.05
5909.08
5909.1
5909.13
5909.16
5909.18
5909.21
5909.23
5909.26
5909.28
5909.31
5909.34
5909.36
5909.39
5909.42
5909.44
5909.47
5909.5
5909.53
5909.55
5909.58
5909.61
5909.64
5909.67
5909.7
5909.73
5909.76
5909.78
5909.81
5909.84
5909.87
5909.9
5909.93
5909.96
5909.98
5910
6087.45
6088.09
6088.61
6089.03
6089.34
6089.58
6089.78
6089.94
6090.1
6090.24
6090.38
6090.53
6090.67
6090.8
6090.94
6091.06
6091.18
6091.29
6091.38
5907.01
5907.2
5907.37
5907.53
5907.68
5907.82
5907.94
5908.05
5908.15
5908.23
5908.31
5908.38
5908.45
5908.51
5908.56
5908.61
5908.65
5908.69
5908.73
5908.77
5908.8
5908.83
5908.86
5908.89
5908.92
5908.95
5908.97
5909
5909.03
5909.05
5909.08
5909.1
5909.13
5909.16
5909.18
5909.21
5909.23
5909.26
5909.28
5909.31
5909.34
5909.36
5909.39
5909.42
5909.44
5909.47
5909.5
5909.53
5909.55
5909.58
5909.61
5909.64
5909.67
5909.7
5909.73
5909.76
5909.78
5909.81
5909.84
5909.87
5909.9
5909.93
5909.96
5909.99
5910
6087.44
6088.06
6088.58
6088.99
6089.3
6089.54
6089.73
6089.9
6090.05
6090.19
6090.33
6090.47
6090.62
6090.76
6090.9
6091.04
6091.16
6091.28
6091.38
5907.01
5907.2
5907.38
5907.55
5907.69
5907.83
5907.95
5908.06
5908.16
5908.24
5908.32
5908.39
5908.45
5908.51
5908.56
5908.61
5908.66
5908.7
5908.73
5908.77
5908.8
5908.83
5908.86
5908.89
5908.92
5908.95
5908.98
5909
5909.03
5909.05
5909.08
5909.1
5909.13
5909.16
5909.18
5909.21
5909.23
5909.26
5909.28
5909.31
5909.34
5909.36
5909.39
5909.42
5909.44
5909.47
5909.5
5909.53
5909.55
5909.58
5909.61
5909.64
5909.67
5909.7
5909.73
5909.76
5909.78
5909.81
5909.84
5909.87
5909.9
5909.93
5909.96
5909.99
5910
6087.43
6088.03
6088.54
6088.94
6089.25
6089.48
6089.67
6089.83
6089.98
6090.13
6090.27
6090.41
6090.56
6090.71
6090.86
6091
6091.14
6091.27
6091.38
5907.02
5907.22
5907.4
5907.56
5907.71
5907.85
5907.97
5908.07
5908.17
5908.26
5908.33
5908.4
5908.46
5908.52
5908.57
5908.62
5908.66
5908.7
5908.74
5908.77
5908.81
5908.84
5908.87
5908.9
5908.92
5908.95
5908.98
5909
5909.03
5909.05
5909.08
5909.1
5909.13
5909.16
5909.18
5909.21
5909.23
5909.26
5909.28
5909.31
5909.34
5909.36
5909.39
5909.42
5909.44
5909.47
5909.5
5909.53
5909.55
5909.58
5909.61
5909.64
5909.67
5909.7
5909.73
5909.76
5909.78
5909.81
5909.84
5909.87
5909.9
5909.93
5909.96
5910
5910
6087.41
6088
6088.49
6088.89
6089.19
6089.42
6089.6
6089.76
6089.91
6090.06
6090.21
6090.36
6090.51
6090.67
6090.83
6090.98
6091.13
6091.26
6091.38
5907.04
5907.24
5907.43
5907.59
5907.74
5907.87
5907.99
5908.1
5908.19
5908.27
5908.35
5908.42
5908.48
5908.53
5908.58
5908.63
5908.67
5908.71
5908.74
5908.78
5908.81
5908.84
5908.87
5908.9
5908.93
5908.95
5908.98
5909
5909.03
5909.06
5909.08
5909.11
5909.13
5909.16
5909.18
5909.21
5909.23
5909.26
5909.28
5909.31
5909.33
5909.36
5909.39
5909.41
5909.44
5909.47
5909.5
5909.52
5909.55
5909.58
5909.61
5909.64
5909.67
5909.7
5909.73
5909.75
5909.78
5909.81
5909.84
5909.87
5909.9
5909.93
5909.96
5909.99
5910
6087.4
6087.96
6088.44
6088.82
6089.11
6089.33
6089.52
6089.68
6089.83
6089.99
6090.15
6090.31
6090.47
6090.64
6090.8
6090.97
6091.12
6091.27
6091.4
5907.07
5907.28
5907.46
5907.63
5907.78
5907.91
5908.02
5908.12
5908.22
5908.3
5908.37
5908.44
5908.49
5908.55
5908.6
5908.64
5908.68
5908.72
5908.75
5908.79
5908.82
5908.85
5908.88
5908.9
5908.93
5908.96
5908.98
5909.01
5909.03
5909.06
5909.08
5909.11
5909.13
5909.16
5909.18
5909.21
5909.23
5909.26
5909.28
5909.31
5909.33
5909.36
5909.39
5909.41
5909.44
5909.47
5909.5
5909.52
5909.55
5909.58
5909.61
5909.64
5909.67
5909.7
5909.72
5909.75
5909.78
5909.81
5909.84
5909.87
5909.9
5909.93
5909.96
5909.99
5910
6087.38
6087.92
6088.38
6088.74
6089.02
6089.23
6089.42
6089.59
6089.75
6089.92
6090.09
6090.27
6090.44
6090.62
6090.79
6090.96
6091.13
6091.28
6091.42
5907.12
5907.33
5907.52
5907.68
5907.82
5907.95
5908.06
5908.16
5908.25
5908.33
5908.4
5908.46
5908.51
5908.56
5908.61
5908.65
5908.69
5908.73
5908.76
5908.79
5908.82
5908.85
5908.88
5908.91
5908.93
5908.96
5908.98
5909.01
5909.03
5909.06
5909.08
5909.11
5909.13
5909.16
5909.18
5909.2
5909.23
5909.26
5909.28
5909.31
5909.33
5909.36
5909.39
5909.41
5909.44
5909.47
5909.5
5909.52
5909.55
5909.58
5909.61
5909.64
5909.67
5909.7
5909.72
5909.75
5909.78
5909.81
5909.84
5909.87
5909.9
5909.93
5909.96
5909.99
5910
6087.36
6087.87
6088.3
6088.65
6088.92
6089.13
6089.31
6089.49
6089.67
6089.85
6090.04
6090.23
6090.42
6090.61
6090.79
6090.98
6091.15
6091.31
6091.45
5907.19
5907.4
5907.59
5907.75
5907.89
5908.01
5908.11
5908.2
5908.29
5908.36
5908.43
5908.48
5908.54
5908.58
5908.63
5908.67
5908.71
5908.74
5908.77
5908.8
5908.83
5908.86
5908.89
5908.91
5908.94
5908.96
5908.99
5909.01
5909.03
5909.06
5909.08
5909.11
5909.13
5909.16
5909.18
5909.2
5909.23
5909.25
5909.28
5909.31
5909.33
5909.36
5909.38
5909.41
5909.44
5909.47
5909.49
5909.52
5909.55
5909.58
5909.61
5909.64
5909.67
5909.69
5909.72
5909.75
5909.78
5909.81
5909.84
5909.87
5909.9
5909.93
5909.96
5909.99
5910
6087.35
6087.82
6088.23
6088.55
6088.81
6089.02
6089.21
6089.39
6089.59
6089.79
6090
6090.2
6090.41
6090.61
6090.81
6091
6091.18
6091.35
6091.5
5907.29
5907.5
5907.68
5907.83
5907.96
5908.07
5908.17
5908.26
5908.33
5908.4
5908.46
5908.51
5908.56
5908.61
5908.65
5908.69
5908.72
5908.75
5908.78
5908.81
5908.84
5908.87
5908.89
5908.92
5908.94
5908.97
5908.99
5909.01
5909.04
5909.06
5909.08
5909.11
5909.13
5909.15
5909.18
5909.2
5909.23
5909.25
5909.28
5909.3
5909.33
5909.36
5909.38
5909.41
5909.44
5909.46
5909.49
5909.52
5909.55
5909.58
5909.61
5909.63
5909.66
5909.69
5909.72
5909.75
5909.78
5909.81
5909.84
5909.87
5909.9
5909.93
5909.96
5910
5910
6087.33
6087.77
6088.15
6088.45
6088.7
6088.91
6089.11
6089.31
6089.52
6089.74
6089.96
6090.19
6090.41
6090.62
6090.83
6091.02
6091.22
6091.4
6091.56
5907.42
5907.63
5907.8
5907.94
5908.05
5908.15
5908.24
5908.32
5908.38
5908.44
5908.5
5908.55
5908.59
5908.63
5908.67
5908.71
5908.74
5908.77
5908.8
5908.82
5908.85
5908.88
5908.9
5908.92
5908.95
5908.97
5908.99
5909.02
5909.04
5909.06
5909.08
5909.11
5909.13
5909.15
5909.18
5909.2
5909.23
5909.25
5909.28
5909.3
5909.33
5909.36
5909.38
5909.41
5909.44
5909.46
5909.49
5909.52
5909.55
5909.58
5909.6
5909.63
5909.66
5909.69
5909.72
5909.75
5909.78
5909.81
5909.84
5909.87
5909.9
5909.93
5909.97
5910
5910
6087.31
6087.72
6088.07
6088.36
6088.61
6088.82
6089.03
6089.25
6089.48
6089.72
6089.95
6090.19
6090.42
6090.64
6090.86
6091.06
6091.27
6091.46
6091.64
5907.58
5907.78
5907.94
5908.06
5908.16
5908.25
5908.32
5908.38
5908.44
5908.5
5908.54
5908.59
5908.63
5908.66
5908.7
5908.73
5908.76
5908.78
5908.81
5908.84
5908.86
5908.88
5908.91
5908.93
5908.95
5908.97
5909
5909.02
5909.04
5909.06
5909.08
5909.11
5909.13
5909.15
5909.18
5909.2
5909.23
5909.25
5909.28
5909.3
5909.33
5909.35
5909.38
5909.41
5909.43
5909.46
5909.49
5909.52
5909.55
5909.57
5909.6
5909.63
5909.66
5909.69
5909.72
5909.75
5909.78
5909.81
5909.84
5909.87
5909.9
5909.93
5909.97
5910
5910
6087.3
6087.67
6088
6088.29
6088.53
6088.76
6088.99
6089.23
6089.47
6089.72
6089.96
6090.21
6090.45
6090.68
6090.9
6091.11
6091.32
6091.54
6091.74
5907.81
5907.99
5908.11
5908.2
5908.28
5908.35
5908.41
5908.46
5908.51
5908.55
5908.59
5908.63
5908.66
5908.69
5908.72
5908.75
5908.78
5908.8
5908.83
5908.85
5908.87
5908.89
5908.91
5908.94
5908.96
5908.98
5909
5909.02
5909.04
5909.06
5909.09
5909.11
5909.13
5909.15
5909.18
5909.2
5909.22
5909.25
5909.27
5909.3
5909.33
5909.35
5909.38
5909.4
5909.43
5909.46
5909.49
5909.52
5909.54
5909.57
5909.6
5909.63
5909.66
5909.69
5909.72
5909.75
5909.78
5909.81
5909.84
5909.87
5909.9
5909.93
5909.97
5910
5910
6087.28
6087.63
6087.95
6088.23
6088.49
6088.74
6088.99
6089.24
6089.5
6089.75
6090
6090.25
6090.49
6090.72
6090.94
6091.16
6091.38
6091.62
6091.85
5908.14
5908.24
5908.31
5908.37
5908.42
5908.46
5908.51
5908.54
5908.58
5908.61
5908.64
5908.67
5908.7
5908.73
5908.75
5908.78
5908.8
5908.82
5908.84
5908.86
5908.88
5908.9
5908.92
5908.94
5908.96
5908.98
5909
5909.02
5909.04
5909.06
5909.09
5909.11
5909.13
5909.15
5909.17
5909.2
5909.22
5909.25
5909.27
5909.3
5909.32
5909.35
5909.38
5909.4
5909.43
5909.46
5909.49
5909.51
5909.54
5909.57
5909.6
5909.63
5909.66
5909.69
5909.72
5909.75
5909.78
5909.81
5909.84
5909.87
5909.9
5909.93
5909.97
5910
5910
6087.27
6087.6
6087.92
6088.21
6088.49
6088.76
6089.04
6089.31
6089.57
6089.83
6090.07
6090.31
6090.54
6090.77
6090.99
6091.21
6091.44
6091.68
6091.97
5926.28
5908.54
5908.52
5908.54
5908.56
5908.59
5908.61
5908.63
5908.65
5908.68
5908.7
5908.72
5908.74
5908.76
5908.78
5908.8
5908.82
5908.84
5908.86
5908.88
5908.89
5908.91
5908.93
5908.95
5908.97
5908.99
5909
5909.02
5909.04
5909.06
5909.08
5909.11
5909.13
5909.15
5909.17
5909.2
5909.22
5909.24
5909.27
5909.29
5909.32
5909.35
5909.37
5909.4
5909.43
5909.46
5909.48
5909.51
5909.54
5909.57
5909.6
5909.63
5909.66
5909.69
5909.72
5909.75
5909.78
5909.81
5909.84
5909.87
5909.9
5909.93
5909.96
5910
5910
6087.26
6087.59
6087.91
6088.22
6088.52
6088.83
6089.13
6089.41
6089.68
6089.94
6090.18
6090.4
6090.62
6090.83
6091.04
6091.26
6091.48
6091.73
6091.99
6076.15
5908.68
5908.71
5908.72
5908.72
5908.72
5908.72
5908.73
5908.73
5908.75
5908.76
5908.77
5908.78
5908.8
5908.81
5908.83
5908.84
5908.86
5908.87
5908.89
5908.91
5908.92
5908.94
5908.95
5908.97
5908.99
5909.01
5909.03
5909.04
5909.06
5909.08
5909.11
5909.13
5909.15
5909.17
5909.19
5909.22
5909.24
5909.27
5909.29
5909.32
5909.34
5909.37
5909.4
5909.42
5909.45
5909.48
5909.51
5909.54
5909.57
5909.6
5909.63
5909.66
5909.68
5909.72
5909.75
5909.78
5909.81
5909.84
5909.87
5909.9
5909.93
5909.96
5909.99
5910
6087.26
6087.58
6087.91
6088.24
6088.58
6088.92
6089.25
6089.55
6089.82
6090.07
6090.29
6090.5
6090.7
6090.9
6091.09
6091.29
6091.51
6091.75
6092
6092.26
5908.88
5908.92
5908.9
5908.87
5908.85
5908.83
5908.82
5908.82
5908.82
5908.82
5908.82
5908.83
5908.84
5908.85
5908.86
5908.87
5908.88
5908.89
5908.9
5908.92
5908.93
5908.95
5908.96
5908.98
5908.99
5909.01
5909.03
5909.04
5909.06
5909.08
5909.1
5909.12
5909.15
5909.17
5909.19
5909.21
5909.24
5909.26
5909.29
5909.31
5909.34
5909.37
5909.39
5909.42
5909.45
5909.48
5909.51
5909.54
5909.56
5909.59
5909.62
5909.65
5909.68
5909.71
5909.74
5909.77
5909.81
5909.84
5909.87
5909.9
5909.93
5909.96
5909.98
5910
6087.26
6087.58
6087.91
6088.28
6088.66
6089.04
6089.4
6089.71
6089.97
6090.21
6090.41
6090.61
6090.79
6090.96
6091.14
6091.33
6091.53
6091.75
6092
6092.29
6000.32
5909.19
5909.1
5909.03
5908.98
5908.95
5908.92
5908.9
5908.89
5908.88
5908.88
5908.88
5908.88
5908.88
5908.89
5908.89
5908.9
5908.91
5908.92
5908.93
5908.94
5908.95
5908.97
5908.98
5908.99
5909.01
5909.03
5909.04
5909.06
5909.08
5909.1
5909.12
5909.14
5909.16
5909.19
5909.21
5909.23
5909.26
5909.28
5909.31
5909.34
5909.36
5909.39
5909.42
5909.45
5909.47
5909.5
5909.53
5909.56
5909.59
5909.62
5909.65
5909.68
5909.71
5909.74
5909.77
5909.8
5909.83
5909.87
5909.9
5909.93
5909.96
5909.99
5910
6087.26
6087.59
6087.94
6088.33
6088.75
6089.18
6089.55
6089.87
6090.13
6090.35
6090.54
6090.71
6090.88
6091.03
6091.19
6091.36
6091.54
6091.75
6091.99
6092.25
6084.93
5909.36
5909.28
5909.19
5909.12
5909.06
5909.02
5908.99
5908.96
5908.95
5908.93
5908.92
5908.92
5908.91
5908.91
5908.92
5908.92
5908.92
5908.93
5908.94
5908.95
5908.96
5908.97
5908.98
5909
5909.01
5909.03
5909.04
5909.06
5909.08
5909.1
5909.12
5909.14
5909.16
5909.18
5909.21
5909.23
5909.26
5909.28
5909.31
5909.33
5909.36
5909.39
5909.41
5909.44
5909.47
5909.5
5909.53
5909.56
5909.59
5909.62
5909.65
5909.68
5909.71
5909.74
5909.77
5909.8
5909.83
5909.86
5909.9
5909.93
5909.96
5909.99
5910
6087.27
6087.62
6088
6088.41
6088.86
6089.31
6089.71
6090.03
6090.28
6090.49
6090.66
6090.82
6090.96
6091.1
6091.24
6091.39
6091.55
6091.74
6091.96
6092.22
6092.24
5933.23
5909.48
5909.34
5909.24
5909.17
5909.12
5909.08
5909.04
5909.01
5908.99
5908.97
5908.96
5908.95
5908.94
5908.94
5908.94
5908.94
5908.94
5908.95
5908.96
5908.96
5908.97
5908.98
5909
5909.01
5909.03
5909.04
5909.06
5909.08
5909.09
5909.11
5909.14
5909.16
5909.18
5909.2
5909.23
5909.25
5909.28
5909.3
5909.33
5909.36
5909.38
5909.41
5909.44
5909.47
5909.5
5909.53
5909.56
5909.59
5909.62
5909.65
5909.68
5909.71
5909.74
5909.77
5909.8
5909.83
5909.86
5909.9
5909.93
5909.96
5909.99
5910
6087.29
6087.68
6088.09
6088.53
6089
6089.46
6089.87
6090.19
6090.43
6090.62
6090.78
6090.92
6091.05
6091.17
6091.29
6091.43
6091.57
6091.74
6091.94
6092.16
6092.41
6081.88
5909.48
5909.45
5909.35
5909.27
5909.21
5909.17
5909.12
5909.08
5909.05
5909.02
5909
5908.98
5908.97
5908.96
5908.96
5908.95
5908.95
5908.96
5908.96
5908.97
5908.98
5908.99
5909
5909.01
5909.02
5909.04
5909.05
5909.07
5909.09
5909.11
5909.13
5909.15
5909.17
5909.2
5909.22
5909.25
5909.27
5909.3
5909.32
5909.35
5909.38
5909.41
5909.44
5909.46
5909.49
5909.52
5909.55
5909.58
5909.61
5909.64
5909.67
5909.71
5909.74
5909.77
5909.8
5909.83
5909.86
5909.89
5909.93
5909.96
5909.98
5910
6087.32
6087.77
6088.24
6088.72
6089.21
6089.67
6090.05
6090.35
6090.57
6090.75
6090.89
6091.01
6091.12
6091.23
6091.34
6091.46
6091.59
6091.73
6091.89
6092.08
6092.3
6091.46
6018.1
5909.61
5909.45
5909.35
5909.31
5909.26
5909.21
5909.16
5909.11
5909.07
5909.04
5909.01
5908.99
5908.98
5908.97
5908.97
5908.96
5908.96
5908.96
5908.97
5908.98
5908.98
5908.99
5909.01
5909.02
5909.03
5909.05
5909.07
5909.08
5909.1
5909.12
5909.15
5909.17
5909.19
5909.22
5909.24
5909.27
5909.29
5909.32
5909.35
5909.37
5909.4
5909.43
5909.46
5909.49
5909.52
5909.55
5909.58
5909.61
5909.64
5909.67
5909.7
5909.73
5909.77
5909.8
5909.83
5909.86
5909.89
5909.93
5909.96
5909.98
5910
6087.36
6087.89
6088.43
6088.96
6089.47
6089.91
6090.25
6090.51
6090.7
6090.85
6090.97
6091.07
6091.17
6091.25
6091.35
6091.44
6091.55
6091.68
6091.81
6091.96
6092.15
6092.36
6086.45
5931.17
5909.48
5909.39
5909.41
5909.36
5909.31
5909.24
5909.17
5909.12
5909.08
5909.04
5909.02
5909
5908.98
5908.97
5908.97
5908.97
5908.97
5908.97
5908.97
5908.98
5908.99
5909
5909.01
5909.03
5909.04
5909.06
5909.08
5909.1
5909.12
5909.14
5909.16
5909.18
5909.21
5909.23
5909.26
5909.29
5909.31
5909.34
5909.37
5909.4
5909.43
5909.46
5909.49
5909.52
5909.55
5909.58
5909.61
5909.64
5909.67
5909.7
5909.73
5909.76
5909.8
5909.83
5909.86
5909.89
5909.92
5909.96
5909.99
5910
6087.41
6088.03
6088.66
6089.23
6089.73
6090.12
6090.42
6090.64
6090.8
6090.92
6091.01
6091.08
6091.15
6091.21
6091.29
6091.36
6091.45
6091.56
6091.67
6091.79
6091.95
6092.1
6092.28
6083.5
6007.67
5909.32
5909.57
5909.47
5909.42
5909.32
5909.24
5909.17
5909.11
5909.07
5909.03
5909.01
5908.99
5908.98
5908.97
5908.97
5908.97
5908.97
5908.97
5908.98
5908.99
5909
5909.01
5909.02
5909.04
5909.05
5909.07
5909.09
5909.11
5909.13
5909.15
5909.18
5909.2
5909.23
5909.25
5909.28
5909.31
5909.33
5909.36
5909.39
5909.42
5909.45
5909.48
5909.51
5909.54
5909.57
5909.6
5909.64
5909.67
5909.7
5909.73
5909.76
5909.79
5909.83
5909.86
5909.89
5909.92
5909.96
5909.99
5910
6087.46
6088.18
6088.87
6089.46
6089.93
6090.29
6090.55
6090.72
6090.84
6090.92
6090.98
6091.03
6091.07
6091.11
6091.16
6091.22
6091.29
6091.37
6091.45
6091.56
6091.68
6091.81
6091.97
6092.14
6092.32
6092.53
5976.6
5909.54
5909.56
5909.4
5909.29
5909.2
5909.13
5909.08
5909.05
5909.02
5909
5908.98
5908.97
5908.97
5908.96
5908.96
5908.96
5908.97
5908.98
5908.99
5909
5909.01
5909.03
5909.04
5909.06
5909.08
5909.1
5909.12
5909.15
5909.17
5909.19
5909.22
5909.25
5909.27
5909.3
5909.33
5909.36
5909.39
5909.42
5909.45
5909.48
5909.51
5909.54
5909.57
5909.6
5909.63
5909.66
5909.7
5909.73
5909.76
5909.79
5909.82
5909.86
5909.89
5909.92
5909.95
5909.98
5910
6087.5
6088.31
6089.05
6089.66
6090.11
6090.42
6090.63
6090.76
6090.84
6090.89
6090.92
6090.94
6090.96
6090.98
6091
6091.03
6091.08
6091.13
6091.2
6091.28
6091.38
6091.49
6091.64
6091.8
6091.98
6091.52
6085.83
6092.59
5920.65
5909.43
5909.33
5909.23
5909.15
5909.09
5909.05
5909.02
5909
5908.98
5908.97
5908.96
5908.96
5908.95
5908.96
5908.96
5908.97
5908.98
5908.99
5909
5909.02
5909.03
5909.05
5909.07
5909.09
5909.11
5909.14
5909.16
5909.19
5909.21
5909.24
5909.27
5909.29
5909.32
5909.35
5909.38
5909.41
5909.44
5909.47
5909.5
5909.53
5909.57
5909.6
5909.63
5909.66
5909.69
5909.73
5909.76
5909.79
5909.82
5909.86
5909.89
5909.92
5909.95
5909.98
5910
6087.52
6088.37
6089.14
6089.76
6090.2
6090.48
6090.65
6090.74
6090.8
6090.82
6090.83
6090.82
6090.82
6090.82
6090.82
6090.83
6090.86
6090.89
6090.94
6091
6091.07
6091.17
6091.3
6091.45
6091.62
6091.82
6092.04
6091.65
6081.49
5906.24
5909.36
5909.24
5909.14
5909.08
5909.04
5909.01
5908.99
5908.97
5908.96
5908.95
5908.94
5908.94
5908.94
5908.95
5908.95
5908.96
5908.97
5908.99
5909
5909.02
5909.04
5909.06
5909.08
5909.1
5909.13
5909.15
5909.18
5909.2
5909.23
5909.26
5909.29
5909.31
5909.34
5909.37
5909.4
5909.44
5909.47
5909.5
5909.53
5909.56
5909.59
5909.63
5909.66
5909.69
5909.72
5909.76
5909.79
5909.82
5909.85
5909.89
5909.92
5909.95
5909.98
5910
6087.55
6088.44
6089.23
6089.84
6090.25
6090.5
6090.64
6090.7
6090.73
6090.73
6090.72
6090.7
6090.68
6090.66
6090.65
6090.64
6090.65
6090.66
6090.69
6090.73
6090.78
6090.87
6090.97
6091.11
6091.27
6091.46
6091.68
6091.91
6092.16
6090.39
5941.61
5909.21
5909.1
5909.06
5909.02
5909
5908.97
5908.96
5908.94
5908.93
5908.93
5908.93
5908.93
5908.93
5908.94
5908.95
5908.96
5908.97
5908.99
5909.01
5909.03
5909.05
5909.07
5909.09
5909.11
5909.14
5909.17
5909.19
5909.22
5909.25
5909.28
5909.31
5909.34
5909.37
5909.4
5909.43
5909.46
5909.49
5909.53
5909.56
5909.59
5909.62
5909.66
5909.69
5909.72
5909.75
5909.79
5909.82
5909.85
5909.89
5909.92
5909.95
5909.99
5910
6087.56
6088.47
6089.27
6089.87
6090.26
6090.49
6090.6
6090.64
6090.65
6090.63
6090.6
6090.57
6090.54
6090.51
6090.49
6090.47
6090.46
6090.46
6090.47
6090.49
6090.53
6090.58
6090.67
6090.79
6090.94
6091.11
6091.32
6091.56
6091.81
6092.08
6082.7
5906.45
5909
5909.01
5909
5908.97
5908.95
5908.93
5908.92
5908.91
5908.91
5908.9
5908.91
5908.91
5908.92
5908.93
5908.94
5908.96
5908.97
5908.99
5909.01
5909.03
5909.05
5909.08
5909.1
5909.13
5909.16
5909.18
5909.21
5909.24
5909.27
5909.3
5909.33
5909.36
5909.39
5909.42
5909.46
5909.49
5909.52
5909.55
5909.59
5909.62
5909.65
5909.69
5909.72
5909.75
5909.79
5909.82
5909.85
5909.89
5909.92
5909.95
5909.98
5910
6087.6
6088.54
6089.32
6089.89
6090.25
6090.45
6090.54
6090.57
6090.56
6090.53
6090.49
6090.46
6090.42
6090.38
6090.35
6090.32
6090.3
6090.29
6090.28
6090.28
6090.3
6090.34
6090.41
6090.5
6090.63
6090.79
6090.99
6091.22
6091.48
6091.76
6092.04
6083.79
5908.93
5908.99
5908.97
5908.94
5908.92
5908.9
5908.89
5908.88
5908.88
5908.88
5908.88
5908.89
5908.9
5908.91
5908.92
5908.94
5908.95
5908.97
5908.99
5909.01
5909.04
5909.06
5909.09
5909.12
5909.14
5909.17
5909.2
5909.23
5909.26
5909.29
5909.32
5909.35
5909.39
5909.42
5909.45
5909.48
5909.52
5909.55
5909.58
5909.62
5909.65
5909.68
5909.72
5909.75
5909.78
5909.82
5909.85
5909.88
5909.92
5909.95
5909.98
5910
6087.59
6088.53
6089.32
6089.87
6090.22
6090.4
6090.47
6090.49
6090.47
6090.43
6090.39
6090.35
6090.31
6090.27
6090.23
6090.2
6090.17
6090.14
6090.12
6090.11
6090.12
6090.13
6090.18
6090.24
6090.35
6090.49
6090.68
6090.9
6091.15
6091.45
6091.77
6092.12
6024.27
5909.01
5908.93
5908.9
5908.87
5908.86
5908.85
5908.85
5908.85
5908.85
5908.85
5908.86
5908.87
5908.88
5908.9
5908.91
5908.93
5908.95
5908.97
5909
5909.02
5909.05
5909.07
5909.1
5909.13
5909.16
5909.19
5909.22
5909.25
5909.28
5909.31
5909.35
5909.38
5909.41
5909.44
5909.48
5909.51
5909.54
5909.58
5909.61
5909.65
5909.68
5909.71
5909.75
5909.78
5909.82
5909.85
5909.88
5909.92
5909.95
5909.98
5910
6087.61
6088.54
6089.29
6089.82
6090.16
6090.33
6090.39
6090.4
6090.37
6090.33
6090.29
6090.24
6090.2
6090.16
6090.13
6090.09
6090.05
6090.02
6090
6089.97
6089.96
6089.96
6089.98
6090.02
6090.11
6090.23
6090.39
6090.6
6090.85
6091.14
6091.48
6091.85
6088.36
5908.5
5908.86
5908.83
5908.82
5908.81
5908.8
5908.8
5908.81
5908.81
5908.82
5908.83
5908.84
5908.85
5908.87
5908.89
5908.91
5908.93
5908.95
5908.98
5909
5909.03
5909.06
5909.09
5909.12
5909.15
5909.18
5909.21
5909.24
5909.27
5909.31
5909.34
5909.37
5909.41
5909.44
5909.47
5909.51
5909.54
5909.57
5909.61
5909.64
5909.68
5909.71
5909.75
5909.78
5909.81
5909.85
5909.88
5909.92
5909.95
5909.98
5910
6087.58
6088.48
6089.22
6089.76
6090.09
6090.25
6090.31
6090.31
6090.28
6090.24
6090.19
6090.14
6090.1
6090.07
6090.03
6089.99
6089.96
6089.92
6089.89
6089.86
6089.83
6089.81
6089.81
6089.84
6089.9
6089.99
6090.13
6090.32
6090.56
6090.84
6091.17
6091.56
6091.97
6059
5908.8
5908.76
5908.74
5908.74
5908.75
5908.75
5908.76
5908.77
5908.78
5908.79
5908.8
5908.82
5908.84
5908.86
5908.88
5908.9
5908.93
5908.96
5908.98
5909.01
5909.04
5909.07
5909.1
5909.13
5909.17
5909.2
5909.23
5909.26
5909.3
5909.33
5909.36
5909.4
5909.43
5909.47
5909.5
5909.54
5909.57
5909.6
5909.64
5909.67
5909.71
5909.74
5909.78
5909.81
5909.85
5909.88
5909.92
5909.95
5909.98
5910
6087.56
6088.44
6089.17
6089.69
6090.01
6090.17
6090.22
6090.22
6090.19
6090.14
6090.09
6090.05
6090.01
6089.97
6089.94
6089.91
6089.87
6089.84
6089.8
6089.76
6089.72
6089.69
6089.68
6089.68
6089.71
6089.79
6089.9
6090.07
6090.29
6090.56
6090.88
6091.26
6091.67
6090.47
5908.21
5908.64
5908.65
5908.66
5908.68
5908.7
5908.71
5908.72
5908.74
5908.75
5908.77
5908.78
5908.8
5908.83
5908.85
5908.88
5908.9
5908.93
5908.96
5908.99
5909.02
5909.06
5909.09
5909.12
5909.15
5909.19
5909.22
5909.25
5909.29
5909.32
5909.36
5909.39
5909.43
5909.46
5909.5
5909.53
5909.57
5909.6
5909.64
5909.67
5909.71
5909.74
5909.78
5909.81
5909.85
5909.88
5909.92
5909.95
5909.98
5910
6087.56
6088.42
6089.12
6089.62
6089.93
6090.08
6090.14
6090.13
6090.1
6090.05
6090
6089.95
6089.91
6089.88
6089.85
6089.82
6089.79
6089.76
6089.72
6089.68
6089.63
6089.59
6089.56
6089.55
6089.56
6089.61
6089.7
6089.84
6090.04
6090.29
6090.6
6090.96
6091.37
6091.83
6060.33
5908.53
5908.53
5908.57
5908.61
5908.64
5908.66
5908.67
5908.69
5908.71
5908.72
5908.74
5908.77
5908.79
5908.82
5908.85
5908.88
5908.91
5908.94
5908.97
5909
5909.04
5909.07
5909.11
5909.14
5909.18
5909.21
5909.24
5909.28
5909.31
5909.35
5909.38
5909.42
5909.45
5909.49
5909.53
5909.56
5909.6
5909.63
5909.67
5909.7
5909.74
5909.77
5909.81
5909.84
5909.88
5909.92
5909.95
5909.98
5909.99
6087.55
6088.38
6089.06
6089.55
6089.85
6090
6090.05
6090.05
6090.01
6089.95
6089.9
6089.86
6089.82
6089.79
6089.76
6089.74
6089.71
6089.68
6089.65
6089.6
6089.56
6089.51
6089.46
6089.43
6089.42
6089.45
6089.52
6089.64
6089.81
6090.04
6090.34
6090.7
6091.1
6091.53
6090.17
5908.19
5908.36
5908.46
5908.53
5908.57
5908.6
5908.62
5908.64
5908.66
5908.68
5908.7
5908.73
5908.75
5908.78
5908.81
5908.85
5908.88
5908.91
5908.95
5908.98
5909.02
5909.06
5909.09
5909.13
5909.16
5909.2
5909.23
5909.27
5909.31
5909.34
5909.38
5909.41
5909.45
5909.48
5909.52
5909.56
5909.59
5909.63
5909.66
5909.7
5909.74
5909.77
5909.81
5909.84
5909.88
5909.91
5909.95
5909.97
5909.99
6087.54
6088.34
6089
6089.47
6089.76
6089.91
6089.96
6089.96
6089.92
6089.86
6089.81
6089.77
6089.73
6089.7
6089.68
6089.66
6089.64
6089.61
6089.58
6089.54
6089.49
6089.43
6089.38
6089.33
6089.31
6089.31
6089.36
6089.45
6089.6
6089.81
6090.09
6090.43
6090.83
6091.25
6091.66
5907.6
5908.21
5908.37
5908.46
5908.51
5908.55
5908.57
5908.59
5908.61
5908.63
5908.65
5908.68
5908.71
5908.74
5908.78
5908.81
5908.85
5908.89
5908.93
5908.96
5909
5909.04
5909.08
5909.11
5909.15
5909.19
5909.22
5909.26
5909.3
5909.33
5909.37
5909.41
5909.44
5909.48
5909.52
5909.55
5909.59
5909.62
5909.66
5909.7
5909.73
5909.77
5909.81
5909.84
5909.88
5909.91
5909.94
5909.97
5909.98
6087.52
6088.29
6088.92
6089.38
6089.67
6089.82
6089.88
6089.87
6089.83
6089.78
6089.72
6089.68
6089.65
6089.62
6089.6
6089.58
6089.56
6089.54
6089.51
6089.47
6089.42
6089.36
6089.3
6089.25
6089.21
6089.2
6089.22
6089.28
6089.41
6089.6
6089.86
6090.2
6090.6
6091.04
6091.49
6058.79
5908.13
5908.3
5908.41
5908.46
5908.49
5908.51
5908.53
5908.55
5908.57
5908.6
5908.63
5908.67
5908.7
5908.74
5908.78
5908.82
5908.86
5908.9
5908.94
5908.98
5909.02
5909.06
5909.1
5909.14
5909.18
5909.21
5909.25
5909.29
5909.33
5909.36
5909.4
5909.44
5909.47
5909.51
5909.55
5909.58
5909.62
5909.66
5909.69
5909.73
5909.77
5909.8
5909.84
5909.87
5909.91
5909.94
5909.96
5909.97
6087.5
6088.23
6088.84
6089.29
6089.58
6089.73
6089.79
6089.78
6089.74
6089.69
6089.63
6089.59
6089.56
6089.53
6089.52
6089.51
6089.49
6089.47
6089.45
6089.41
6089.36
6089.3
6089.23
6089.17
6089.12
6089.09
6089.09
6089.14
6089.24
6089.4
6089.64
6089.96
6090.36
6090.81
6091.3
6091.73
5908.02
5908.27
5908.38
5908.42
5908.44
5908.46
5908.47
5908.49
5908.52
5908.55
5908.58
5908.62
5908.66
5908.7
5908.75
5908.79
5908.83
5908.88
5908.92
5908.96
5909
5909.04
5909.08
5909.12
5909.16
5909.2
5909.24
5909.28
5909.32
5909.36
5909.39
5909.43
5909.47
5909.51
5909.54
5909.58
5909.62
5909.66
5909.69
5909.73
5909.77
5909.8
5909.84
5909.87
5909.91
5909.94
5909.96
5909.97
6087.47
6088.17
6088.76
6089.2
6089.49
6089.64
6089.7
6089.69
6089.65
6089.6
6089.55
6089.5
6089.47
6089.45
6089.44
6089.43
6089.42
6089.41
6089.38
6089.35
6089.3
6089.24
6089.17
6089.1
6089.04
6089
6088.99
6089.01
6089.08
6089.22
6089.44
6089.73
6090.12
6090.58
6091.1
6091.62
5907.04
5908.33
5908.39
5908.39
5908.39
5908.4
5908.41
5908.43
5908.45
5908.49
5908.53
5908.57
5908.61
5908.66
5908.71
5908.76
5908.8
5908.85
5908.89
5908.94
5908.98
5909.03
5909.07
5909.11
5909.15
5909.19
5909.23
5909.27
5909.31
5909.35
5909.39
5909.43
5909.46
5909.5
5909.54
5909.58
5909.62
5909.65
5909.69
5909.73
5909.76
5909.8
5909.84
5909.87
5909.9
5909.93
5909.96
5909.97
6087.45
6088.12
6088.69
6089.12
6089.4
6089.55
6089.61
6089.61
6089.56
6089.51
6089.46
6089.42
6089.39
6089.37
6089.36
6089.36
6089.35
6089.34
6089.32
6089.29
6089.24
6089.18
6089.11
6089.04
6088.97
6088.92
6088.89
6088.9
6088.95
6089.06
6089.25
6089.52
6089.88
6090.34
6090.9
6090.41
6072.98
5908.49
5908.41
5908.36
5908.34
5908.33
5908.34
5908.36
5908.39
5908.43
5908.47
5908.52
5908.57
5908.62
5908.67
5908.72
5908.77
5908.82
5908.87
5908.92
5908.96
5909.01
5909.05
5909.1
5909.14
5909.18
5909.22
5909.26
5909.3
5909.34
5909.38
5909.42
5909.46
5909.5
5909.54
5909.57
5909.61
5909.65
5909.69
5909.72
5909.76
5909.8
5909.83
5909.87
5909.9
5909.94
5909.96
5909.98
6087.43
6088.06
6088.61
6089.03
6089.31
6089.46
6089.52
6089.52
6089.48
6089.42
6089.37
6089.33
6089.31
6089.29
6089.29
6089.29
6089.29
6089.28
6089.26
6089.23
6089.19
6089.13
6089.06
6088.98
6088.91
6088.85
6088.81
6088.8
6088.83
6088.92
6089.07
6089.31
6089.64
6090.07
6090.62
6091.24
6091.88
5908.43
5908.4
5908.31
5908.26
5908.25
5908.26
5908.29
5908.32
5908.36
5908.41
5908.46
5908.52
5908.57
5908.63
5908.69
5908.74
5908.79
5908.85
5908.9
5908.95
5908.99
5909.04
5909.08
5909.13
5909.17
5909.21
5909.25
5909.3
5909.34
5909.38
5909.42
5909.45
5909.49
5909.53
5909.57
5909.61
5909.65
5909.68
5909.72
5909.76
5909.8
5909.83
5909.87
5909.9
5909.94
5909.98
5910
6087.42
6088.02
6088.54
6088.95
6089.22
6089.37
6089.43
6089.43
6089.39
6089.34
6089.29
6089.25
6089.23
6089.22
6089.22
6089.22
6089.22
6089.21
6089.2
6089.17
6089.13
6089.07
6089
6088.93
6088.85
6088.78
6088.74
6088.72
6088.73
6088.8
6088.92
6089.13
6089.42
6089.82
6090.33
6090.95
6088.84
6031.43
5908.38
5908.21
5908.16
5908.16
5908.18
5908.21
5908.25
5908.3
5908.35
5908.41
5908.47
5908.53
5908.59
5908.65
5908.71
5908.77
5908.82
5908.88
5908.93
5908.98
5909.02
5909.07
5909.12
5909.16
5909.2
5909.25
5909.29
5909.33
5909.37
5909.41
5909.45
5909.49
5909.53
5909.57
5909.61
5909.64
5909.68
5909.72
5909.76
5909.8
5909.83
5909.87
5909.91
5909.95
5910
5910
6087.4
6087.98
6088.48
6088.86
6089.13
6089.28
6089.34
6089.35
6089.31
6089.25
6089.21
6089.17
6089.15
6089.14
6089.15
6089.15
6089.15
6089.15
6089.14
6089.11
6089.07
6089.02
6088.95
6088.88
6088.8
6088.73
6088.67
6088.65
6088.65
6088.69
6088.79
6088.96
6089.22
6089.58
6090.06
6090.64
6091.26
6091.78
5907.9
5907.99
5908.04
5908.07
5908.1
5908.14
5908.19
5908.24
5908.3
5908.36
5908.42
5908.49
5908.55
5908.62
5908.68
5908.74
5908.8
5908.85
5908.91
5908.96
5909.01
5909.06
5909.1
5909.15
5909.19
5909.24
5909.28
5909.32
5909.36
5909.41
5909.45
5909.49
5909.53
5909.56
5909.6
5909.64
5909.68
5909.72
5909.76
5909.79
5909.83
5909.87
5909.91
5909.95
5910
5910
6087.39
6087.94
6088.41
6088.78
6089.03
6089.19
6089.25
6089.26
6089.23
6089.17
6089.13
6089.09
6089.08
6089.07
6089.08
6089.09
6089.09
6089.09
6089.08
6089.06
6089.02
6088.97
6088.9
6088.83
6088.75
6088.68
6088.62
6088.59
6088.58
6088.61
6088.68
6088.82
6089.05
6089.38
6089.82
6090.35
6090.92
6091.43
5907.61
5907.84
5907.93
5907.98
5908.03
5908.07
5908.12
5908.18
5908.24
5908.31
5908.38
5908.45
5908.51
5908.58
5908.65
5908.71
5908.77
5908.83
5908.89
5908.94
5909
5909.05
5909.09
5909.14
5909.19
5909.23
5909.27
5909.32
5909.36
5909.4
5909.44
5909.48
5909.52
5909.56
5909.6
5909.64
5909.68
5909.72
5909.76
5909.79
5909.83
5909.87
5909.91
5909.95
5910
5910
6087.38
6087.9
6088.35
6088.7
6088.94
6089.09
6089.16
6089.17
6089.14
6089.09
6089.05
6089.02
6089.01
6089.01
6089.01
6089.02
6089.03
6089.03
6089.02
6089
6088.96
6088.92
6088.86
6088.79
6088.71
6088.64
6088.58
6088.54
6088.52
6088.53
6088.6
6088.72
6088.93
6089.23
6089.64
6090.14
6090.71
6091.28
5924.59
5907.81
5907.87
5907.92
5907.97
5908.02
5908.07
5908.13
5908.19
5908.26
5908.33
5908.41
5908.48
5908.55
5908.62
5908.69
5908.75
5908.81
5908.87
5908.93
5908.98
5909.03
5909.08
5909.13
5909.18
5909.22
5909.27
5909.31
5909.35
5909.4
5909.44
5909.48
5909.52
5909.56
5909.6
5909.64
5909.68
5909.72
5909.76
5909.79
5909.83
5909.87
5909.91
5909.94
5909.99
5910
6087.36
6087.85
6088.28
6088.61
6088.84
6088.99
6089.06
6089.08
6089.06
6089.01
6088.97
6088.95
6088.94
6088.94
6088.95
6088.96
6088.97
6088.97
6088.96
6088.94
6088.91
6088.87
6088.81
6088.74
6088.67
6088.6
6088.54
6088.49
6088.47
6088.48
6088.53
6088.64
6088.83
6089.11
6089.5
6089.99
6090.57
6091.18
5907.53
5907.77
5907.84
5907.89
5907.93
5907.97
5908.02
5908.08
5908.15
5908.22
5908.29
5908.37
5908.45
5908.52
5908.59
5908.66
5908.73
5908.8
5908.86
5908.91
5908.97
5909.02
5909.07
5909.12
5909.17
5909.22
5909.26
5909.31
5909.35
5909.39
5909.43
5909.48
5909.52
5909.56
5909.6
5909.64
5909.68
5909.72
5909.75
5909.79
5909.83
5909.87
5909.9
5909.94
5909.98
5910
6087.34
6087.81
6088.21
6088.52
6088.75
6088.89
6088.96
6088.98
6088.97
6088.94
6088.9
6088.88
6088.87
6088.87
6088.88
6088.9
6088.91
6088.91
6088.9
6088.89
6088.86
6088.82
6088.76
6088.7
6088.63
6088.56
6088.5
6088.46
6088.43
6088.43
6088.47
6088.57
6088.74
6089.01
6089.39
6089.88
6090.47
6091.15
5966.69
5907.86
5907.86
5907.87
5907.9
5907.94
5907.99
5908.04
5908.11
5908.18
5908.26
5908.34
5908.42
5908.49
5908.57
5908.64
5908.71
5908.78
5908.84
5908.9
5908.96
5909.01
5909.06
5909.11
5909.16
5909.21
5909.26
5909.3
5909.34
5909.39
5909.43
5909.47
5909.51
5909.56
5909.6
5909.64
5909.68
5909.72
5909.75
5909.79
5909.83
5909.87
5909.9
5909.94
5910
5910
6087.33
6087.76
6088.13
6088.43
6088.65
6088.79
6088.87
6088.89
6088.89
6088.86
6088.83
6088.8
6088.8
6088.81
6088.82
6088.83
6088.84
6088.85
6088.85
6088.83
6088.8
6088.77
6088.72
6088.66
6088.59
6088.53
6088.47
6088.42
6088.39
6088.39
6088.43
6088.51
6088.67
6088.93
6089.31
6089.79
6090.37
6091.03
6087.98
5907.82
5907.87
5907.88
5907.89
5907.92
5907.96
5908.01
5908.08
5908.15
5908.23
5908.31
5908.39
5908.47
5908.55
5908.62
5908.69
5908.76
5908.83
5908.89
5908.95
5909
5909.05
5909.11
5909.16
5909.2
5909.25
5909.3
5909.34
5909.39
5909.43
5909.47
5909.51
5909.55
5909.6
5909.64
5909.68
5909.72
5909.75
5909.79
5909.83
5909.87
5909.91
5909.94
5909.99
5910
6087.31
6087.71
6088.06
6088.34
6088.55
6088.69
6088.77
6088.8
6088.8
6088.78
6088.75
6088.73
6088.73
6088.74
6088.75
6088.77
6088.78
6088.79
6088.79
6088.77
6088.75
6088.72
6088.67
6088.62
6088.56
6088.5
6088.44
6088.4
6088.36
6088.36
6088.38
6088.46
6088.62
6088.87
6089.24
6089.72
6090.28
6090.9
6091.52
5926.62
5907.95
5907.91
5907.9
5907.91
5907.94
5907.99
5908.05
5908.12
5908.2
5908.28
5908.37
5908.45
5908.53
5908.6
5908.68
5908.75
5908.81
5908.88
5908.94
5908.99
5909.05
5909.1
5909.15
5909.2
5909.25
5909.29
5909.34
5909.38
5909.43
5909.47
5909.51
5909.55
5909.6
5909.64
5909.68
5909.72
5909.76
5909.79
5909.83
5909.87
5909.91
5909.95
5910
5910
6087.29
6087.67
6087.99
6088.25
6088.46
6088.59
6088.67
6088.71
6088.71
6088.7
6088.67
6088.66
6088.66
6088.67
6088.69
6088.71
6088.72
6088.73
6088.73
6088.72
6088.7
6088.67
6088.63
6088.58
6088.52
6088.47
6088.41
6088.37
6088.34
6088.33
6088.35
6088.42
6088.57
6088.81
6089.18
6089.66
6090.24
6090.86
6091.46
5926.19
5907.99
5907.93
5907.91
5907.91
5907.94
5907.98
5908.04
5908.11
5908.18
5908.26
5908.35
5908.43
5908.51
5908.59
5908.66
5908.74
5908.8
5908.87
5908.93
5908.98
5909.04
5909.09
5909.14
5909.19
5909.24
5909.29
5909.33
5909.38
5909.42
5909.47
5909.51
5909.55
5909.6
5909.64
5909.68
5909.72
5909.76
5909.8
5909.83
5909.87
5909.91
5909.94
5909.98
5910
6087.28
6087.62
6087.92
6088.17
6088.36
6088.49
6088.57
6088.61
6088.63
6088.61
6088.59
6088.58
6088.59
6088.6
6088.62
6088.64
6088.66
6088.67
6088.67
6088.66
6088.64
6088.62
6088.58
6088.54
6088.49
6088.43
6088.39
6088.34
6088.31
6088.3
6088.32
6088.39
6088.53
6088.77
6089.14
6089.64
6090.22
6090.83
6091.43
5929.22
5908.02
5907.96
5907.93
5907.92
5907.94
5907.98
5908.03
5908.1
5908.17
5908.25
5908.33
5908.42
5908.5
5908.58
5908.65
5908.72
5908.79
5908.86
5908.92
5908.98
5909.03
5909.09
5909.14
5909.19
5909.24
5909.29
5909.33
5909.38
5909.42
5909.47
5909.51
5909.55
5909.6
5909.64
5909.68
5909.72
5909.76
5909.8
5909.83
5909.87
5909.91
5909.94
5909.97
5909.99
6087.26
6087.58
6087.86
6088.09
6088.27
6088.39
6088.48
6088.52
6088.54
6088.53
6088.51
6088.5
6088.51
6088.53
6088.55
6088.57
6088.59
6088.6
6088.6
6088.6
6088.59
6088.56
6088.53
6088.49
6088.45
6088.4
6088.36
6088.32
6088.28
6088.27
6088.29
6088.36
6088.49
6088.74
6089.11
6089.62
6090.22
6090.82
6091.42
5929.03
5908.04
5907.98
5907.94
5907.93
5907.95
5907.98
5908.03
5908.09
5908.17
5908.24
5908.33
5908.41
5908.49
5908.57
5908.64
5908.72
5908.78
5908.85
5908.91
5908.97
5909.03
5909.08
5909.13
5909.19
5909.23
5909.28
5909.33
5909.38
5909.42
5909.47
5909.51
5909.55
5909.6
5909.64
5909.68
5909.72
5909.76
5909.8
5909.84
5909.87
5909.91
5909.94
5909.97
5910
6087.25
6087.54
6087.79
6088
6088.17
6088.29
6088.38
6088.42
6088.44
6088.44
6088.43
6088.42
6088.43
6088.45
6088.47
6088.49
6088.51
6088.53
6088.53
6088.53
6088.53
6088.51
6088.48
6088.45
6088.41
6088.37
6088.33
6088.29
6088.26
6088.25
6088.27
6088.33
6088.47
6088.71
6089.07
6089.56
6090.14
6090.77
6091.41
5928.85
5908.05
5908
5907.97
5907.95
5907.96
5907.99
5908.04
5908.1
5908.17
5908.24
5908.32
5908.4
5908.48
5908.56
5908.64
5908.71
5908.78
5908.84
5908.91
5908.97
5909.02
5909.08
5909.13
5909.18
5909.23
5909.28
5909.33
5909.38
5909.42
5909.47
5909.51
5909.55
5909.6
5909.64
5909.68
5909.72
5909.76
5909.8
5909.84
5909.88
5909.91
5909.94
5909.98
5910
6087.24
6087.5
6087.73
6087.92
6088.08
6088.19
6088.27
6088.32
6088.34
6088.35
6088.34
6088.34
6088.34
6088.36
6088.38
6088.41
6088.43
6088.45
6088.46
6088.46
6088.46
6088.45
6088.43
6088.4
6088.37
6088.33
6088.29
6088.26
6088.23
6088.22
6088.24
6088.31
6088.45
6088.69
6089.06
6089.54
6090.13
6090.76
6091.4
5928.6
5908.08
5908.03
5908
5907.98
5907.99
5908.01
5908.05
5908.11
5908.17
5908.25
5908.32
5908.4
5908.48
5908.56
5908.63
5908.71
5908.77
5908.84
5908.9
5908.96
5909.02
5909.07
5909.13
5909.18
5909.23
5909.28
5909.33
5909.38
5909.42
5909.47
5909.51
5909.56
5909.6
5909.64
5909.68
5909.72
5909.76
5909.8
5909.84
5909.88
5909.91
5909.95
5909.98
5910
6087.22
6087.45
6087.66
6087.84
6087.98
6088.09
6088.16
6088.21
6088.24
6088.24
6088.24
6088.24
6088.25
6088.27
6088.29
6088.31
6088.34
6088.36
6088.37
6088.38
6088.38
6088.38
6088.37
6088.35
6088.32
6088.29
6088.25
6088.23
6088.2
6088.2
6088.22
6088.29
6088.44
6088.69
6089.07
6089.55
6090.13
6090.76
6091.41
5928.28
5908.12
5908.07
5908.04
5908.02
5908.02
5908.04
5908.07
5908.12
5908.18
5908.25
5908.33
5908.4
5908.48
5908.56
5908.63
5908.7
5908.77
5908.84
5908.9
5908.96
5909.02
5909.07
5909.13
5909.18
5909.23
5909.28
5909.33
5909.38
5909.42
5909.47
5909.51
5909.56
5909.6
5909.64
5909.68
5909.73
5909.77
5909.8
5909.84
5909.88
5909.92
5909.95
5910
5910
6087.21
6087.42
6087.6
6087.75
6087.88
6087.98
6088.05
6088.09
6088.13
6088.14
6088.14
6088.14
6088.15
6088.17
6088.19
6088.21
6088.24
6088.26
6088.28
6088.29
6088.3
6088.3
6088.3
6088.28
6088.26
6088.24
6088.21
6088.19
6088.17
6088.18
6088.2
6088.28
6088.44
6088.72
6089.12
6089.63
6090.2
6090.82
6091.45
5924.95
5908.17
5908.12
5908.08
5908.06
5908.06
5908.07
5908.1
5908.14
5908.2
5908.27
5908.34
5908.41
5908.48
5908.56
5908.63
5908.7
5908.77
5908.83
5908.9
5908.96
5909.01
5909.07
5909.12
5909.18
5909.23
5909.28
5909.33
5909.38
5909.43
5909.47
5909.52
5909.56
5909.6
5909.65
5909.69
5909.73
5909.77
5909.81
5909.85
5909.88
5909.92
5909.96
5910
5910
6087.19
6087.37
6087.53
6087.67
6087.78
6087.86
6087.93
6087.97
6088.01
6088.02
6088.03
6088.04
6088.05
6088.07
6088.09
6088.11
6088.13
6088.16
6088.18
6088.19
6088.21
6088.22
6088.22
6088.21
6088.2
6088.18
6088.17
6088.15
6088.14
6088.15
6088.19
6088.28
6088.45
6088.75
6089.17
6089.69
6090.26
6090.86
6091.48
5924.47
5908.23
5908.18
5908.14
5908.11
5908.1
5908.11
5908.13
5908.17
5908.22
5908.28
5908.35
5908.42
5908.49
5908.56
5908.63
5908.7
5908.77
5908.83
5908.89
5908.95
5909.01
5909.07
5909.12
5909.18
5909.23
5909.28
5909.33
5909.38
5909.43
5909.47
5909.52
5909.56
5909.61
5909.65
5909.69
5909.73
5909.77
5909.81
5909.85
5909.89
5909.93
5909.96
5910
5910
6087.18
6087.33
6087.46
6087.58
6087.67
6087.75
6087.81
6087.85
6087.88
6087.9
6087.91
6087.92
6087.94
6087.96
6087.98
6088
6088.03
6088.05
6088.07
6088.09
6088.11
6088.12
6088.13
6088.14
6088.13
6088.13
6088.12
6088.11
6088.12
6088.13
6088.18
6088.29
6088.48
6088.79
6089.21
6089.71
6090.26
6090.85
6091.49
5923.71
5908.3
5908.24
5908.19
5908.17
5908.15
5908.15
5908.17
5908.2
5908.25
5908.3
5908.36
5908.43
5908.5
5908.57
5908.63
5908.7
5908.77
5908.83
5908.89
5908.95
5909.01
5909.07
5909.12
5909.18
5909.23
5909.28
5909.33
5909.38
5909.43
5909.48
5909.52
5909.57
5909.61
5909.65
5909.7
5909.74
5909.78
5909.82
5909.86
5909.89
5909.93
5909.97
5910
5910
6087.16
6087.28
6087.39
6087.49
6087.57
6087.63
6087.68
6087.72
6087.75
6087.78
6087.79
6087.81
6087.83
6087.85
6087.87
6087.89
6087.92
6087.94
6087.97
6087.99
6088.01
6088.03
6088.05
6088.06
6088.07
6088.07
6088.08
6088.08
6088.09
6088.12
6088.18
6088.3
6088.51
6088.83
6089.23
6089.71
6090.23
6090.81
6091.47
5935.08
5908.36
5908.29
5908.26
5908.23
5908.21
5908.2
5908.21
5908.23
5908.27
5908.32
5908.38
5908.44
5908.5
5908.57
5908.64
5908.7
5908.77
5908.83
5908.89
5908.95
5909.01
5909.07
5909.12
5909.18
5909.23
5909.28
5909.34
5909.39
5909.44
5909.48
5909.53
5909.57
5909.62
5909.66
5909.7
5909.74
5909.78
5909.82
5909.86
5909.9
5909.94
5909.98
5910
5910
6087.15
6087.24
6087.33
6087.41
6087.47
6087.52
6087.57
6087.61
6087.63
6087.66
6087.68
6087.7
6087.72
6087.74
6087.76
6087.79
6087.81
6087.84
6087.86
6087.89
6087.92
6087.94
6087.96
6087.98
6088
6088.02
6088.04
6088.05
6088.07
6088.1
6088.18
6088.32
6088.55
6088.87
6089.26
6089.71
6090.21
6090.76
6091.35
6081.78
5908.17
5908.31
5908.32
5908.3
5908.27
5908.25
5908.25
5908.26
5908.29
5908.34
5908.39
5908.45
5908.51
5908.57
5908.64
5908.7
5908.77
5908.83
5908.89
5908.95
5909.01
5909.07
5909.12
5909.18
5909.23
5909.29
5909.34
5909.39
5909.44
5909.49
5909.54
5909.58
5909.62
5909.66
5909.7
5909.75
5909.79
5909.83
5909.87
5909.91
5909.95
5910
5910
5910
6087.13
6087.21
6087.28
6087.34
6087.39
6087.43
6087.47
6087.5
6087.53
6087.55
6087.57
6087.59
6087.61
6087.64
6087.66
6087.68
6087.71
6087.74
6087.77
6087.8
6087.83
6087.86
6087.89
6087.91
6087.95
6087.98
6088
6088.02
6088.05
6088.09
6088.19
6088.35
6088.59
6088.9
6089.28
6089.72
6090.21
6090.74
6091.28
6091.77
5908.07
5908.41
5908.43
5908.38
5908.33
5908.3
5908.29
5908.29
5908.32
5908.35
5908.4
5908.46
5908.52
5908.58
5908.64
5908.71
5908.77
5908.83
5908.89
5908.95
5909.01
5909.07
5909.13
5909.18
5909.24
5909.29
5909.35
5909.4
5909.45
5909.5
5909.55
5909.59
5909.63
5909.67
5909.71
5909.75
5909.79
5909.83
5909.88
5909.92
5909.97
5910
5910
5910
6087.12
6087.2
6087.26
6087.3
6087.34
6087.37
6087.39
6087.41
6087.42
6087.45
6087.47
6087.5
6087.52
6087.55
6087.57
6087.59
6087.62
6087.64
6087.68
6087.72
6087.75
6087.79
6087.71
6074.85
6062.13
6041.79
6029.86
6014.93
6001.79
6002.02
6007.52
6014.86
6019.69
6017
6013
6009.77
6007.3
6004.87
6002.35
6002.53
6001.57
5908.67
5908.59
5908.48
5908.39
5908.34
5908.32
5908.32
5908.33
5908.37
5908.41
5908.46
5908.52
5908.58
5908.65
5908.71
5908.77
5908.83
5908.89
5908.95
5909.01
5909.07
5909.13
5909.18
5909.24
5909.3
5909.35
5909.41
5909.46
5909.51
5909.56
5909.59
5909.63
5909.67
5909.71
5909.75
5909.8
5909.84
5909.89
5909.94
5909.99
5910
5910
5910
5994.82
6001.01
5989.73
5973.08
5949.62
5924.95
5903.82
5878.88
5865.83
5857.84
5846.33
5840.4
5833.19
5822.66
5818.49
5815.61
5816.21
5817.35
5820.02
5820.67
5823.62
5828.59
5835.95
5845.79
5858.87
5870.74
5884.15
5905.27
5920.15
5924.7
5922.95
5925.4
5927.34
5927.28
5928.4
5929.56
5931.04
5931.41
5932.95
5932.05
5934.9
5952.75
5908.67
5908.56
5908.44
5908.37
5908.34
5908.33
5908.3
5908.36
5908.41
5908.47
5908.52
5908.59
5908.64
5908.67
5908.75
5908.83
5908.9
5908.96
5909.02
5909.07
5909.13
5909.19
5909.24
5909.3
5909.35
5909.41
5909.47
5909.53
5909.57
5909.6
5909.64
5909.68
5909.72
5909.76
5909.8
5909.84
5909.89
5909.95
5910
5910
5910
5910
1634.6
1618.34
1623.24
1623.73
1625.43
1625.11
1625.23
1629.6
1634.6
1641.35
1647.42
1652.28
1657.11
1659.13
1660.15
1661.2
1664.38
1665.84
1669.28
1675.94
1676.23
1672.94
1676.98
1681.02
1687.31
1692.63
1694.22
1702.64
1692.98
1686.66
1689.72
1694.05
1695.55
1697.55
1698.96
1700.46
1700.64
1697.6
1693.68
1690.17
1695.89
1678.8
1651.96
1653.43
1652.94
1651.3
1650.03
1649.69
1647.11
1644.16
1639.85
1638.03
1636.73
1636.35
1638.65
1638.07
1635.4
1634.59
1632.87
1631.87
1631.07
1630.7
1631.14
1631.1
1631.23
1629.15
1626.94
1627.35
1624.85
1604.06
1798.31
1905.07
2010.26
2138.34
2270.06
2407.8
2565.88
2719.52
2925.36
3172.88
3373.34
3705.43
5135.57
5591.93
388.36
395.511
393.295
392.299
389.117
385.208
383.01
382.526
383.392
384.574
387.498
388.182
383.656
379.032
373.112
371.289
369.956
370.047
372.712
372.265
366.459
362.443
359.695
354.111
345.119
338.523
331.033
331.008
344.507
348.881
348.439
351.532
348.686
347.39
348.689
349.8
350.751
351.555
352.644
355.687
360.649
370.997
377.313
374.197
373.924
377.598
382.502
388.517
393.366
392.516
390.203
390.144
391.353
393.024
397.95
404.438
407.646
408.859
407.904
405.999
402.878
401.383
403.334
404.36
406.04
409.623
409.677
408.061
408.733
408.163
335.125
269.808
235.61
222.247
215.226
212.528
212.736
210.747
209.645
210.723
210.786
210.849
210.782
210.277
150.191
147.287
147.634
146.129
147.222
148.984
151.464
153.707
156.105
158.809
160.107
160.359
160.897
161.428
161.553
163.366
166.804
170.166
173.969
176.118
177.181
180.041
182.299
185.585
190.667
194.624
198.329
197.784
190.791
189.632
188.702
186.541
187.446
185.748
183.431
181.834
179.544
178.401
176.44
175.347
172.632
169.857
162.314
159.506
159.174
159.566
160.187
160.394
159.296
156.609
152.74
149.598
147.558
146.84
145.776
145.209
144.517
146.235
144.808
143.12
141.78
140.43
139.338
139.929
140.166
140.815
140.103
139.741
141.796
136.402
139.315
143.979
153.618
159.606
164.04
165.095
162.656
161.314
160.923
160.266
159.518
158.678
158.866
157.529
52.3946
54.0899
54.0599
54.9022
54.0269
52.7178
50.5287
48.0778
46.0781
44.6331
43.5983
42.7619
40.8604
39.8817
38.1546
36.6563
35.2366
34.6267
32.939
30.8774
29.7768
29.4465
29.3348
29.1571
28.8193
29.0177
30.507
30.5344
30.5428
30.3817
30.6139
30.8786
31.5017
32.3076
33.1286
33.5889
34.0077
33.6569
34.1264
34.3019
35.2147
35.2237
36.0569
37.566
39.6798
42.527
45.2251
47.0385
48.0959
47.3704
45.2512
43.9788
44.006
46.3493
49.0412
52.5843
51.5624
51.2162
50.5992
50.2045
49.5019
49.3136
50.1449
51.4084
52.8798
52.4651
52.3563
51.9164
49.975
51.861
49.2825
48.5783
48.0742
47.8777
47.5105
47.9148
49.3356
50.943
51.5599
51.6309
51.4977
52.4418
52.6426
53.3068
1.09944
1.09994
1.09992
1.09998
1.1
1.1
1.1
1.09998
1.09992
1.09986
1.09992
1.09998
1.1
1.09993
1.1
1.09998
1.1
1.09997
1.09998
1.09999
1.1
1.1
1.1
1.09987
1.09952
1.09922
1.09941
1.0998
1.09992
1.09999
1.09998
1.1
1.1
1.09996
1.09998
1.09993
1.09989
1.1
1.09997
1.09998
1.09999
1.09993
1.09969
1.09961
1.0997
1.09976
1.09994
1.1
1.09999
1.09993
1.09987
1.09994
1.09981
1.09979
1.09992
1.09995
1.09999
1.09989
1.09987
1.09993
1.09997
1.09994
1.09989
1.09986
1.0999
1.09999
1.1
1.09996
1.09936
1.09999
1.09987
1.09998
1.09969
1.09981
1.1
1.09999
1.09998
1.09999
1.1
1.09997
1.1
1.1
1.09998
1.1
1.09996
1.1
1.1
1.09999
1.09996
1.09994
1.09999
1.1
1.1
1.09999
1.09986
1.09996
1.09993
1.1
1.09995
1.09984
1.09996
1.09997
1.09989
1.1
1.09997
1.09998
1.09998
1.1
1.1
1.09997
1.1
1.1
1.09996
1.1
1.09999
1.1
1.1
1.09995
1.09999
1.09998
1.1
1.09999
1.09999
1.1
1.1
1.09991
1.09975
1.09975
1.09983
1.09972
1.09991
1.09998
1.1
1.09982
1.09987
1.09999
1.09995
1.09981
1.1
1.09988
1.09995
1.09999
1.09996
1.09989
1.1
1.09999
1.09994
1.09995
1.09997
1.09995
1.09995
1.09998
1.09999
1.09976
1.09999
1.1
1.1
1.1
1.1
1.09999
1.1
1.09998
1.09997
1.1
1.1
1.1
1.1
1.1
1.09983
1.09997
1.1
1.1
1.1
1.09998
1.0999
1.09983
1.09989
1.09999
1.1
1.09997
1.09999
1.1
1.09999
1.1
1.1
1.09998
1.09999
1.09999
1.1
1.1
1.1
1.1
1.1
1.1
1.1
1.1
1.09996
1.09996
1.09993
1.09999
1.09999
1.09997
1.09999
1.09999
1.1
1.1
1.09997
1.0998
1.09964
1.09938
1.09954
1.09976
1.09998
1.09999
1.09995
1.09995
1.09999
1.09988
1.09983
1.09981
1.0999
1.09989
1.09999
1.09996
1.09996
1.1
1.09998
1.09996
1.0999
1.09988
1.09988
1.09994
1.1
1.09999
1.09997
1.09999
1.1
1.09998
1.1
1.1
1.1
1.1
1.09998
1.09999
1.1
1.1
1.1
1.1
1.1
1.1
1.1
1.1
1.09995
1.09999
1.1
1.1
1.1
1.1
1.09999
1.09996
1.09995
1.09999
1.09999
1.1
1.09999
1.1
1.1
1.1
1.1
1.09999
1.09999
1.1
1.1
1.1
1.1
1.1
1.1
1.1
1.1
1.1
1.1
1.09999
1.09998
1.09998
1.1
1.09999
1.09999
1.09999
1.1
1.1
1.1
1.09998
1.09994
1.09986
1.09986
1.0999
1.09998
1.1
1.09997
1.09996
1.1
1.09998
1.09996
1.09994
1.09997
1.09996
1.1
1.09999
1.09997
1.09999
1.1
1.09999
1.09998
1.09997
1.09997
1.09998
1.1
1.1
1.09999
1.09999
1.1
1.1
1.1
1.1
1.1
1.1
1.1
1.09999
1.1
1.1
1.1
1.1
1.1
1.1
1.1
1.1
)
;

boundaryField
{
    hot
    {
        type            calculated;
        value           nonuniform List<scalar> 
64
(
6087.1
6087.1
6087.1
6087.1
6087.1
6087.1
6087.1
6087.1
6087.1
6087.1
6087.1
6087.1
6087.1
6087.1
6087.1
6087.1
6087.1
6087.1
6087.1
6087.1
6087.1
6087.1
6087.1
6087.1
6087.1
6087.1
6087.1
6087.1
6087.1
6087.1
6087.1
6087.1
6087.1
6087.1
6087.1
6087.1
6087.1
6087.1
6087.1
6087.1
6087.1
6087.1
6087.1
6087.1
6087.1
6087.1
6087.1
6087.1
6087.1
6087.1
6087.1
6087.1
6087.1
6087.1
6087.1
6087.1
6087.1
6087.1
6087.1
6087.1
6087.1
6087.1
5994.76
1634.59
)
;
    }
    hotTop
    {
        type            calculated;
        value           nonuniform List<scalar> 7(388.359 150.191 52.3944 4.17784 1.09996 1.09983 1.09995);
    }
    cold
    {
        type            calculated;
        value           nonuniform List<scalar> 
64
(
5910
5910
5910
5910
5910
5910
5910
5910
5910
5910
5910
5910
5910
5910
5910
5910
5910
5910
5910
5910
5910
5910
5910
5910
5910
5910
5910
5910
5910
5910
5910
5910
5910
5909.99
5909.99
5909.98
5909.98
5909.97
5909.97
5909.98
5910
5910
5910
5910
5910
5910
5910
5910
5910
5910
5909.99
5909.98
5910
5910
5910
5910
5910
5910
5910
5910
5910
5910
5910
5592.31
)
;
    }
    coldTop
    {
        type            calculated;
        value           nonuniform List<scalar> 7(210.277 157.529 53.3068 1.1 1.1 1.1 1.1);
    }
    top
    {
        type            calculated;
        value           nonuniform List<scalar> 
84
(
1.09995
1.09999
1.1
1.1
1.1
1.1
1.09999
1.09996
1.09995
1.09999
1.09999
1.1
1.09999
1.1
1.1
1.1
1.1
1.09999
1.09999
1.1
1.1
1.1
1.1
1.1
1.1
1.1
1.1
1.1
1.1
1.09999
1.09998
1.09998
1.1
1.09999
1.09999
1.09999
1.1
1.1
1.1
1.09998
1.09994
1.09986
1.09986
1.0999
1.09998
1.1
1.09997
1.09996
1.1
1.09998
1.09996
1.09994
1.09997
1.09996
1.1
1.09999
1.09997
1.09999
1.1
1.09999
1.09998
1.09997
1.09997
1.09998
1.1
1.1
1.09999
1.09999
1.1
1.1
1.1
1.1
1.1
1.1
1.1
1.09999
1.1
1.1
1.1
1.1
1.1
1.1
1.1
1.1
)
;
    }
    btm
    {
        type            calculated;
        value           nonuniform List<scalar> 
84
(
6087.43
6088.07
6088.62
6089.04
6089.36
6089.61
6089.8
6089.97
6090.13
6090.27
6090.41
6090.55
6090.69
6090.83
6090.96
6091.08
6091.19
6091.29
6091.39
5910.09
5910.08
5910.08
5910.07
5910.07
5910.07
5910.06
5910.06
5910.06
5910.05
5910.05
5910.05
5910.05
5910.05
5910.04
5910.04
5910.04
5910.04
5910.04
5910.04
5910.04
5910.04
5910.03
5910.03
5910.03
5910.03
5910.03
5910.03
5910.03
5910.03
5910.03
5910.03
5910.03
5910.03
5910.03
5910.02
5910.02
5910.02
5910.02
5910.02
5910.02
5910.02
5910.02
5910.02
5910.02
5910.02
5910.02
5910.01
5910.01
5910.01
5910.01
5910.01
5910.01
5910.01
5910.01
5910.01
5910.01
5910.01
5910
5910
5910
5910
5910
5910
5910
)
;
    }
    frontAndBack
    {
        type            empty;
    }
}


// ************************************************************************* //
