/*--------------------------------*- C++ -*----------------------------------*\
  =========                 |
  \\      /  F ield         | OpenFOAM: The Open Source CFD Toolbox
   \\    /   O peration     | Website:  https://openfoam.org
    \\  /    A nd           | Version:  6
     \\/     M anipulation  |
\*---------------------------------------------------------------------------*/
FoamFile
{
    version     2.0;
    format      ascii;
    class       volScalarField;
    location    "660";
    object      stFactor;
}
// * * * * * * * * * * * * * * * * * * * * * * * * * * * * * * * * * * * * * //

dimensions      [0 0 0 0 0 0 0];

internalField   nonuniform List<scalar> 
5964
(
1.01432
1.01443
1.01452
1.01459
1.01464
1.01468
1.01471
1.01474
1.01477
1.01479
1.01482
1.01484
1.01486
1.01488
1.01491
1.01493
1.01494
1.01496
1.01498
0.984256
0.984286
0.984315
0.984342
0.984367
0.984389
0.984409
0.984428
0.984444
0.984459
0.984472
0.984484
0.984495
0.984504
0.984513
0.984521
0.984529
0.984536
0.984542
0.984548
0.984554
0.984559
0.984564
0.984569
0.984574
0.984578
0.984583
0.984587
0.984592
0.984596
0.9846
0.984605
0.984609
0.984613
0.984617
0.984622
0.984626
0.98463
0.984634
0.984639
0.984643
0.984648
0.984652
0.984657
0.984661
0.984666
0.98467
0.984675
0.98468
0.984684
0.984689
0.984694
0.984699
0.984703
0.984708
0.984713
0.984718
0.984723
0.984728
0.984733
0.984737
0.984742
0.984747
0.984751
0.984754
1.01432
1.01443
1.01451
1.01458
1.01464
1.01468
1.01471
1.01474
1.01476
1.01479
1.01481
1.01483
1.01486
1.01488
1.0149
1.01492
1.01494
1.01496
1.01498
0.984256
0.984287
0.984316
0.984343
0.984368
0.98439
0.98441
0.984428
0.984445
0.98446
0.984473
0.984485
0.984495
0.984505
0.984514
0.984522
0.984529
0.984536
0.984542
0.984548
0.984554
0.984559
0.984564
0.984569
0.984574
0.984579
0.984583
0.984587
0.984592
0.984596
0.9846
0.984605
0.984609
0.984613
0.984617
0.984622
0.984626
0.98463
0.984634
0.984639
0.984643
0.984648
0.984652
0.984657
0.984661
0.984666
0.98467
0.984675
0.98468
0.984684
0.984689
0.984694
0.984699
0.984703
0.984708
0.984713
0.984718
0.984723
0.984728
0.984733
0.984737
0.984742
0.984747
0.984751
0.984754
1.01432
1.01442
1.01451
1.01458
1.01463
1.01467
1.0147
1.01473
1.01475
1.01478
1.0148
1.01483
1.01485
1.01487
1.0149
1.01492
1.01494
1.01496
1.01498
0.984256
0.984288
0.984318
0.984345
0.98437
0.984392
0.984412
0.98443
0.984446
0.984461
0.984474
0.984486
0.984496
0.984506
0.984515
0.984522
0.98453
0.984537
0.984543
0.984549
0.984554
0.98456
0.984565
0.984569
0.984574
0.984579
0.984583
0.984588
0.984592
0.984596
0.9846
0.984605
0.984609
0.984613
0.984617
0.984621
0.984626
0.98463
0.984634
0.984639
0.984643
0.984648
0.984652
0.984656
0.984661
0.984666
0.98467
0.984675
0.98468
0.984684
0.984689
0.984694
0.984699
0.984703
0.984708
0.984713
0.984718
0.984723
0.984728
0.984733
0.984737
0.984742
0.984747
0.984753
0.984754
1.01432
1.01442
1.0145
1.01457
1.01462
1.01466
1.01469
1.01472
1.01474
1.01477
1.01479
1.01482
1.01484
1.01486
1.01489
1.01491
1.01494
1.01496
1.01498
0.984257
0.98429
0.98432
0.984348
0.984373
0.984395
0.984415
0.984433
0.984449
0.984463
0.984476
0.984488
0.984498
0.984507
0.984516
0.984524
0.984531
0.984537
0.984544
0.984549
0.984555
0.98456
0.984565
0.98457
0.984574
0.984579
0.984583
0.984588
0.984592
0.984596
0.9846
0.984605
0.984609
0.984613
0.984617
0.984621
0.984626
0.98463
0.984634
0.984639
0.984643
0.984647
0.984652
0.984656
0.984661
0.984665
0.98467
0.984675
0.984679
0.984684
0.984689
0.984694
0.984698
0.984703
0.984708
0.984713
0.984718
0.984723
0.984728
0.984733
0.984737
0.984742
0.984748
0.984754
0.984754
1.01431
1.01441
1.0145
1.01456
1.01461
1.01465
1.01468
1.01471
1.01473
1.01476
1.01478
1.01481
1.01483
1.01486
1.01488
1.01491
1.01493
1.01496
1.01498
0.98426
0.984294
0.984325
0.984352
0.984377
0.984399
0.984419
0.984437
0.984452
0.984466
0.984479
0.98449
0.9845
0.984509
0.984518
0.984525
0.984532
0.984539
0.984545
0.98455
0.984556
0.984561
0.984566
0.98457
0.984575
0.984579
0.984584
0.984588
0.984592
0.984596
0.984601
0.984605
0.984609
0.984613
0.984617
0.984621
0.984626
0.98463
0.984634
0.984639
0.984643
0.984647
0.984652
0.984656
0.984661
0.984665
0.98467
0.984675
0.984679
0.984684
0.984689
0.984694
0.984698
0.984703
0.984708
0.984713
0.984718
0.984723
0.984728
0.984733
0.984738
0.984742
0.984747
0.984753
0.984754
1.01431
1.01441
1.01449
1.01455
1.0146
1.01464
1.01467
1.01469
1.01472
1.01475
1.01477
1.0148
1.01483
1.01485
1.01488
1.01491
1.01493
1.01496
1.01498
0.984266
0.9843
0.984331
0.984359
0.984383
0.984405
0.984424
0.984441
0.984457
0.98447
0.984482
0.984493
0.984503
0.984512
0.98452
0.984527
0.984534
0.98454
0.984546
0.984551
0.984557
0.984562
0.984566
0.984571
0.984575
0.98458
0.984584
0.984588
0.984592
0.984597
0.984601
0.984605
0.984609
0.984613
0.984617
0.984621
0.984626
0.98463
0.984634
0.984638
0.984643
0.984647
0.984652
0.984656
0.984661
0.984665
0.98467
0.984675
0.984679
0.984684
0.984689
0.984693
0.984698
0.984703
0.984708
0.984713
0.984718
0.984723
0.984728
0.984733
0.984738
0.984742
0.984747
0.984752
0.984754
1.01431
1.0144
1.01448
1.01454
1.01458
1.01462
1.01465
1.01468
1.0147
1.01473
1.01476
1.01479
1.01482
1.01485
1.01488
1.01491
1.01493
1.01496
1.01498
0.984274
0.984309
0.98434
0.984367
0.984391
0.984412
0.984431
0.984447
0.984462
0.984475
0.984486
0.984497
0.984506
0.984515
0.984522
0.984529
0.984536
0.984542
0.984547
0.984553
0.984558
0.984563
0.984567
0.984572
0.984576
0.98458
0.984584
0.984589
0.984593
0.984597
0.984601
0.984605
0.984609
0.984613
0.984617
0.984621
0.984625
0.98463
0.984634
0.984638
0.984643
0.984647
0.984651
0.984656
0.984661
0.984665
0.98467
0.984674
0.984679
0.984684
0.984689
0.984693
0.984698
0.984703
0.984708
0.984713
0.984718
0.984723
0.984728
0.984733
0.984738
0.984742
0.984747
0.984751
0.984754
1.01431
1.01439
1.01446
1.01452
1.01457
1.0146
1.01463
1.01466
1.01469
1.01472
1.01475
1.01478
1.01482
1.01485
1.01488
1.01491
1.01494
1.01497
1.01499
0.984286
0.984321
0.984352
0.984378
0.984401
0.984422
0.984439
0.984455
0.984468
0.984481
0.984491
0.984501
0.98451
0.984518
0.984525
0.984532
0.984538
0.984544
0.984549
0.984554
0.984559
0.984564
0.984568
0.984573
0.984577
0.984581
0.984585
0.984589
0.984593
0.984597
0.984601
0.984605
0.984609
0.984613
0.984617
0.984621
0.984625
0.98463
0.984634
0.984638
0.984642
0.984647
0.984651
0.984656
0.98466
0.984665
0.98467
0.984674
0.984679
0.984684
0.984688
0.984693
0.984698
0.984703
0.984708
0.984713
0.984718
0.984723
0.984727
0.984732
0.984737
0.984742
0.984747
0.984752
0.984754
1.0143
1.01438
1.01445
1.01451
1.01455
1.01458
1.01461
1.01465
1.01468
1.01471
1.01475
1.01478
1.01481
1.01485
1.01488
1.01491
1.01494
1.01497
1.015
0.984302
0.984337
0.984367
0.984392
0.984414
0.984433
0.984449
0.984463
0.984476
0.984487
0.984497
0.984506
0.984514
0.984522
0.984529
0.984535
0.984541
0.984546
0.984551
0.984556
0.984561
0.984565
0.984569
0.984573
0.984577
0.984581
0.984585
0.984589
0.984593
0.984597
0.984601
0.984605
0.984609
0.984613
0.984617
0.984621
0.984625
0.984629
0.984634
0.984638
0.984642
0.984647
0.984651
0.984656
0.98466
0.984665
0.984669
0.984674
0.984679
0.984683
0.984688
0.984693
0.984698
0.984703
0.984708
0.984713
0.984717
0.984722
0.984727
0.984732
0.984737
0.984743
0.984748
0.984753
0.984754
1.0143
1.01437
1.01444
1.01449
1.01453
1.01457
1.0146
1.01463
1.01467
1.0147
1.01474
1.01478
1.01481
1.01485
1.01488
1.01492
1.01495
1.01498
1.01501
0.984323
0.984358
0.984386
0.98441
0.984429
0.984446
0.984461
0.984473
0.984485
0.984495
0.984504
0.984512
0.984519
0.984526
0.984532
0.984538
0.984544
0.984549
0.984553
0.984558
0.984562
0.984566
0.98457
0.984574
0.984578
0.984582
0.984586
0.98459
0.984594
0.984597
0.984601
0.984605
0.984609
0.984613
0.984617
0.984621
0.984625
0.984629
0.984633
0.984638
0.984642
0.984646
0.984651
0.984655
0.98466
0.984664
0.984669
0.984674
0.984678
0.984683
0.984688
0.984693
0.984698
0.984703
0.984707
0.984712
0.984717
0.984722
0.984727
0.984732
0.984737
0.984743
0.984748
0.984754
0.984754
1.0143
1.01437
1.01442
1.01447
1.01451
1.01455
1.01458
1.01462
1.01466
1.0147
1.01474
1.01478
1.01482
1.01485
1.01489
1.01492
1.01496
1.01499
1.01502
0.984351
0.984385
0.98441
0.98443
0.984447
0.984461
0.984474
0.984485
0.984494
0.984503
0.984511
0.984518
0.984525
0.984531
0.984537
0.984542
0.984547
0.984551
0.984556
0.98456
0.984564
0.984568
0.984572
0.984575
0.984579
0.984583
0.984586
0.98459
0.984594
0.984598
0.984601
0.984605
0.984609
0.984613
0.984617
0.984621
0.984625
0.984629
0.984633
0.984637
0.984642
0.984646
0.984651
0.984655
0.98466
0.984664
0.984669
0.984673
0.984678
0.984683
0.984688
0.984693
0.984697
0.984702
0.984707
0.984712
0.984717
0.984722
0.984727
0.984732
0.984737
0.984743
0.984748
0.984754
0.984754
1.0143
1.01436
1.01441
1.01446
1.0145
1.01454
1.01458
1.01462
1.01466
1.0147
1.01474
1.01478
1.01482
1.01486
1.0149
1.01493
1.01497
1.015
1.01504
0.984388
0.984419
0.984439
0.984455
0.984468
0.984479
0.984489
0.984497
0.984505
0.984512
0.984519
0.984525
0.984531
0.984536
0.984541
0.984546
0.98455
0.984554
0.984558
0.984562
0.984566
0.984569
0.984573
0.984576
0.98458
0.984583
0.984587
0.984591
0.984594
0.984598
0.984601
0.984605
0.984609
0.984613
0.984617
0.984621
0.984625
0.984629
0.984633
0.984637
0.984641
0.984646
0.98465
0.984655
0.984659
0.984664
0.984668
0.984673
0.984678
0.984683
0.984687
0.984692
0.984697
0.984702
0.984707
0.984712
0.984717
0.984722
0.984727
0.984732
0.984737
0.984743
0.984748
0.984754
0.984754
1.01429
1.01435
1.0144
1.01445
1.01449
1.01454
1.01458
1.01462
1.01466
1.01471
1.01475
1.01479
1.01483
1.01487
1.0149
1.01494
1.01498
1.01502
1.01505
0.984444
0.984461
0.984472
0.984482
0.98449
0.984498
0.984505
0.984511
0.984517
0.984523
0.984528
0.984533
0.984537
0.984542
0.984546
0.98455
0.984554
0.984557
0.984561
0.984564
0.984568
0.984571
0.984574
0.984578
0.984581
0.984584
0.984588
0.984591
0.984594
0.984598
0.984601
0.984605
0.984609
0.984612
0.984616
0.98462
0.984624
0.984628
0.984632
0.984637
0.984641
0.984645
0.98465
0.984654
0.984659
0.984663
0.984668
0.984673
0.984678
0.984682
0.984687
0.984692
0.984697
0.984702
0.984707
0.984712
0.984717
0.984722
0.984727
0.984732
0.984737
0.984743
0.984748
0.984754
0.984754
1.01429
1.01435
1.0144
1.01445
1.01449
1.01454
1.01459
1.01463
1.01467
1.01472
1.01476
1.0148
1.01484
1.01487
1.01491
1.01495
1.01499
1.01503
1.01507
0.987467
0.984511
0.984508
0.984511
0.984515
0.984519
0.984522
0.984526
0.98453
0.984533
0.984537
0.984541
0.984544
0.984548
0.984551
0.984554
0.984557
0.98456
0.984564
0.984567
0.98457
0.984573
0.984576
0.984579
0.984582
0.984585
0.984588
0.984591
0.984595
0.984598
0.984601
0.984605
0.984609
0.984612
0.984616
0.98462
0.984624
0.984628
0.984632
0.984636
0.984641
0.984645
0.984649
0.984654
0.984658
0.984663
0.984668
0.984672
0.984677
0.984682
0.984687
0.984692
0.984697
0.984702
0.984707
0.984712
0.984717
0.984722
0.984727
0.984732
0.984737
0.984742
0.984748
0.984753
0.984754
1.01429
1.01434
1.0144
1.01445
1.0145
1.01455
1.0146
1.01465
1.01469
1.01474
1.01478
1.01481
1.01485
1.01488
1.01492
1.01496
1.01499
1.01503
1.01508
1.01244
0.984534
0.984539
0.98454
0.98454
0.98454
0.984541
0.984541
0.984543
0.984545
0.984547
0.984549
0.984551
0.984554
0.984556
0.984559
0.984561
0.984564
0.984566
0.984569
0.984571
0.984574
0.984577
0.98458
0.984582
0.984585
0.984588
0.984591
0.984595
0.984598
0.984601
0.984605
0.984608
0.984612
0.984616
0.984619
0.984623
0.984627
0.984632
0.984636
0.98464
0.984644
0.984649
0.984653
0.984658
0.984663
0.984667
0.984672
0.984677
0.984682
0.984686
0.984691
0.984696
0.984701
0.984706
0.984711
0.984716
0.984722
0.984727
0.984732
0.984737
0.984742
0.984747
0.984752
0.984754
1.01429
1.01434
1.0144
1.01445
1.01451
1.01457
1.01462
1.01467
1.01472
1.01476
1.0148
1.01483
1.01486
1.0149
1.01493
1.01496
1.015
1.01504
1.01508
1.01512
0.984568
0.984574
0.984571
0.984566
0.984562
0.984559
0.984558
0.984557
0.984557
0.984557
0.984558
0.984559
0.98456
0.984562
0.984563
0.984565
0.984567
0.984569
0.984571
0.984573
0.984576
0.984578
0.984581
0.984583
0.984586
0.984589
0.984592
0.984595
0.984598
0.984601
0.984604
0.984608
0.984611
0.984615
0.984619
0.984623
0.984627
0.984631
0.984635
0.98464
0.984644
0.984648
0.984653
0.984657
0.984662
0.984667
0.984672
0.984676
0.984681
0.984686
0.984691
0.984696
0.984701
0.984706
0.984711
0.984716
0.984721
0.984727
0.984732
0.984737
0.984742
0.984747
0.984751
0.984754
1.01429
1.01434
1.0144
1.01446
1.01452
1.01459
1.01465
1.0147
1.01474
1.01478
1.01482
1.01485
1.01488
1.01491
1.01494
1.01497
1.015
1.01504
1.01508
1.01513
0.999803
0.984618
0.984604
0.984593
0.984585
0.984578
0.984574
0.984571
0.984569
0.984567
0.984567
0.984566
0.984567
0.984567
0.984568
0.984569
0.98457
0.984572
0.984573
0.984575
0.984577
0.984579
0.984581
0.984584
0.984586
0.984589
0.984592
0.984595
0.984598
0.984601
0.984604
0.984607
0.984611
0.984615
0.984618
0.984622
0.984626
0.98463
0.984635
0.984639
0.984643
0.984648
0.984652
0.984657
0.984662
0.984666
0.984671
0.984676
0.984681
0.984686
0.984691
0.984696
0.984701
0.984706
0.984711
0.984716
0.984721
0.984726
0.984732
0.984737
0.984742
0.984747
0.984752
0.984754
1.01429
1.01435
1.0144
1.01447
1.01454
1.01461
1.01467
1.01472
1.01477
1.0148
1.01484
1.01487
1.01489
1.01492
1.01494
1.01497
1.015
1.01504
1.01508
1.01512
1.0139
0.984647
0.984634
0.984619
0.984607
0.984597
0.98459
0.984585
0.984581
0.984578
0.984576
0.984574
0.984573
0.984573
0.984573
0.984573
0.984574
0.984575
0.984576
0.984577
0.984579
0.98458
0.984582
0.984584
0.984587
0.984589
0.984592
0.984594
0.984597
0.9846
0.984604
0.984607
0.98461
0.984614
0.984618
0.984622
0.984626
0.98463
0.984634
0.984638
0.984643
0.984647
0.984652
0.984656
0.984661
0.984666
0.984671
0.984675
0.98468
0.984685
0.98469
0.984695
0.9847
0.984705
0.984711
0.984716
0.984721
0.984726
0.984731
0.984737
0.984742
0.984747
0.984752
0.984754
1.01429
1.01435
1.01441
1.01448
1.01456
1.01463
1.0147
1.01475
1.01479
1.01483
1.01486
1.01488
1.01491
1.01493
1.01495
1.01498
1.01501
1.01504
1.01507
1.01512
1.01512
0.988625
0.984668
0.984643
0.984627
0.984615
0.984607
0.9846
0.984594
0.98459
0.984586
0.984582
0.98458
0.984578
0.984577
0.984577
0.984577
0.984577
0.984578
0.984579
0.98458
0.984581
0.984583
0.984585
0.984587
0.984589
0.984591
0.984594
0.984597
0.9846
0.984603
0.984606
0.98461
0.984613
0.984617
0.984621
0.984625
0.984629
0.984633
0.984637
0.984642
0.984646
0.984651
0.984656
0.98466
0.984665
0.98467
0.984675
0.98468
0.984685
0.98469
0.984695
0.9847
0.984705
0.98471
0.984715
0.984721
0.984726
0.984731
0.984736
0.984742
0.984747
0.984752
0.984754
1.01429
1.01436
1.01443
1.0145
1.01458
1.01466
1.01472
1.01478
1.01482
1.01485
1.01488
1.0149
1.01492
1.01494
1.01496
1.01498
1.01501
1.01504
1.01507
1.01511
1.01515
1.01339
0.984667
0.984662
0.984646
0.984632
0.984623
0.984615
0.984608
0.984601
0.984595
0.984591
0.984587
0.984584
0.984582
0.984581
0.98458
0.984579
0.984579
0.98458
0.984581
0.984582
0.984583
0.984585
0.984587
0.984589
0.984591
0.984593
0.984596
0.984599
0.984602
0.984605
0.984609
0.984612
0.984616
0.98462
0.984624
0.984628
0.984632
0.984637
0.984641
0.984646
0.98465
0.984655
0.98466
0.984664
0.984669
0.984674
0.984679
0.984684
0.984689
0.984694
0.9847
0.984705
0.98471
0.984715
0.98472
0.984726
0.984731
0.984736
0.984741
0.984747
0.984751
0.984754
1.0143
1.01437
1.01445
1.01453
1.01461
1.01469
1.01475
1.0148
1.01484
1.01487
1.01489
1.01491
1.01493
1.01495
1.01497
1.01499
1.01501
1.01503
1.01506
1.01509
1.01513
1.01499
1.00277
0.984689
0.984662
0.984646
0.984639
0.984631
0.984622
0.984614
0.984606
0.984599
0.984593
0.984589
0.984586
0.984584
0.984582
0.984581
0.984581
0.984581
0.984581
0.984582
0.984583
0.984585
0.984586
0.984588
0.98459
0.984593
0.984595
0.984598
0.984601
0.984604
0.984608
0.984611
0.984615
0.984619
0.984623
0.984627
0.984631
0.984636
0.98464
0.984645
0.984649
0.984654
0.984659
0.984664
0.984669
0.984674
0.984679
0.984684
0.984689
0.984694
0.984699
0.984704
0.98471
0.984715
0.98472
0.984725
0.984731
0.984736
0.984741
0.984747
0.984751
0.984754
1.01431
1.01439
1.01448
1.01457
1.01466
1.01473
1.01479
1.01483
1.01486
1.01489
1.01491
1.01493
1.01494
1.01496
1.01497
1.01499
1.015
1.01503
1.01505
1.01507
1.01511
1.01514
1.01416
0.988282
0.984667
0.984652
0.984656
0.984648
0.984638
0.984627
0.984616
0.984607
0.9846
0.984594
0.98459
0.984587
0.984584
0.984583
0.984582
0.984582
0.984582
0.984582
0.984583
0.984584
0.984586
0.984587
0.984589
0.984592
0.984594
0.984597
0.9846
0.984603
0.984607
0.98461
0.984614
0.984618
0.984622
0.984626
0.98463
0.984635
0.984639
0.984644
0.984649
0.984653
0.984658
0.984663
0.984668
0.984673
0.984678
0.984683
0.984688
0.984694
0.984699
0.984704
0.984709
0.984715
0.98472
0.984725
0.98473
0.984736
0.984741
0.984747
0.984752
0.984754
1.01431
1.01442
1.01452
1.01462
1.0147
1.01477
1.01482
1.01485
1.01488
1.0149
1.01491
1.01493
1.01494
1.01495
1.01496
1.01497
1.01499
1.01501
1.01502
1.01504
1.01507
1.0151
1.01513
1.01366
1.00103
0.984641
0.984681
0.984666
0.984657
0.984641
0.984627
0.984615
0.984605
0.984598
0.984593
0.984589
0.984586
0.984584
0.984583
0.984582
0.984582
0.984582
0.984582
0.984583
0.984585
0.984586
0.984588
0.984591
0.984593
0.984596
0.984599
0.984602
0.984605
0.984609
0.984613
0.984617
0.984621
0.984625
0.984629
0.984634
0.984638
0.984643
0.984648
0.984652
0.984657
0.984662
0.984667
0.984672
0.984677
0.984683
0.984688
0.984693
0.984698
0.984704
0.984709
0.984714
0.98472
0.984725
0.98473
0.984736
0.984741
0.984747
0.984752
0.984754
1.01432
1.01444
1.01456
1.01466
1.01473
1.0148
1.01484
1.01487
1.01489
1.0149
1.01491
1.01492
1.01492
1.01493
1.01494
1.01495
1.01496
1.01497
1.01499
1.01501
1.01503
1.01505
1.01507
1.0151
1.01513
1.01517
0.995851
0.984677
0.984681
0.984654
0.984636
0.984621
0.98461
0.984601
0.984595
0.98459
0.984587
0.984584
0.984583
0.984582
0.984581
0.984581
0.984581
0.984582
0.984583
0.984585
0.984587
0.984589
0.984592
0.984594
0.984597
0.984601
0.984604
0.984608
0.984611
0.984615
0.98462
0.984624
0.984628
0.984633
0.984637
0.984642
0.984647
0.984652
0.984657
0.984662
0.984667
0.984672
0.984677
0.984682
0.984687
0.984693
0.984698
0.984703
0.984709
0.984714
0.984719
0.984725
0.98473
0.984735
0.984741
0.984746
0.984751
0.984754
1.01433
1.01446
1.01459
1.01469
1.01476
1.01482
1.01485
1.01487
1.01489
1.01489
1.0149
1.0149
1.01491
1.01491
1.01491
1.01492
1.01493
1.01494
1.01495
1.01496
1.01498
1.01499
1.01502
1.01505
1.01508
1.015
1.01405
1.01518
0.986528
0.984659
0.984642
0.984625
0.984612
0.984602
0.984595
0.98459
0.984587
0.984584
0.984582
0.984581
0.98458
0.98458
0.98458
0.984581
0.984582
0.984583
0.984585
0.984587
0.98459
0.984593
0.984596
0.984599
0.984602
0.984606
0.98461
0.984614
0.984618
0.984622
0.984627
0.984631
0.984636
0.984641
0.984646
0.984651
0.984656
0.984661
0.984666
0.984671
0.984676
0.984681
0.984687
0.984692
0.984697
0.984703
0.984708
0.984714
0.984719
0.984724
0.98473
0.984735
0.984741
0.984746
0.984751
0.984754
1.01433
1.01447
1.0146
1.01471
1.01478
1.01483
1.01485
1.01487
1.01488
1.01488
1.01488
1.01488
1.01488
1.01488
1.01488
1.01489
1.01489
1.0149
1.0149
1.01491
1.01493
1.01494
1.01496
1.01499
1.01502
1.01505
1.01509
1.01502
1.01333
0.984127
0.984647
0.984626
0.984611
0.984601
0.984594
0.984589
0.984585
0.984582
0.98458
0.984579
0.984578
0.984578
0.984578
0.984578
0.98458
0.984581
0.984583
0.984585
0.984588
0.984591
0.984594
0.984597
0.984601
0.984604
0.984608
0.984612
0.984617
0.984621
0.984625
0.98463
0.984635
0.98464
0.984645
0.98465
0.984655
0.98466
0.984665
0.98467
0.984675
0.984681
0.984686
0.984691
0.984697
0.984702
0.984708
0.984713
0.984719
0.984724
0.984729
0.984735
0.98474
0.984746
0.984751
0.984754
1.01434
1.01449
1.01462
1.01472
1.01479
1.01483
1.01485
1.01486
1.01487
1.01487
1.01487
1.01486
1.01486
1.01486
1.01485
1.01485
1.01485
1.01486
1.01486
1.01487
1.01488
1.01489
1.01491
1.01493
1.01496
1.01499
1.01503
1.01507
1.01511
1.01481
0.990021
0.984623
0.984604
0.984597
0.984591
0.984587
0.984583
0.98458
0.984578
0.984576
0.984575
0.984575
0.984575
0.984576
0.984577
0.984578
0.98458
0.984583
0.984585
0.984588
0.984591
0.984595
0.984598
0.984602
0.984606
0.984611
0.984615
0.984619
0.984624
0.984629
0.984634
0.984638
0.984643
0.984648
0.984654
0.984659
0.984664
0.984669
0.984675
0.98468
0.984685
0.984691
0.984696
0.984702
0.984707
0.984713
0.984718
0.984724
0.984729
0.984735
0.98474
0.984746
0.984752
0.984754
1.01434
1.01449
1.01462
1.01472
1.01479
1.01483
1.01485
1.01485
1.01485
1.01485
1.01485
1.01484
1.01484
1.01483
1.01483
1.01482
1.01482
1.01482
1.01482
1.01483
1.01483
1.01484
1.01486
1.01488
1.0149
1.01493
1.01497
1.01501
1.01505
1.01509
1.01353
0.984162
0.984587
0.98459
0.984587
0.984583
0.984579
0.984576
0.984574
0.984572
0.984572
0.984571
0.984572
0.984572
0.984574
0.984575
0.984577
0.98458
0.984582
0.984586
0.984589
0.984592
0.984596
0.9846
0.984604
0.984609
0.984613
0.984618
0.984622
0.984627
0.984632
0.984637
0.984642
0.984647
0.984653
0.984658
0.984663
0.984669
0.984674
0.984679
0.984685
0.98469
0.984696
0.984701
0.984707
0.984712
0.984718
0.984724
0.984729
0.984735
0.98474
0.984746
0.984751
0.984754
1.01435
1.0145
1.01463
1.01473
1.01479
1.01482
1.01484
1.01484
1.01484
1.01483
1.01483
1.01482
1.01482
1.01481
1.0148
1.0148
1.0148
1.01479
1.01479
1.01479
1.0148
1.0148
1.01481
1.01483
1.01485
1.01488
1.01491
1.01495
1.01499
1.01504
1.01509
1.01371
0.984576
0.984586
0.984582
0.984577
0.984574
0.984571
0.984569
0.984568
0.984567
0.984567
0.984568
0.984568
0.98457
0.984572
0.984574
0.984576
0.984579
0.984582
0.984586
0.98459
0.984594
0.984598
0.984602
0.984607
0.984611
0.984616
0.984621
0.984626
0.984631
0.984636
0.984641
0.984646
0.984651
0.984657
0.984662
0.984668
0.984673
0.984679
0.984684
0.98469
0.984695
0.984701
0.984706
0.984712
0.984718
0.984723
0.984729
0.984735
0.98474
0.984746
0.984751
0.984754
1.01435
1.0145
1.01463
1.01473
1.01478
1.01481
1.01482
1.01483
1.01482
1.01482
1.01481
1.0148
1.0148
1.01479
1.01478
1.01478
1.01477
1.01477
1.01477
1.01477
1.01477
1.01477
1.01478
1.01479
1.0148
1.01483
1.01486
1.0149
1.01494
1.01499
1.01504
1.0151
1.00379
0.984588
0.984576
0.98457
0.984566
0.984564
0.984562
0.984562
0.984562
0.984562
0.984563
0.984564
0.984565
0.984567
0.98457
0.984573
0.984576
0.984579
0.984583
0.984587
0.984591
0.984595
0.9846
0.984604
0.984609
0.984614
0.984619
0.984624
0.984629
0.984634
0.98464
0.984645
0.98465
0.984656
0.984661
0.984667
0.984672
0.984678
0.984683
0.984689
0.984695
0.9847
0.984706
0.984712
0.984717
0.984723
0.984729
0.984735
0.98474
0.984746
0.984751
0.984753
1.01435
1.0145
1.01463
1.01472
1.01477
1.0148
1.01481
1.01481
1.01481
1.0148
1.01479
1.01479
1.01478
1.01477
1.01477
1.01476
1.01476
1.01475
1.01475
1.01474
1.01474
1.01474
1.01474
1.01475
1.01476
1.01478
1.01481
1.01485
1.01489
1.01494
1.01499
1.01505
1.01447
0.984504
0.984563
0.98456
0.984557
0.984555
0.984555
0.984555
0.984555
0.984556
0.984557
0.984558
0.98456
0.984563
0.984565
0.984568
0.984572
0.984575
0.984579
0.984583
0.984588
0.984592
0.984597
0.984602
0.984607
0.984612
0.984617
0.984622
0.984627
0.984633
0.984638
0.984644
0.984649
0.984655
0.98466
0.984666
0.984671
0.984677
0.984683
0.984688
0.984694
0.9847
0.984706
0.984711
0.984717
0.984723
0.984729
0.984735
0.98474
0.984746
0.984751
0.984754
1.01434
1.01449
1.01462
1.01471
1.01476
1.01479
1.0148
1.0148
1.01479
1.01479
1.01478
1.01477
1.01476
1.01476
1.01475
1.01475
1.01474
1.01473
1.01473
1.01472
1.01472
1.01472
1.01472
1.01472
1.01473
1.01475
1.01477
1.0148
1.01484
1.01489
1.01494
1.01501
1.01508
1.00958
0.984554
0.984547
0.984544
0.984544
0.984545
0.984546
0.984548
0.984549
0.984551
0.984552
0.984555
0.984557
0.98456
0.984564
0.984567
0.984571
0.984575
0.98458
0.984584
0.984589
0.984594
0.984599
0.984604
0.98461
0.984615
0.98462
0.984626
0.984631
0.984637
0.984642
0.984648
0.984654
0.984659
0.984665
0.984671
0.984676
0.984682
0.984688
0.984694
0.984699
0.984705
0.984711
0.984717
0.984723
0.984728
0.984734
0.98474
0.984746
0.984751
0.984754
1.01434
1.01449
1.01461
1.01469
1.01475
1.01477
1.01478
1.01478
1.01478
1.01477
1.01476
1.01475
1.01475
1.01474
1.01474
1.01473
1.01472
1.01472
1.01471
1.01471
1.0147
1.0147
1.01469
1.01469
1.0147
1.01471
1.01473
1.01476
1.01479
1.01484
1.01489
1.01496
1.01502
1.01482
0.984456
0.984527
0.984529
0.984531
0.984534
0.984537
0.984539
0.984541
0.984543
0.984546
0.984548
0.984551
0.984555
0.984558
0.984562
0.984567
0.984571
0.984576
0.984581
0.984586
0.984591
0.984597
0.984602
0.984607
0.984613
0.984618
0.984624
0.98463
0.984635
0.984641
0.984647
0.984652
0.984658
0.984664
0.98467
0.984676
0.984681
0.984687
0.984693
0.984699
0.984705
0.984711
0.984716
0.984722
0.984728
0.984734
0.98474
0.984746
0.984751
0.984754
1.01434
1.01448
1.0146
1.01468
1.01473
1.01476
1.01477
1.01477
1.01476
1.01475
1.01475
1.01474
1.01473
1.01473
1.01472
1.01472
1.01471
1.01471
1.0147
1.01469
1.01469
1.01468
1.01467
1.01467
1.01467
1.01468
1.0147
1.01472
1.01475
1.01479
1.01485
1.01491
1.01497
1.01505
1.0098
0.984508
0.984509
0.984516
0.984522
0.984527
0.98453
0.984533
0.984536
0.984538
0.984541
0.984545
0.984548
0.984552
0.984557
0.984562
0.984567
0.984572
0.984577
0.984582
0.984588
0.984594
0.984599
0.984605
0.984611
0.984616
0.984622
0.984628
0.984634
0.98464
0.984645
0.984651
0.984657
0.984663
0.984669
0.984675
0.984681
0.984687
0.984692
0.984698
0.984704
0.98471
0.984716
0.984722
0.984728
0.984734
0.98474
0.984745
0.98475
0.984753
1.01434
1.01448
1.01459
1.01467
1.01472
1.01475
1.01475
1.01475
1.01475
1.01474
1.01473
1.01472
1.01472
1.01471
1.01471
1.0147
1.0147
1.01469
1.01469
1.01468
1.01467
1.01466
1.01466
1.01465
1.01465
1.01465
1.01467
1.01469
1.01471
1.01475
1.0148
1.01486
1.01493
1.015
1.01478
0.984452
0.98448
0.984498
0.984509
0.984516
0.984521
0.984524
0.984527
0.98453
0.984533
0.984537
0.984541
0.984546
0.984551
0.984556
0.984562
0.984567
0.984573
0.984579
0.984585
0.984591
0.984597
0.984602
0.984608
0.984614
0.98462
0.984626
0.984632
0.984638
0.984644
0.98465
0.984656
0.984662
0.984668
0.984674
0.98468
0.984686
0.984692
0.984698
0.984704
0.98471
0.984716
0.984722
0.984728
0.984734
0.984739
0.984745
0.984749
0.984752
1.01434
1.01447
1.01458
1.01466
1.01471
1.01473
1.01474
1.01474
1.01473
1.01472
1.01472
1.01471
1.0147
1.0147
1.01469
1.01469
1.01469
1.01468
1.01468
1.01467
1.01466
1.01465
1.01464
1.01463
1.01463
1.01463
1.01464
1.01465
1.01468
1.01472
1.01476
1.01482
1.01488
1.01495
1.01502
0.984353
0.984456
0.984482
0.984497
0.984506
0.984512
0.984515
0.984518
0.984521
0.984525
0.984529
0.984534
0.984539
0.984545
0.98455
0.984556
0.984562
0.984569
0.984575
0.984581
0.984587
0.984594
0.9846
0.984606
0.984612
0.984618
0.984625
0.984631
0.984637
0.984643
0.984649
0.984655
0.984661
0.984667
0.984673
0.984679
0.984685
0.984691
0.984697
0.984703
0.984709
0.984715
0.984721
0.984727
0.984733
0.984739
0.984744
0.984748
0.98475
1.01433
1.01446
1.01457
1.01464
1.01469
1.01472
1.01473
1.01472
1.01472
1.01471
1.0147
1.01469
1.01469
1.01468
1.01468
1.01468
1.01467
1.01467
1.01467
1.01466
1.01465
1.01464
1.01463
1.01462
1.01461
1.01461
1.01462
1.01463
1.01465
1.01468
1.01472
1.01478
1.01485
1.01492
1.015
1.00955
0.984443
0.984471
0.984489
0.984498
0.984503
0.984506
0.984509
0.984512
0.984516
0.984521
0.984526
0.984532
0.984538
0.984544
0.984551
0.984557
0.984564
0.984571
0.984577
0.984584
0.984591
0.984597
0.984604
0.98461
0.984616
0.984623
0.984629
0.984635
0.984642
0.984648
0.984654
0.98466
0.984666
0.984672
0.984679
0.984685
0.984691
0.984697
0.984703
0.984709
0.984715
0.984721
0.984727
0.984733
0.984738
0.984743
0.984747
0.98475
1.01433
1.01445
1.01455
1.01463
1.01468
1.0147
1.01471
1.01471
1.0147
1.01469
1.01469
1.01468
1.01467
1.01467
1.01467
1.01466
1.01466
1.01466
1.01465
1.01465
1.01464
1.01463
1.01462
1.01461
1.0146
1.01459
1.0146
1.0146
1.01462
1.01465
1.01469
1.01474
1.01481
1.01488
1.01496
1.01503
0.984423
0.984466
0.984484
0.984491
0.984494
0.984497
0.984499
0.984502
0.984507
0.984512
0.984517
0.984524
0.984531
0.984538
0.984545
0.984552
0.984559
0.984566
0.984574
0.984581
0.984588
0.984594
0.984601
0.984608
0.984614
0.984621
0.984627
0.984634
0.98464
0.984647
0.984653
0.984659
0.984665
0.984672
0.984678
0.984684
0.98469
0.984696
0.984702
0.984709
0.984715
0.984721
0.984727
0.984732
0.984738
0.984743
0.984747
0.984749
1.01433
1.01444
1.01454
1.01461
1.01466
1.01469
1.0147
1.0147
1.01469
1.01468
1.01467
1.01466
1.01466
1.01465
1.01465
1.01465
1.01465
1.01465
1.01464
1.01464
1.01463
1.01462
1.01461
1.0146
1.01459
1.01458
1.01458
1.01458
1.01459
1.01462
1.01465
1.0147
1.01477
1.01484
1.01493
1.01502
0.984261
0.984476
0.984485
0.984486
0.984486
0.984487
0.984488
0.984492
0.984496
0.984502
0.984508
0.984515
0.984523
0.984531
0.984539
0.984546
0.984554
0.984562
0.98457
0.984577
0.984584
0.984592
0.984599
0.984606
0.984612
0.984619
0.984626
0.984632
0.984639
0.984645
0.984652
0.984658
0.984665
0.984671
0.984677
0.984683
0.98469
0.984696
0.984702
0.984708
0.984714
0.98472
0.984726
0.984732
0.984738
0.984743
0.984747
0.984749
1.01432
1.01443
1.01453
1.0146
1.01465
1.01467
1.01468
1.01468
1.01467
1.01466
1.01466
1.01465
1.01464
1.01464
1.01464
1.01464
1.01464
1.01464
1.01463
1.01463
1.01462
1.01461
1.0146
1.01459
1.01457
1.01457
1.01456
1.01456
1.01457
1.01459
1.01462
1.01467
1.01473
1.0148
1.0149
1.01482
1.01191
0.984503
0.984489
0.984481
0.984477
0.984476
0.984477
0.984481
0.984486
0.984492
0.984499
0.984507
0.984515
0.984524
0.984532
0.984541
0.984549
0.984558
0.984566
0.984574
0.984581
0.984589
0.984596
0.984603
0.98461
0.984617
0.984624
0.984631
0.984638
0.984644
0.984651
0.984657
0.984664
0.98467
0.984677
0.984683
0.984689
0.984695
0.984702
0.984708
0.984714
0.98472
0.984726
0.984732
0.984738
0.984743
0.984748
0.984751
1.01432
1.01442
1.01452
1.01458
1.01463
1.01466
1.01467
1.01467
1.01466
1.01465
1.01464
1.01464
1.01463
1.01463
1.01463
1.01463
1.01463
1.01463
1.01462
1.01462
1.01461
1.0146
1.01459
1.01458
1.01456
1.01455
1.01455
1.01455
1.01455
1.01457
1.01459
1.01463
1.01469
1.01476
1.01485
1.01495
1.01506
0.984492
0.984486
0.984472
0.984464
0.984463
0.984464
0.984469
0.984474
0.984481
0.984489
0.984498
0.984507
0.984516
0.984526
0.984535
0.984544
0.984553
0.984562
0.98457
0.984578
0.984586
0.984594
0.984601
0.984608
0.984616
0.984623
0.98463
0.984636
0.984643
0.98465
0.984656
0.984663
0.984669
0.984676
0.984682
0.984689
0.984695
0.984701
0.984708
0.984714
0.98472
0.984726
0.984732
0.984738
0.984744
0.98475
0.984754
1.01432
1.01442
1.0145
1.01457
1.01462
1.01464
1.01465
1.01465
1.01465
1.01464
1.01463
1.01462
1.01462
1.01462
1.01462
1.01462
1.01462
1.01462
1.01461
1.01461
1.0146
1.01459
1.01458
1.01457
1.01455
1.01454
1.01454
1.01453
1.01454
1.01455
1.01457
1.0146
1.01465
1.01472
1.0148
1.0149
1.01455
1.00499
0.984484
0.984455
0.984448
0.984448
0.984451
0.984456
0.984463
0.984471
0.984479
0.984489
0.984499
0.984509
0.984519
0.984529
0.984539
0.984548
0.984558
0.984566
0.984575
0.984583
0.984591
0.984599
0.984607
0.984614
0.984621
0.984628
0.984635
0.984642
0.984649
0.984656
0.984662
0.984669
0.984675
0.984682
0.984688
0.984695
0.984701
0.984707
0.984714
0.98472
0.984726
0.984732
0.984738
0.984745
0.984754
0.984754
1.01431
1.01441
1.01449
1.01456
1.0146
1.01463
1.01464
1.01464
1.01463
1.01462
1.01461
1.01461
1.01461
1.0146
1.0146
1.0146
1.01461
1.0146
1.0146
1.0146
1.01459
1.01458
1.01457
1.01456
1.01455
1.01453
1.01453
1.01452
1.01452
1.01453
1.01455
1.01457
1.01462
1.01468
1.01476
1.01485
1.01496
1.01504
0.984404
0.98442
0.984426
0.984432
0.984437
0.984444
0.984452
0.98446
0.98447
0.98448
0.984491
0.984502
0.984513
0.984523
0.984534
0.984544
0.984554
0.984563
0.984572
0.984581
0.984589
0.984597
0.984605
0.984612
0.98462
0.984627
0.984634
0.984641
0.984648
0.984655
0.984661
0.984668
0.984675
0.984681
0.984688
0.984694
0.984701
0.984707
0.984713
0.98472
0.984726
0.984732
0.984738
0.984745
0.984754
0.984754
1.01431
1.0144
1.01448
1.01454
1.01459
1.01461
1.01462
1.01462
1.01462
1.01461
1.0146
1.0146
1.01459
1.01459
1.01459
1.01459
1.01459
1.01459
1.01459
1.01459
1.01458
1.01457
1.01456
1.01455
1.01454
1.01453
1.01452
1.01451
1.01451
1.01451
1.01453
1.01455
1.01459
1.01464
1.01472
1.0148
1.0149
1.01498
0.984356
0.984393
0.984409
0.984418
0.984425
0.984433
0.984441
0.984451
0.984461
0.984472
0.984483
0.984495
0.984506
0.984518
0.984529
0.984539
0.98455
0.984559
0.984569
0.984578
0.984586
0.984595
0.984603
0.984611
0.984618
0.984626
0.984633
0.98464
0.984647
0.984654
0.984661
0.984668
0.984674
0.984681
0.984687
0.984694
0.9847
0.984707
0.984713
0.984719
0.984726
0.984732
0.984738
0.984745
0.984754
0.984754
1.01431
1.0144
1.01447
1.01453
1.01457
1.01459
1.01461
1.01461
1.0146
1.0146
1.01459
1.01458
1.01458
1.01458
1.01458
1.01458
1.01458
1.01458
1.01458
1.01458
1.01457
1.01457
1.01456
1.01454
1.01453
1.01452
1.01451
1.0145
1.0145
1.0145
1.01451
1.01453
1.01457
1.01462
1.01469
1.01477
1.01486
1.01496
0.987184
0.984389
0.984399
0.984408
0.984415
0.984423
0.984432
0.984442
0.984452
0.984464
0.984476
0.984488
0.9845
0.984512
0.984524
0.984535
0.984546
0.984556
0.984566
0.984575
0.984584
0.984593
0.984601
0.984609
0.984617
0.984624
0.984632
0.984639
0.984646
0.984653
0.98466
0.984667
0.984674
0.98468
0.984687
0.984694
0.9847
0.984707
0.984713
0.984719
0.984726
0.984732
0.984738
0.984745
0.984752
0.984754
1.01431
1.01439
1.01446
1.01451
1.01455
1.01458
1.01459
1.01459
1.01459
1.01458
1.01458
1.01457
1.01457
1.01457
1.01457
1.01457
1.01457
1.01457
1.01457
1.01457
1.01456
1.01456
1.01455
1.01454
1.01452
1.01451
1.0145
1.0145
1.01449
1.01449
1.0145
1.01452
1.01455
1.0146
1.01466
1.01475
1.01484
1.01494
0.984341
0.984382
0.984394
0.984402
0.984408
0.984416
0.984424
0.984434
0.984445
0.984457
0.984469
0.984482
0.984495
0.984507
0.98452
0.984531
0.984542
0.984553
0.984563
0.984573
0.984582
0.984591
0.984599
0.984608
0.984615
0.984623
0.984631
0.984638
0.984645
0.984653
0.98466
0.984666
0.984673
0.98468
0.984687
0.984693
0.9847
0.984707
0.984713
0.984719
0.984726
0.984732
0.984738
0.984744
0.984751
0.984754
1.0143
1.01438
1.01445
1.0145
1.01454
1.01456
1.01457
1.01458
1.01458
1.01457
1.01456
1.01456
1.01456
1.01456
1.01456
1.01456
1.01456
1.01456
1.01456
1.01456
1.01456
1.01455
1.01454
1.01453
1.01452
1.01451
1.0145
1.01449
1.01448
1.01448
1.01449
1.01451
1.01454
1.01458
1.01464
1.01473
1.01483
1.01494
0.9942
0.984398
0.984397
0.9844
0.984404
0.98441
0.984418
0.984428
0.984438
0.984451
0.984463
0.984477
0.98449
0.984503
0.984515
0.984528
0.984539
0.98455
0.984561
0.984571
0.98458
0.984589
0.984598
0.984606
0.984614
0.984622
0.98463
0.984637
0.984645
0.984652
0.984659
0.984666
0.984673
0.98468
0.984687
0.984693
0.9847
0.984706
0.984713
0.984719
0.984726
0.984732
0.984738
0.984744
0.984753
0.984754
1.0143
1.01437
1.01443
1.01448
1.01452
1.01454
1.01456
1.01456
1.01456
1.01456
1.01455
1.01455
1.01455
1.01455
1.01455
1.01455
1.01455
1.01455
1.01455
1.01455
1.01455
1.01454
1.01453
1.01452
1.01451
1.0145
1.01449
1.01448
1.01448
1.01448
1.01448
1.0145
1.01453
1.01457
1.01463
1.01471
1.01481
1.01492
1.01441
0.984391
0.984398
0.9844
0.984403
0.984407
0.984414
0.984423
0.984433
0.984445
0.984458
0.984472
0.984485
0.984499
0.984512
0.984524
0.984536
0.984548
0.984558
0.984568
0.984578
0.984587
0.984596
0.984605
0.984613
0.984621
0.984629
0.984637
0.984644
0.984651
0.984659
0.984666
0.984673
0.98468
0.984686
0.984693
0.9847
0.984706
0.984713
0.984719
0.984726
0.984732
0.984738
0.984744
0.984752
0.984754
1.0143
1.01436
1.01442
1.01447
1.0145
1.01453
1.01454
1.01455
1.01455
1.01454
1.01454
1.01454
1.01453
1.01454
1.01454
1.01454
1.01454
1.01454
1.01454
1.01454
1.01454
1.01453
1.01452
1.01452
1.01451
1.0145
1.01449
1.01448
1.01447
1.01447
1.01448
1.01449
1.01452
1.01456
1.01462
1.0147
1.01479
1.0149
1.015
0.987523
0.984412
0.984405
0.984404
0.984406
0.984411
0.984419
0.984429
0.984441
0.984454
0.984468
0.984482
0.984495
0.984509
0.984521
0.984534
0.984545
0.984556
0.984567
0.984576
0.984586
0.984595
0.984604
0.984612
0.98462
0.984628
0.984636
0.984643
0.984651
0.984658
0.984665
0.984672
0.984679
0.984686
0.984693
0.9847
0.984707
0.984713
0.98472
0.984726
0.984732
0.984738
0.984745
0.984753
0.984754
1.0143
1.01436
1.01441
1.01446
1.01449
1.01451
1.01453
1.01453
1.01453
1.01453
1.01453
1.01452
1.01452
1.01452
1.01453
1.01453
1.01453
1.01453
1.01453
1.01453
1.01453
1.01452
1.01452
1.01451
1.0145
1.01449
1.01448
1.01447
1.01447
1.01447
1.01447
1.01448
1.01451
1.01455
1.01461
1.01469
1.01479
1.01489
1.01499
0.987452
0.98442
0.98441
0.984406
0.984406
0.98441
0.984417
0.984427
0.984438
0.984451
0.984465
0.984479
0.984492
0.984506
0.984519
0.984531
0.984543
0.984554
0.984565
0.984575
0.984585
0.984594
0.984603
0.984611
0.984619
0.984627
0.984635
0.984643
0.984651
0.984658
0.984665
0.984672
0.984679
0.984686
0.984693
0.9847
0.984707
0.984713
0.98472
0.984726
0.984732
0.984738
0.984745
0.984751
0.984754
1.01429
1.01435
1.0144
1.01444
1.01447
1.01449
1.01451
1.01452
1.01452
1.01452
1.01451
1.01451
1.01451
1.01451
1.01452
1.01452
1.01452
1.01452
1.01452
1.01452
1.01452
1.01452
1.01451
1.0145
1.01449
1.01449
1.01448
1.01447
1.01446
1.01446
1.01447
1.01448
1.0145
1.01454
1.0146
1.01469
1.01478
1.01489
1.01498
0.987956
0.984424
0.984413
0.984408
0.984407
0.98441
0.984417
0.984426
0.984437
0.984449
0.984463
0.984476
0.98449
0.984504
0.984517
0.984529
0.984541
0.984553
0.984563
0.984574
0.984583
0.984593
0.984602
0.98461
0.984619
0.984627
0.984635
0.984643
0.98465
0.984658
0.984665
0.984672
0.984679
0.984686
0.984693
0.9847
0.984707
0.984713
0.98472
0.984726
0.984732
0.984738
0.984744
0.984749
0.984753
1.01429
1.01434
1.01439
1.01443
1.01446
1.01448
1.01449
1.0145
1.0145
1.0145
1.0145
1.0145
1.0145
1.0145
1.0145
1.01451
1.01451
1.01451
1.01451
1.01451
1.01451
1.01451
1.0145
1.0145
1.01449
1.01448
1.01447
1.01447
1.01446
1.01446
1.01446
1.01447
1.0145
1.01454
1.0146
1.01468
1.01478
1.01488
1.01498
0.987924
0.984427
0.984417
0.984411
0.98441
0.984412
0.984417
0.984425
0.984436
0.984448
0.984461
0.984475
0.984489
0.984502
0.984515
0.984528
0.98454
0.984551
0.984562
0.984572
0.984582
0.984592
0.984601
0.98461
0.984618
0.984626
0.984634
0.984642
0.98465
0.984658
0.984665
0.984672
0.984679
0.984686
0.984693
0.9847
0.984707
0.984714
0.98472
0.984727
0.984733
0.984739
0.984744
0.984749
0.984753
1.01429
1.01434
1.01438
1.01441
1.01444
1.01446
1.01448
1.01448
1.01449
1.01449
1.01448
1.01448
1.01448
1.01449
1.01449
1.01449
1.0145
1.0145
1.0145
1.0145
1.0145
1.0145
1.01449
1.01449
1.01448
1.01447
1.01447
1.01446
1.01446
1.01445
1.01446
1.01447
1.01449
1.01453
1.01459
1.01467
1.01477
1.01487
1.01498
0.987895
0.98443
0.984421
0.984415
0.984413
0.984414
0.984419
0.984427
0.984437
0.984448
0.984461
0.984474
0.984488
0.984501
0.984514
0.984527
0.984539
0.98455
0.984561
0.984572
0.984581
0.984591
0.9846
0.984609
0.984618
0.984626
0.984634
0.984642
0.98465
0.984658
0.984665
0.984672
0.98468
0.984687
0.984694
0.984701
0.984707
0.984714
0.98472
0.984727
0.984733
0.984739
0.984744
0.984751
0.984754
1.01429
1.01433
1.01437
1.0144
1.01443
1.01445
1.01446
1.01447
1.01447
1.01447
1.01447
1.01447
1.01447
1.01447
1.01448
1.01448
1.01448
1.01449
1.01449
1.01449
1.01449
1.01449
1.01448
1.01448
1.01447
1.01447
1.01446
1.01446
1.01445
1.01445
1.01445
1.01446
1.01449
1.01453
1.01459
1.01467
1.01477
1.01487
1.01498
0.987853
0.984434
0.984426
0.98442
0.984418
0.984418
0.984422
0.984429
0.984438
0.984449
0.984461
0.984474
0.984488
0.984501
0.984514
0.984526
0.984538
0.984549
0.98456
0.984571
0.984581
0.98459
0.9846
0.984608
0.984617
0.984626
0.984634
0.984642
0.98465
0.984658
0.984665
0.984673
0.98468
0.984687
0.984694
0.984701
0.984708
0.984714
0.984721
0.984727
0.984733
0.984739
0.984745
0.984751
0.984754
1.01428
1.01432
1.01436
1.01439
1.01441
1.01443
1.01444
1.01445
1.01445
1.01445
1.01445
1.01445
1.01446
1.01446
1.01446
1.01447
1.01447
1.01447
1.01448
1.01448
1.01448
1.01448
1.01447
1.01447
1.01447
1.01446
1.01446
1.01445
1.01445
1.01445
1.01445
1.01446
1.01449
1.01453
1.01459
1.01467
1.01477
1.01487
1.01498
0.987799
0.98444
0.984433
0.984427
0.984424
0.984424
0.984427
0.984433
0.984441
0.984451
0.984463
0.984475
0.984488
0.984501
0.984513
0.984526
0.984538
0.984549
0.98456
0.98457
0.98458
0.98459
0.984599
0.984608
0.984617
0.984625
0.984634
0.984642
0.98465
0.984658
0.984665
0.984673
0.98468
0.984687
0.984694
0.984701
0.984708
0.984715
0.984721
0.984728
0.984734
0.98474
0.984746
0.984754
0.984754
1.01428
1.01432
1.01435
1.01437
1.01439
1.01441
1.01442
1.01443
1.01443
1.01444
1.01444
1.01444
1.01444
1.01444
1.01445
1.01445
1.01445
1.01446
1.01446
1.01446
1.01446
1.01446
1.01446
1.01446
1.01446
1.01445
1.01445
1.01444
1.01444
1.01444
1.01445
1.01446
1.01449
1.01453
1.0146
1.01468
1.01478
1.01488
1.01499
0.987245
0.984448
0.984441
0.984434
0.984431
0.98443
0.984432
0.984437
0.984445
0.984454
0.984465
0.984477
0.984489
0.984501
0.984514
0.984526
0.984537
0.984549
0.984559
0.98457
0.98458
0.984589
0.984599
0.984608
0.984617
0.984625
0.984634
0.984642
0.98465
0.984658
0.984666
0.984673
0.984681
0.984688
0.984695
0.984702
0.984709
0.984715
0.984722
0.984728
0.984734
0.984741
0.984747
0.984754
0.984754
1.01428
1.01431
1.01433
1.01436
1.01438
1.01439
1.0144
1.01441
1.01441
1.01442
1.01442
1.01442
1.01442
1.01442
1.01443
1.01443
1.01444
1.01444
1.01444
1.01445
1.01445
1.01445
1.01445
1.01445
1.01445
1.01444
1.01444
1.01444
1.01444
1.01444
1.01444
1.01446
1.01449
1.01454
1.01461
1.01469
1.01479
1.01489
1.01499
0.987165
0.984458
0.98445
0.984443
0.984439
0.984437
0.984439
0.984443
0.984449
0.984457
0.984467
0.984479
0.98449
0.984502
0.984514
0.984526
0.984537
0.984548
0.984559
0.984569
0.984579
0.984589
0.984598
0.984608
0.984617
0.984625
0.984634
0.984642
0.984651
0.984659
0.984666
0.984674
0.984681
0.984688
0.984696
0.984702
0.984709
0.984716
0.984723
0.984729
0.984735
0.984741
0.984748
0.984754
0.984754
1.01428
1.0143
1.01432
1.01434
1.01436
1.01437
1.01438
1.01439
1.01439
1.0144
1.0144
1.0144
1.0144
1.01441
1.01441
1.01441
1.01442
1.01442
1.01442
1.01443
1.01443
1.01443
1.01444
1.01444
1.01444
1.01443
1.01443
1.01443
1.01443
1.01443
1.01444
1.01446
1.01449
1.01455
1.01461
1.0147
1.01479
1.01489
1.01499
0.987038
0.98447
0.98446
0.984453
0.984448
0.984446
0.984446
0.984449
0.984454
0.984461
0.98447
0.984481
0.984492
0.984503
0.984515
0.984526
0.984537
0.984548
0.984559
0.984569
0.984579
0.984589
0.984598
0.984608
0.984617
0.984625
0.984634
0.984643
0.984651
0.984659
0.984667
0.984675
0.984682
0.984689
0.984696
0.984703
0.98471
0.984717
0.984723
0.98473
0.984736
0.984742
0.984748
0.984754
0.984754
1.01427
1.01429
1.01431
1.01433
1.01434
1.01435
1.01436
1.01437
1.01437
1.01438
1.01438
1.01438
1.01438
1.01439
1.01439
1.0144
1.0144
1.0144
1.01441
1.01441
1.01441
1.01442
1.01442
1.01442
1.01442
1.01442
1.01443
1.01443
1.01443
1.01443
1.01444
1.01446
1.0145
1.01455
1.01462
1.0147
1.01479
1.01488
1.01499
0.988933
0.984481
0.984469
0.984463
0.984458
0.984455
0.984454
0.984455
0.984459
0.984466
0.984474
0.984483
0.984493
0.984504
0.984515
0.984527
0.984538
0.984548
0.984559
0.984569
0.984579
0.984589
0.984598
0.984608
0.984617
0.984626
0.984635
0.984643
0.984652
0.98466
0.984668
0.984676
0.984683
0.98469
0.984697
0.984704
0.984711
0.984717
0.984724
0.984731
0.984737
0.984744
0.98475
0.984754
0.984754
1.01427
1.01429
1.0143
1.01431
1.01432
1.01433
1.01434
1.01435
1.01435
1.01436
1.01436
1.01436
1.01437
1.01437
1.01437
1.01438
1.01438
1.01439
1.01439
1.01439
1.0144
1.0144
1.01441
1.01441
1.01441
1.01442
1.01442
1.01442
1.01442
1.01443
1.01444
1.01447
1.0145
1.01456
1.01462
1.0147
1.01478
1.01487
1.01497
1.01338
0.984449
0.984472
0.984474
0.98447
0.984465
0.984462
0.984462
0.984465
0.98447
0.984477
0.984485
0.984495
0.984506
0.984516
0.984527
0.984538
0.984549
0.984559
0.984569
0.984579
0.984589
0.984598
0.984608
0.984617
0.984626
0.984635
0.984644
0.984653
0.984661
0.984669
0.984677
0.984684
0.984691
0.984698
0.984705
0.984711
0.984718
0.984725
0.984732
0.984739
0.984746
0.984753
0.984754
0.984754
1.01427
1.01428
1.01429
1.0143
1.01431
1.01432
1.01432
1.01433
1.01433
1.01434
1.01434
1.01435
1.01435
1.01435
1.01436
1.01436
1.01436
1.01437
1.01437
1.01438
1.01438
1.01439
1.01439
1.0144
1.0144
1.01441
1.01441
1.01442
1.01442
1.01443
1.01444
1.01447
1.01451
1.01456
1.01463
1.0147
1.01478
1.01487
1.01496
1.01504
0.984432
0.984489
0.984492
0.984484
0.984476
0.98447
0.984468
0.984469
0.984473
0.98448
0.984487
0.984497
0.984507
0.984517
0.984528
0.984538
0.984549
0.984559
0.984569
0.984579
0.984589
0.984599
0.984608
0.984617
0.984627
0.984636
0.984645
0.984654
0.984662
0.984671
0.984678
0.984685
0.984692
0.984699
0.984705
0.984712
0.984719
0.984726
0.984734
0.984741
0.984749
0.984754
0.984754
0.984754
1.01427
1.01428
1.01429
1.0143
1.0143
1.01431
1.01431
1.01431
1.01432
1.01432
1.01432
1.01433
1.01433
1.01434
1.01434
1.01435
1.01435
1.01435
1.01436
1.01437
1.01437
1.01438
1.01436
1.01222
1.0101
1.00671
1.00473
1.00224
1.00005
1.00009
1.001
1.00223
1.00303
1.00258
1.00192
1.00138
1.00097
1.00056
1.00014
1.00017
1.00001
0.984532
0.984518
0.9845
0.984486
0.984478
0.984473
0.984473
0.984476
0.984482
0.984489
0.984498
0.984508
0.984518
0.984528
0.984539
0.984549
0.984559
0.984569
0.98458
0.984589
0.984599
0.984609
0.984618
0.984627
0.984636
0.984646
0.984655
0.984664
0.984672
0.98468
0.984686
0.984693
0.984699
0.984706
0.984713
0.98472
0.984727
0.984735
0.984743
0.984753
0.984754
0.984754
0.984754
0.998887
0.999918
0.998038
0.995265
0.991355
0.987245
0.983724
0.979568
0.977393
0.976063
0.974145
0.973157
0.971955
0.970201
0.969506
0.969026
0.969126
0.969316
0.969761
0.96987
0.97036
0.971188
0.972416
0.974056
0.976234
0.978213
0.980447
0.983966
0.986445
0.987203
0.986912
0.98732
0.987643
0.987633
0.987819
0.988013
0.98826
0.98832
0.988578
0.988428
0.988903
0.991878
0.984532
0.984513
0.984494
0.984482
0.984477
0.984475
0.98447
0.98448
0.984489
0.984498
0.984508
0.984518
0.984527
0.984532
0.984545
0.984558
0.98457
0.98458
0.98459
0.9846
0.984609
0.984619
0.984627
0.984637
0.984646
0.984656
0.984665
0.984675
0.984681
0.984687
0.984694
0.9847
0.984706
0.984713
0.98472
0.984728
0.984736
0.984745
0.984754
0.984754
0.984754
0.984754
0.272365
0.269655
0.270473
0.270554
0.270837
0.270784
0.270804
0.271533
0.272365
0.27349
0.274501
0.275312
0.276115
0.276453
0.276622
0.276798
0.277327
0.27757
0.278144
0.279254
0.279301
0.278753
0.279427
0.2801
0.281149
0.282035
0.282299
0.283702
0.282093
0.28104
0.28155
0.282271
0.28252
0.282854
0.283089
0.28334
0.283369
0.282862
0.282209
0.281625
0.282577
0.27973
0.275258
0.275504
0.275421
0.275149
0.274936
0.274879
0.27445
0.273959
0.27324
0.272936
0.27272
0.272657
0.27304
0.272943
0.272499
0.272364
0.272078
0.27191
0.271776
0.271715
0.271789
0.271783
0.271804
0.271457
0.271089
0.271158
0.27074
0.267276
0.299643
0.317432
0.334959
0.3563
0.378249
0.4012
0.42754
0.45314
0.487439
0.528682
0.562084
0.617418
0.855714
0.931756
0.0647105
0.065902
0.0655328
0.0653668
0.0648367
0.0641853
0.0638191
0.0637384
0.0638828
0.0640797
0.0645668
0.0646809
0.0639267
0.0631562
0.0621698
0.0618661
0.061644
0.061659
0.0621031
0.0620286
0.0610613
0.060392
0.0599342
0.0590037
0.0575054
0.0564064
0.0551583
0.0551543
0.0574035
0.0581323
0.0580587
0.0585741
0.0580997
0.0578838
0.0581003
0.0582855
0.0584439
0.0585779
0.0587592
0.0592663
0.0600932
0.0618174
0.0628698
0.0623505
0.0623051
0.0629173
0.0637343
0.0647367
0.0655446
0.065403
0.0650175
0.0650077
0.0652092
0.0654876
0.0663085
0.0673894
0.067924
0.0681262
0.067967
0.0676495
0.0671296
0.0668805
0.0672055
0.0673764
0.0676565
0.0682535
0.0682624
0.0679931
0.0681051
0.0680102
0.0558402
0.0449568
0.0392585
0.0370319
0.035862
0.0354124
0.0354471
0.0351157
0.0349321
0.0351117
0.0351222
0.0351328
0.0351215
0.0350374
0.0250256
0.0245417
0.0245995
0.0243487
0.0245309
0.0248245
0.0252377
0.0256115
0.026011
0.0264615
0.0266778
0.0267198
0.0268095
0.026898
0.0269187
0.0272208
0.0277936
0.0283539
0.0289876
0.0293456
0.0295227
0.0299994
0.0303755
0.0309231
0.0317698
0.0324293
0.0330466
0.0329558
0.0317905
0.0315974
0.0314424
0.0310823
0.0312332
0.0309502
0.0305642
0.0302982
0.0299166
0.0297261
0.0293993
0.0292172
0.0287648
0.0283025
0.0270456
0.0265777
0.0265223
0.0265877
0.0266912
0.0267256
0.0265427
0.026095
0.0254502
0.0249267
0.0245869
0.0244673
0.0242899
0.0241954
0.0240802
0.0243665
0.0241286
0.0238473
0.0236241
0.0233991
0.0232171
0.0233156
0.0233552
0.0234634
0.0233446
0.0232843
0.0236267
0.022728
0.0232133
0.0239905
0.0255966
0.0265944
0.0273332
0.0275089
0.0271026
0.026879
0.0268139
0.0267043
0.0265797
0.0264397
0.026471
0.0262482
0.00873025
0.00901273
0.00900773
0.00914808
0.00900223
0.0087841
0.00841934
0.00801097
0.00767776
0.007437
0.00726456
0.0071252
0.00680836
0.0066453
0.00635751
0.00610785
0.00587131
0.00576967
0.00548847
0.00514494
0.00496156
0.00490653
0.00488791
0.00485831
0.00480202
0.00483507
0.00508322
0.00508779
0.0050892
0.00506236
0.00510105
0.00514515
0.00524897
0.00538326
0.00552005
0.00559675
0.00566654
0.00560809
0.00568631
0.00571556
0.00586764
0.00586915
0.00600798
0.00625943
0.00661164
0.00708607
0.00753564
0.0078378
0.00801397
0.0078931
0.00753999
0.00732797
0.00733251
0.00772296
0.00817149
0.00876186
0.00859158
0.0085339
0.00843109
0.00836532
0.00824825
0.00821688
0.0083554
0.00856592
0.0088111
0.00874199
0.00872387
0.00865057
0.00832709
0.00864135
0.0082117
0.00809436
0.00801036
0.00797763
0.00791644
0.00798381
0.00822054
0.00848837
0.00859117
0.00860301
0.00858081
0.00873811
0.00877157
0.00888224
0.000183193
0.000183277
0.000183274
0.000183285
0.000183287
0.000183287
0.000183287
0.000183285
0.000183274
0.000183265
0.000183274
0.000183284
0.000183287
0.000183276
0.000183287
0.000183284
0.000183287
0.000183283
0.000183284
0.000183286
0.000183287
0.000183288
0.000183287
0.000183266
0.000183207
0.000183158
0.000183189
0.000183255
0.000183274
0.000183286
0.000183285
0.000183288
0.000183287
0.000183281
0.000183284
0.000183275
0.000183268
0.000183287
0.000183283
0.000183285
0.000183286
0.000183275
0.000183237
0.000183222
0.000183237
0.000183248
0.000183277
0.000183287
0.000183285
0.000183276
0.000183266
0.000183277
0.000183255
0.000183253
0.000183275
0.000183279
0.000183285
0.00018327
0.000183266
0.000183276
0.000183283
0.000183277
0.00018327
0.000183265
0.000183271
0.000183286
0.000183287
0.000183282
0.000183181
0.000183285
0.000183266
0.000183284
0.000183235
0.000183256
0.000183288
0.000183287
0.000183285
0.000183286
0.000183287
0.000183283
0.000183287
0.000183287
0.000183284
0.000183287
0.000183281
0.000183287
0.000183287
0.000183286
0.00018328
0.000183277
0.000183285
0.000183288
0.000183287
0.000183286
0.000183265
0.00018328
0.000183275
0.000183287
0.000183279
0.00018326
0.000183281
0.000183283
0.000183268
0.000183287
0.000183282
0.000183284
0.000183285
0.000183287
0.000183287
0.000183282
0.000183288
0.000183287
0.000183281
0.000183287
0.000183286
0.000183287
0.000183287
0.00018328
0.000183286
0.000183284
0.000183287
0.000183287
0.000183286
0.000183288
0.000183287
0.000183273
0.000183246
0.000183245
0.00018326
0.000183242
0.000183272
0.000183284
0.000183287
0.000183257
0.000183266
0.000183287
0.000183278
0.000183256
0.000183287
0.000183267
0.000183279
0.000183286
0.00018328
0.000183268
0.000183287
0.000183286
0.000183277
0.000183279
0.000183282
0.00018328
0.000183278
0.000183284
0.000183286
0.000183248
0.000183286
0.000183287
0.000183287
0.000183288
0.000183288
0.000183286
0.000183287
0.000183285
0.000183283
0.000183287
0.000183288
0.000183287
0.000183287
0.000183288
0.000183259
0.000183282
0.000183287
0.000183287
0.000183287
0.000183285
0.00018327
0.000183259
0.000183269
0.000183286
0.000183287
0.000183282
0.000183285
0.000183287
0.000183286
0.000183287
0.000183287
0.000183283
0.000183285
0.000183286
0.000183287
0.000183288
0.000183287
0.000183287
0.000183287
0.000183287
0.000183287
0.000183287
0.000183281
0.000183281
0.000183275
0.000183285
0.000183286
0.000183282
0.000183286
0.000183285
0.000183287
0.000183287
0.000183283
0.000183254
0.000183228
0.000183184
0.00018321
0.000183248
0.000183284
0.000183286
0.000183279
0.00018328
0.000183285
0.000183268
0.00018326
0.000183256
0.00018327
0.00018327
0.000183286
0.000183282
0.000183281
0.000183287
0.000183285
0.00018328
0.000183271
0.000183267
0.000183268
0.000183278
0.000183287
0.000183285
0.000183283
0.000183287
0.000183287
0.000183285
0.000183287
0.000183287
0.000183288
0.000183287
0.000183285
0.000183285
0.000183287
0.000183288
0.000183287
0.000183287
0.000183287
0.000183288
0.000183288
0.000183288
0.00018328
0.000183285
0.000183287
0.000183287
0.000183287
0.000183287
0.000183286
0.000183281
0.000183279
0.000183286
0.000183286
0.000183287
0.000183286
0.000183287
0.000183287
0.000183287
0.000183288
0.000183287
0.000183287
0.000183287
0.000183287
0.000183287
0.000183288
0.000183288
0.000183287
0.000183287
0.000183287
0.000183287
0.000183287
0.000183286
0.000183284
0.000183285
0.000183287
0.000183286
0.000183286
0.000183286
0.000183288
0.000183287
0.000183288
0.000183284
0.000183277
0.000183264
0.000183264
0.000183271
0.000183284
0.000183287
0.000183283
0.00018328
0.000183287
0.000183285
0.00018328
0.000183278
0.000183282
0.000183281
0.000183287
0.000183285
0.000183282
0.000183286
0.000183288
0.000183286
0.000183284
0.000183283
0.000183282
0.000183284
0.000183287
0.000183287
0.000183285
0.000183286
0.000183288
0.000183287
0.000183287
0.000183287
0.000183287
0.000183288
0.000183287
0.000183287
0.000183287
0.000183288
0.000183288
0.000183288
0.000183287
0.000183288
0.000183288
0.000183288
)
;

boundaryField
{
    hot
    {
        type            calculated;
        value           nonuniform List<scalar> 
64
(
1.01426
1.01426
1.01426
1.01426
1.01426
1.01426
1.01426
1.01426
1.01426
1.01426
1.01426
1.01426
1.01426
1.01426
1.01426
1.01426
1.01426
1.01426
1.01426
1.01426
1.01426
1.01426
1.01426
1.01426
1.01426
1.01426
1.01426
1.01426
1.01426
1.01426
1.01426
1.01426
1.01426
1.01426
1.01426
1.01426
1.01426
1.01426
1.01426
1.01426
1.01426
1.01426
1.01426
1.01426
1.01426
1.01426
1.01426
1.01426
1.01426
1.01426
1.01426
1.01426
1.01426
1.01426
1.01426
1.01426
1.01426
1.01426
1.01426
1.01426
1.01426
1.01426
0.998878
0.272363
)
;
    }
    hotTop
    {
        type            calculated;
        value           nonuniform List<scalar> 7(0.0647104 0.0250255 0.00873022 0.000696132 0.000183281 0.000183259 0.00018328);
    }
    cold
    {
        type            calculated;
        value           nonuniform List<scalar> 
64
(
0.984754
0.984754
0.984754
0.984754
0.984754
0.984754
0.984754
0.984754
0.984754
0.984754
0.984754
0.984754
0.984754
0.984754
0.984754
0.984754
0.984754
0.984754
0.984754
0.984754
0.984754
0.984754
0.984754
0.984754
0.984754
0.984754
0.984754
0.984754
0.984754
0.984754
0.984754
0.984754
0.984754
0.984753
0.984752
0.984751
0.98475
0.984749
0.984749
0.984751
0.984754
0.984754
0.984754
0.984754
0.984754
0.984754
0.984754
0.984754
0.984754
0.984754
0.984753
0.984751
0.984754
0.984754
0.984754
0.984754
0.984754
0.984754
0.984754
0.984754
0.984754
0.984754
0.984754
0.931819
)
;
    }
    coldTop
    {
        type            calculated;
        value           nonuniform List<scalar> 7(0.0350374 0.0262482 0.00888224 0.000183287 0.000183288 0.000183288 0.000183288);
    }
    top
    {
        type            calculated;
        value           nonuniform List<scalar> 
84
(
0.00018328
0.000183285
0.000183287
0.000183287
0.000183287
0.000183287
0.000183286
0.000183281
0.000183279
0.000183286
0.000183286
0.000183287
0.000183286
0.000183287
0.000183287
0.000183287
0.000183288
0.000183287
0.000183287
0.000183287
0.000183287
0.000183287
0.000183288
0.000183288
0.000183287
0.000183287
0.000183287
0.000183287
0.000183287
0.000183286
0.000183284
0.000183285
0.000183287
0.000183286
0.000183286
0.000183286
0.000183288
0.000183287
0.000183288
0.000183284
0.000183277
0.000183264
0.000183264
0.000183271
0.000183284
0.000183287
0.000183283
0.00018328
0.000183287
0.000183285
0.00018328
0.000183278
0.000183282
0.000183281
0.000183287
0.000183285
0.000183282
0.000183286
0.000183288
0.000183286
0.000183284
0.000183283
0.000183282
0.000183284
0.000183287
0.000183287
0.000183285
0.000183286
0.000183288
0.000183287
0.000183287
0.000183287
0.000183287
0.000183288
0.000183287
0.000183287
0.000183287
0.000183288
0.000183288
0.000183288
0.000183287
0.000183288
0.000183288
0.000183288
)
;
    }
    btm
    {
        type            calculated;
        value           nonuniform List<scalar> 
84
(
1.01432
1.01443
1.01452
1.01459
1.01464
1.01468
1.01471
1.01474
1.01477
1.01479
1.01482
1.01484
1.01486
1.01488
1.01491
1.01493
1.01494
1.01496
1.01498
0.984769
0.984768
0.984767
0.984766
0.984766
0.984765
0.984764
0.984764
0.984763
0.984763
0.984762
0.984762
0.984762
0.984761
0.984761
0.984761
0.984761
0.98476
0.98476
0.98476
0.98476
0.98476
0.98476
0.984759
0.984759
0.984759
0.984759
0.984759
0.984759
0.984759
0.984759
0.984758
0.984758
0.984758
0.984758
0.984758
0.984758
0.984758
0.984757
0.984757
0.984757
0.984757
0.984757
0.984757
0.984757
0.984757
0.984756
0.984756
0.984756
0.984756
0.984756
0.984756
0.984756
0.984755
0.984755
0.984755
0.984755
0.984755
0.984755
0.984754
0.984754
0.984754
0.984754
0.984754
0.984754
)
;
    }
    frontAndBack
    {
        type            empty;
    }
}


// ************************************************************************* //
