/*--------------------------------*- C++ -*----------------------------------*\
  =========                 |
  \\      /  F ield         | OpenFOAM: The Open Source CFD Toolbox
   \\    /   O peration     | Website:  https://openfoam.org
    \\  /    A nd           | Version:  6
     \\/     M anipulation  |
\*---------------------------------------------------------------------------*/
FoamFile
{
    version     2.0;
    format      ascii;
    class       volVectorField;
    location    "4950";
    object      S_Marg;
}
// * * * * * * * * * * * * * * * * * * * * * * * * * * * * * * * * * * * * * //

dimensions      [1 -2 -2 0 0 0 0];

internalField   nonuniform List<vector> 
4800
(
(0 -0 -0)
(2.98924e-16 -0 -1.15701e-19)
(0 -0 -0)
(0 -0 -0)
(0 -0 -0)
(0 -0 -0)
(0 -0 -0)
(0 -0 -0)
(0 -0 -0)
(0 -0 -0)
(0 -0 -0)
(0 -0 -0)
(0 -0 0)
(0 -0 0)
(2.42312e-16 -0 2.91327e-18)
(0 -0 0)
(0 -0 0)
(2.50724e-16 -0 6.6361e-18)
(0 -0 0)
(0 -0 0)
(2.67778e-16 -0 1.01781e-17)
(0 -0 0)
(0 -0 0)
(0 -0 0)
(0 -0 0)
(0 -0 0)
(0 -0 0)
(0 -0 0)
(3.29334e-16 -0 2.11167e-17)
(0 -0 0)
(0 -0 0)
(0 -0 0)
(0 -0 0)
(0 -0 0)
(4.1429e-16 -0 2.69222e-17)
(0 -0 0)
(0 -0 0)
(0 -0 0)
(0 -0 0)
(0 -0 0)
(6.20947e-16 -0 2.14922e-17)
(0 -0 0)
(0 -0 0)
(0 -0 0)
(0 -0 0)
(0 -0 0)
(0 -0 0)
(0 -0 0)
(0 -0 0)
(0 -0 0)
(0 -0 0)
(0 -0 0)
(0 -0 0)
(0 -0 0)
(0 -0 0)
(0 -0 0)
(0 -0 0)
(0 -0 0)
(0 -0 0)
(0 -0 0)
(0 -0 0)
(0 -0 0)
(0 -0 0)
(0 -0 0)
(0 -0 0)
(0 -0 0)
(0 -0 0)
(0 -0 0)
(0 -0 0)
(0 -0 -0)
(0 -0 -0)
(0 -0 -0)
(0 -0 -0)
(0 -0 -0)
(0 -0 -0)
(0 -0 -0)
(0 -0 -0)
(0 -0 -0)
(0 -0 -0)
(0 -0 -0)
(4.15638 -0 0.00632255)
(4.14248 -0 0.0212528)
(0.00228977 -0 1.56049e-05)
(0.00185519 -0 1.44527e-05)
(0.00143148 -0 1.20259e-05)
(0.00102156 -0 8.97006e-06)
(0.000627 -0 5.64112e-06)
(0.000248525 -0 2.25902e-06)
(0 -0 0)
(0 -0 0)
(0 -0 0)
(0 -0 0)
(0 -0 0)
(0 -0 0)
(0 -0 0)
(0 -0 0)
(0 -0 0)
(0 -0 0)
(0 -0 0)
(0 -0 0)
(0 -0 0)
(0 -0 0)
(0 -0 0)
(0 -0 0)
(0 -0 0)
(0 -0 0)
(0 -0 0)
(0 -0 0)
(0 -0 0)
(0 -0 0)
(0 -0 0)
(0 -0 0)
(0 -0 0)
(0 -0 0)
(0 -0 0)
(0 -0 0)
(0 -0 0)
(0 -0 0)
(0 -0 0)
(0 -0 0)
(2.98799e-16 -0 -1.7321e-19)
(0 -0 -0)
(0 -0 -0)
(0 -0 -0)
(0 -0 -0)
(0 -0 -0)
(0 -0 -0)
(0 -0 -0)
(0 -0 -0)
(0 -0 -0)
(0 -0 -0)
(0 -0 0)
(0 -0 0)
(0 -0 0)
(0 -0 0)
(0 -0 0)
(0 -0 0)
(0 -0 0)
(0 -0 0)
(0 -0 0)
(0 -0 0)
(0 -0 0)
(0 -0 0)
(0 -0 0)
(0 -0 0)
(0 -0 0)
(0 -0 0)
(0 -0 0)
(0 -0 0)
(0 -0 0)
(0 -0 0)
(0 -0 0)
(0 -0 0)
(0 -0 0)
(0 -0 0)
(0 -0 0)
(0 -0 0)
(0 -0 0)
(0 -0 0)
(0 -0 0)
(0 -0 0)
(0 -0 0)
(0 -0 0)
(0 -0 0)
(0 -0 0)
(0 -0 0)
(0 -0 0)
(0 -0 0)
(0 -0 0)
(0 -0 0)
(0 -0 0)
(0 -0 0)
(0 -0 0)
(0 -0 0)
(0 -0 0)
(0 -0 0)
(0 -0 0)
(0 -0 0)
(0 -0 0)
(0 -0 0)
(0 -0 0)
(0 -0 0)
(0 -0 0)
(0 -0 0)
(0 -0 0)
(0 -0 0)
(0 -0 0)
(0 -0 0)
(0 -0 0)
(0 -0 0)
(0 -0 -0)
(0 -0 -0)
(0 -0 -0)
(0 -0 -0)
(0 -0 -0)
(0 -0 -0)
(0 -0 -0)
(0 -0 -0)
(0 -0 -0)
(0 -0 0)
(4.19773 -0 0.0481617)
(4.16418 -0 0.0711121)
(0 -0 0)
(0 -0 0)
(0 -0 0)
(0 -0 0)
(0 -0 0)
(0 -0 0)
(0 -0 0)
(0 -0 0)
(0 -0 0)
(0 -0 0)
(0 -0 0)
(0 -0 0)
(0 -0 0)
(0 -0 0)
(0 -0 0)
(0 -0 0)
(0 -0 0)
(0 -0 0)
(0 -0 0)
(0 -0 0)
(0 -0 0)
(0 -0 0)
(0 -0 0)
(0 -0 0)
(0 -0 0)
(0 -0 0)
(0 -0 0)
(0 -0 0)
(0 -0 0)
(0 -0 0)
(0 -0 0)
(0 -0 0)
(0 -0 0)
(0 -0 0)
(0 -0 0)
(0 -0 0)
(0 -0 0)
(0 -0 0)
(0 -0 -0)
(0 -0 -0)
(0 -0 -0)
(0 -0 -0)
(0 -0 -0)
(0 -0 -0)
(0 -0 -0)
(0 -0 -0)
(0 -0 -0)
(0 -0 -0)
(0 -0 -0)
(0 -0 0)
(0 -0 0)
(0 -0 0)
(0 -0 0)
(0 -0 0)
(0 -0 0)
(0 -0 0)
(0 -0 0)
(0 -0 0)
(0 -0 0)
(0 -0 0)
(0 -0 0)
(0 -0 0)
(0 -0 0)
(0 -0 0)
(0 -0 0)
(0 -0 0)
(0 -0 0)
(0 -0 0)
(0 -0 0)
(0 -0 0)
(0 -0 0)
(0 -0 0)
(0 -0 0)
(0 -0 0)
(0 -0 0)
(0 -0 0)
(0 -0 0)
(0 -0 0)
(0 -0 0)
(0 -0 0)
(0 -0 0)
(0 -0 0)
(0 -0 0)
(0 -0 0)
(0 -0 0)
(0 -0 0)
(0 -0 0)
(0 -0 0)
(0 -0 0)
(0 -0 0)
(0 -0 0)
(0 -0 0)
(0 -0 0)
(0 -0 0)
(0 -0 0)
(0 -0 0)
(0 -0 0)
(0 -0 0)
(0 -0 0)
(0 -0 0)
(0 -0 0)
(0 -0 0)
(0 -0 0)
(0 -0 0)
(0 -0 0)
(0 -0 0)
(0 -0 0)
(0 -0 0)
(0 -0 0)
(0 -0 -0)
(0 -0 -0)
(0 -0 -0)
(0 -0 -0)
(0 -0 -0)
(0 -0 -0)
(0 -0 -0)
(0 -0 0)
(0 -0 0)
(4.21576 -0 0.0936768)
(4.18078 -0 0.125929)
(0 -0 0)
(0 -0 0)
(0 -0 0)
(0 -0 0)
(0 -0 0)
(0 -0 0)
(0 -0 0)
(0 -0 0)
(0 -0 0)
(0 -0 0)
(0 -0 0)
(0 -0 0)
(0 -0 0)
(0 -0 0)
(0 -0 0)
(0 -0 0)
(0 -0 0)
(0 -0 0)
(0 -0 0)
(0 -0 0)
(0 -0 0)
(0 -0 0)
(0 -0 0)
(0 -0 0)
(0 -0 0)
(0 -0 0)
(0 -0 0)
(0 -0 0)
(0 -0 0)
(0 -0 0)
(0 -0 0)
(0 -0 0)
(0 -0 0)
(0 -0 0)
(0 -0 0)
(0 -0 0)
(0 -0 0)
(0 -0 0)
(0 -0 -0)
(0 -0 -0)
(0 -0 -0)
(0 -0 -0)
(0 -0 -0)
(0 -0 -0)
(0 -0 -0)
(0 -0 -0)
(0 -0 -0)
(0 -0 -0)
(0 -0 0)
(0 -0 0)
(0 -0 0)
(0 -0 0)
(0 -0 0)
(0 -0 0)
(0 -0 0)
(0 -0 0)
(0 -0 0)
(0 -0 0)
(0 -0 0)
(0 -0 0)
(0 -0 0)
(0 -0 0)
(0 -0 0)
(0 -0 0)
(0 -0 0)
(0 -0 0)
(0 -0 0)
(0 -0 0)
(0 -0 0)
(0 -0 0)
(0 -0 0)
(0 -0 0)
(0 -0 0)
(0 -0 0)
(0 -0 0)
(0 -0 0)
(0 -0 0)
(0 -0 0)
(0 -0 0)
(0 -0 0)
(0 -0 0)
(0 -0 0)
(0 -0 0)
(0 -0 0)
(0 -0 0)
(0 -0 0)
(0 -0 0)
(0 -0 0)
(0 -0 0)
(0 -0 0)
(0 -0 0)
(0 -0 0)
(0 -0 0)
(0 -0 0)
(0 -0 0)
(0 -0 0)
(0 -0 0)
(0 -0 0)
(0 -0 0)
(0 -0 0)
(0 -0 0)
(0 -0 0)
(0 -0 0)
(0 -0 0)
(0 -0 0)
(0 -0 0)
(0 -0 0)
(0 -0 0)
(0 -0 0)
(0 -0 0)
(0 -0 0)
(0 -0 -0)
(0 -0 -0)
(0 -0 -0)
(0 -0 0)
(0 -0 0)
(0 -0 0)
(0 -0 0)
(4.27333 -0 0.139172)
(4.21869 -0 0.185923)
(0 -0 0)
(0 -0 0)
(0 -0 0)
(0 -0 0)
(0 -0 0)
(0 -0 0)
(0 -0 0)
(0 -0 0)
(0 -0 0)
(0 -0 0)
(0 -0 0)
(0 -0 0)
(0 -0 0)
(0 -0 0)
(0 -0 0)
(0 -0 0)
(0 -0 0)
(0 -0 0)
(0 -0 0)
(0 -0 0)
(0 -0 0)
(0 -0 0)
(0 -0 0)
(0 -0 0)
(0 -0 0)
(0 -0 0)
(0 -0 0)
(0 -0 0)
(0 -0 0)
(0 -0 0)
(0 -0 0)
(0 -0 0)
(0 -0 0)
(0 -0 0)
(0 -0 0)
(0 -0 0)
(0 -0 0)
(0 -0 0)
(0 -0 -0)
(0 -0 -0)
(0 -0 -0)
(0 -0 -0)
(0 -0 -0)
(0 -0 -0)
(0 -0 -0)
(0 -0 0)
(0 -0 0)
(0 -0 0)
(0 -0 0)
(0 -0 0)
(0 -0 0)
(0 -0 0)
(0 -0 0)
(0 -0 0)
(0 -0 0)
(0 -0 0)
(0 -0 0)
(0 -0 0)
(0 -0 0)
(0 -0 0)
(0 -0 0)
(0 -0 0)
(0 -0 0)
(0 -0 0)
(0 -0 0)
(0 -0 0)
(0 -0 0)
(0 -0 0)
(0 -0 0)
(0 -0 0)
(0 -0 0)
(0 -0 0)
(0 -0 0)
(0 -0 0)
(0 -0 0)
(0 -0 0)
(0 -0 0)
(0 -0 0)
(0 -0 0)
(0 -0 0)
(0 -0 0)
(0 -0 0)
(0 -0 0)
(0 -0 0)
(0 -0 0)
(0 -0 0)
(0 -0 0)
(0 -0 0)
(0 -0 0)
(0 -0 0)
(0 -0 0)
(0 -0 0)
(0 -0 0)
(0 -0 0)
(0 -0 0)
(0 -0 0)
(0 -0 0)
(0 -0 0)
(0 -0 0)
(0 -0 0)
(0 -0 0)
(0 -0 0)
(0 -0 0)
(0 -0 0)
(0 -0 0)
(0 -0 0)
(0 -0 0)
(0 -0 0)
(0 -0 0)
(0 -0 0)
(0 -0 0)
(0 -0 0)
(0 -0 0)
(0 -0 0)
(0 -0 0)
(0 -0 0)
(0 -0 0)
(0 -0 0)
(4.31479 -0 0.223893)
(4.25513 -0 0.257914)
(0 -0 0)
(0 -0 0)
(0 -0 0)
(0 -0 0)
(0 -0 0)
(0 -0 0)
(0 -0 0)
(0 -0 0)
(0 -0 0)
(0 -0 0)
(0 -0 0)
(0 -0 0)
(0 -0 0)
(0 -0 0)
(0 -0 0)
(0 -0 0)
(0 -0 0)
(0 -0 0)
(0 -0 0)
(0 -0 0)
(0 -0 0)
(0 -0 0)
(0 -0 0)
(0 -0 0)
(0 -0 0)
(0 -0 0)
(0 -0 0)
(0 -0 0)
(0 -0 0)
(0 -0 0)
(0 -0 0)
(0 -0 0)
(0 -0 0)
(0 -0 0)
(0 -0 0)
(0 -0 0)
(0 -0 0)
(0 -0 0)
(0 -0 0)
(0 -0 0)
(0 -0 0)
(0 -0 0)
(0 -0 0)
(0 -0 0)
(0 -0 0)
(0 -0 0)
(0 -0 0)
(0 -0 0)
(0 -0 0)
(0 -0 0)
(0 -0 0)
(0 -0 0)
(0 -0 0)
(0 -0 0)
(0 -0 0)
(0 -0 0)
(0 -0 0)
(0 -0 0)
(0 -0 0)
(0 -0 0)
(0 -0 0)
(0 -0 0)
(0 -0 0)
(0 -0 0)
(0 -0 0)
(0 -0 0)
(0 -0 0)
(0 -0 0)
(0 -0 0)
(0 -0 0)
(0 -0 0)
(0 -0 0)
(0 -0 0)
(0 -0 0)
(0 -0 0)
(0 -0 0)
(0 -0 0)
(0 -0 0)
(0 -0 0)
(0 -0 0)
(0 -0 0)
(0 -0 0)
(0 -0 0)
(0 -0 0)
(0 -0 0)
(0 -0 0)
(0 -0 0)
(0 -0 0)
(0 -0 0)
(0 -0 0)
(0 -0 0)
(0 -0 0)
(0 -0 0)
(0 -0 0)
(0 -0 0)
(0 -0 0)
(0 -0 0)
(0 -0 0)
(0 -0 0)
(0 -0 0)
(0 -0 0)
(0 -0 0)
(0 -0 0)
(0 -0 0)
(0 -0 0)
(0 -0 0)
(0 -0 0)
(0 -0 0)
(0 -0 0)
(0 -0 0)
(0 -0 0)
(0 -0 0)
(0 -0 0)
(0 -0 0)
(0 -0 0)
(0 -0 0)
(0 -0 0)
(0 -0 0)
(4.33321 -0 0.316815)
(4.27747 -0 0.329609)
(0 -0 0)
(0 -0 0)
(0 -0 0)
(0 -0 0)
(0 -0 0)
(0 -0 0)
(0 -0 0)
(0 -0 0)
(0 -0 0)
(0 -0 0)
(0 -0 0)
(0 -0 0)
(0 -0 0)
(0 -0 0)
(0 -0 0)
(0 -0 0)
(0 -0 0)
(0 -0 0)
(0 -0 0)
(0 -0 0)
(0 -0 0)
(0 -0 0)
(0 -0 0)
(0 -0 0)
(0 -0 0)
(0 -0 0)
(0 -0 0)
(0 -0 0)
(0 -0 0)
(0 -0 0)
(0 -0 0)
(0 -0 0)
(0 -0 0)
(0 -0 0)
(0 -0 0)
(0 -0 0)
(0 -0 0)
(0 -0 0)
(0 -0 0)
(0 -0 0)
(0 -0 0)
(0 -0 0)
(0 -0 0)
(0 -0 0)
(0 -0 0)
(0 -0 0)
(0 -0 0)
(0 -0 0)
(0 -0 0)
(0 -0 0)
(0 -0 0)
(0 -0 0)
(0 -0 0)
(0 -0 0)
(0 -0 0)
(0 -0 0)
(0 -0 0)
(0 -0 0)
(0 -0 0)
(0 -0 0)
(0 -0 0)
(0 -0 0)
(0 -0 0)
(0 -0 0)
(0 -0 0)
(0 -0 0)
(0 -0 0)
(0 -0 0)
(0 -0 0)
(0 -0 0)
(0 -0 0)
(0 -0 0)
(0 -0 0)
(0 -0 0)
(0 -0 0)
(0 -0 0)
(0 -0 0)
(0 -0 0)
(0 -0 0)
(0 -0 0)
(0 -0 0)
(0 -0 0)
(0 -0 0)
(0 -0 0)
(0 -0 0)
(0 -0 0)
(0 -0 0)
(0 -0 0)
(0 -0 0)
(0 -0 0)
(0 -0 0)
(0 -0 0)
(0 -0 0)
(0 -0 0)
(0 -0 0)
(0 -0 0)
(0 -0 0)
(0 -0 0)
(0 -0 0)
(0 -0 0)
(0 -0 0)
(0 -0 0)
(0 -0 0)
(0 -0 0)
(0 -0 0)
(0 -0 0)
(0 -0 0)
(0 -0 0)
(0 -0 0)
(0 -0 0)
(0 -0 0)
(0 -0 0)
(0 -0 0)
(0 -0 0)
(0 -0 0)
(0 -0 0)
(0 -0 0)
(0 -0 0)
(4.32768 -0 0.368768)
(4.28829 -0 0.382157)
(0 -0 0)
(0 -0 0)
(0 -0 0)
(0 -0 0)
(0 -0 0)
(0 -0 0)
(0 -0 0)
(0 -0 0)
(0 -0 0)
(0 -0 0)
(0 -0 0)
(0 -0 0)
(0 -0 0)
(0 -0 0)
(0 -0 0)
(0 -0 0)
(0 -0 0)
(0 -0 0)
(0 -0 0)
(0 -0 0)
(0 -0 0)
(0 -0 0)
(0 -0 0)
(0 -0 0)
(0 -0 0)
(0 -0 0)
(0 -0 0)
(0 -0 0)
(0 -0 0)
(0 -0 0)
(0 -0 0)
(0 -0 0)
(0 -0 0)
(0 -0 0)
(0 -0 0)
(0 -0 0)
(0 -0 0)
(0 -0 0)
(0 -0 0)
(0 -0 0)
(0 -0 0)
(0 -0 0)
(0 -0 0)
(0 -0 0)
(0 -0 0)
(0 -0 0)
(0 -0 0)
(0 -0 0)
(0 -0 0)
(0 -0 0)
(0 -0 0)
(0 -0 0)
(0 -0 0)
(0 -0 0)
(0 -0 0)
(0 -0 0)
(0 -0 0)
(0 -0 0)
(0 -0 0)
(0 -0 0)
(0 -0 0)
(0 -0 0)
(0 -0 0)
(0 -0 0)
(0 -0 0)
(0 -0 0)
(0 -0 0)
(0 -0 0)
(0 -0 0)
(0 -0 0)
(0 -0 0)
(0 -0 0)
(0 -0 0)
(0 -0 0)
(0 -0 0)
(0 -0 0)
(0 -0 0)
(0 -0 0)
(0 -0 0)
(0 -0 0)
(0 -0 0)
(0 -0 0)
(0 -0 0)
(0 -0 0)
(0 -0 0)
(0 -0 0)
(0 -0 0)
(0 -0 0)
(0 -0 0)
(0 -0 0)
(0 -0 0)
(0 -0 0)
(0 -0 0)
(0 -0 0)
(0 -0 0)
(0 -0 0)
(0 -0 0)
(0 -0 0)
(0 -0 0)
(0 -0 0)
(0 -0 0)
(0 -0 0)
(0 -0 0)
(0 -0 0)
(0 -0 0)
(0 -0 0)
(0 -0 0)
(0 -0 0)
(0 -0 0)
(0 -0 0)
(0 -0 0)
(0 -0 0)
(0 -0 0)
(0 -0 0)
(0 -0 0)
(0 -0 0)
(0 -0 0)
(0 -0 0)
(4.34242 -0 0.369489)
(4.31679 -0 0.410567)
(0 -0 0)
(0 -0 0)
(0 -0 0)
(0 -0 0)
(0 -0 0)
(0 -0 0)
(0 -0 0)
(0 -0 0)
(0 -0 0)
(0 -0 0)
(0 -0 0)
(0 -0 0)
(0 -0 0)
(0 -0 0)
(0 -0 0)
(0 -0 0)
(0 -0 0)
(0 -0 0)
(0 -0 0)
(0 -0 0)
(0 -0 0)
(0 -0 0)
(0 -0 0)
(0 -0 0)
(0 -0 0)
(0 -0 0)
(0 -0 0)
(0 -0 0)
(0 -0 0)
(0 -0 0)
(0 -0 0)
(0 -0 0)
(0 -0 0)
(0 -0 0)
(0 -0 0)
(0 -0 0)
(0 -0 0)
(0 -0 0)
(0 -0 0)
(0 -0 0)
(0 -0 0)
(0 -0 0)
(0 -0 0)
(0 -0 0)
(0 -0 0)
(0 -0 0)
(0 -0 0)
(0 -0 0)
(0 -0 0)
(0 -0 0)
(0 -0 0)
(0 -0 0)
(0 -0 0)
(0 -0 0)
(0 -0 0)
(0 -0 0)
(0 -0 0)
(0 -0 0)
(0 -0 0)
(0 -0 0)
(0 -0 0)
(0 -0 0)
(0 -0 0)
(0 -0 0)
(0 -0 0)
(0 -0 0)
(0 -0 0)
(0 -0 0)
(0 -0 0)
(0 -0 0)
(0 -0 0)
(0 -0 0)
(0 -0 0)
(0 -0 0)
(0 -0 0)
(0 -0 0)
(0 -0 0)
(0 -0 0)
(0 -0 0)
(0 -0 0)
(0 -0 0)
(0 -0 0)
(0 -0 0)
(0 -0 0)
(0 -0 0)
(0 -0 0)
(0 -0 0)
(0 -0 0)
(0 -0 0)
(0 -0 0)
(0 -0 0)
(0 -0 0)
(0 -0 0)
(0 -0 0)
(0 -0 0)
(0 -0 0)
(0 -0 0)
(0 -0 0)
(0 -0 0)
(0 -0 0)
(0 -0 0)
(0 -0 0)
(0 -0 0)
(0 -0 0)
(0 -0 0)
(0 -0 0)
(0 -0 0)
(0 -0 0)
(0 -0 0)
(0 -0 0)
(0 -0 0)
(0 -0 0)
(0 -0 0)
(0 -0 0)
(0 -0 0)
(0 -0 0)
(0 -0 0)
(0 -0 0)
(4.40844 -0 0.391808)
(6.15606 -0 0.608238)
(0 -0 0)
(0 -0 0)
(0 -0 0)
(0 -0 0)
(0 -0 0)
(0 -0 0)
(0 -0 0)
(0 -0 0)
(0 -0 0)
(0 -0 0)
(0 -0 0)
(0 -0 0)
(0 -0 0)
(0 -0 0)
(0 -0 0)
(0 -0 0)
(0 -0 0)
(0 -0 0)
(0 -0 0)
(0 -0 0)
(0 -0 0)
(0 -0 0)
(0 -0 0)
(0 -0 0)
(0 -0 0)
(0 -0 0)
(0 -0 0)
(0 -0 0)
(0 -0 0)
(0 -0 0)
(0 -0 0)
(0 -0 0)
(0 -0 0)
(0 -0 0)
(0 -0 0)
(0 -0 0)
(0 -0 0)
(0 -0 0)
(0 -0 0)
(0 -0 0)
(0 -0 0)
(0 -0 0)
(0 -0 0)
(0 -0 0)
(0 -0 0)
(0 -0 0)
(0 -0 0)
(0 -0 0)
(0 -0 0)
(0 -0 0)
(0 -0 0)
(0 -0 0)
(0 -0 0)
(0 -0 0)
(0 -0 0)
(0 -0 0)
(0 -0 0)
(0 -0 0)
(0 -0 0)
(0 -0 0)
(0 -0 0)
(0 -0 0)
(0 -0 0)
(0 -0 0)
(0 -0 0)
(0 -0 0)
(0 -0 0)
(0 -0 0)
(0 -0 0)
(0 -0 0)
(0 -0 0)
(0 -0 0)
(0 -0 0)
(0 -0 0)
(0 -0 0)
(0 -0 0)
(0 -0 0)
(0 -0 0)
(0 -0 0)
(0 -0 0)
(0 -0 0)
(0 -0 0)
(0 -0 0)
(0 -0 0)
(0 -0 0)
(0 -0 0)
(0 -0 0)
(0 -0 0)
(0 -0 0)
(0 -0 0)
(0 -0 0)
(0 -0 0)
(0 -0 0)
(0 -0 0)
(0 -0 0)
(0 -0 0)
(0 -0 0)
(0 -0 0)
(0 -0 0)
(0 -0 0)
(0 -0 0)
(0 -0 0)
(0 -0 0)
(0 -0 0)
(0 -0 0)
(0 -0 0)
(0 -0 0)
(0 -0 0)
(0 -0 0)
(0 -0 0)
(0 -0 0)
(0 -0 0)
(0 -0 0)
(0 -0 0)
(0 -0 0)
(0 -0 0)
(0 -0 0)
(0 -0 0)
(0.0425219 -0 0.00419152)
(6.26786 -0 0.703478)
(4.3308 -0 0.569668)
(0 -0 0)
(0 -0 0)
(0 -0 0)
(0 -0 0)
(0 -0 0)
(0 -0 0)
(0 -0 0)
(0 -0 0)
(0 -0 0)
(0 -0 0)
(0 -0 0)
(0 -0 0)
(0 -0 0)
(0 -0 0)
(0 -0 0)
(0 -0 0)
(0 -0 0)
(0 -0 0)
(0 -0 0)
(0 -0 0)
(0 -0 0)
(0 -0 0)
(0 -0 0)
(0 -0 0)
(0 -0 0)
(0 -0 0)
(0 -0 0)
(0 -0 0)
(0 -0 0)
(0 -0 0)
(0 -0 0)
(0 -0 0)
(0 -0 0)
(0 -0 0)
(0 -0 0)
(0 -0 0)
(0 -0 0)
(0 -0 0)
(0 -0 0)
(0 -0 0)
(0 -0 0)
(0 -0 0)
(0 -0 0)
(0 -0 0)
(0 -0 0)
(0 -0 0)
(0 -0 0)
(0 -0 0)
(0 -0 0)
(0 -0 0)
(0 -0 0)
(0 -0 0)
(0 -0 0)
(0 -0 0)
(0 -0 0)
(0 -0 0)
(0 -0 0)
(0 -0 0)
(0 -0 0)
(0 -0 0)
(0 -0 0)
(0 -0 0)
(0 -0 0)
(0 -0 0)
(0 -0 0)
(0 -0 0)
(0 -0 0)
(0 -0 0)
(0 -0 0)
(0 -0 0)
(0 -0 0)
(0 -0 0)
(0 -0 0)
(0 -0 0)
(0 -0 0)
(0 -0 0)
(0 -0 0)
(0 -0 0)
(0 -0 0)
(0 -0 0)
(0 -0 0)
(0 -0 0)
(0 -0 0)
(0 -0 0)
(0 -0 0)
(0 -0 0)
(0 -0 0)
(0 -0 0)
(0 -0 0)
(0 -0 0)
(0 -0 0)
(0 -0 0)
(0 -0 0)
(0 -0 0)
(0 -0 0)
(0 -0 0)
(0 -0 0)
(0 -0 0)
(0 -0 0)
(0 -0 0)
(0 -0 0)
(0 -0 0)
(0 -0 0)
(0 -0 0)
(0 -0 0)
(0 -0 0)
(0 -0 0)
(0 -0 0)
(0 -0 0)
(0 -0 0)
(0 -0 0)
(0 -0 0)
(0 -0 0)
(0 -0 0)
(0 -0 0)
(0 -0 0)
(0 -0 0)
(0 -0 0)
(4.51442 -0 0.603301)
(4.43144 -0 0.665687)
(0 -0 0)
(0 -0 0)
(0 -0 0)
(0 -0 0)
(0 -0 0)
(0 -0 0)
(0 -0 0)
(0 -0 0)
(0 -0 0)
(0 -0 0)
(0 -0 0)
(0 -0 0)
(0 -0 0)
(0 -0 0)
(0 -0 0)
(0 -0 0)
(0 -0 0)
(0 -0 0)
(0 -0 0)
(0 -0 0)
(0 -0 0)
(0 -0 0)
(0 -0 0)
(0 -0 0)
(0 -0 0)
(0 -0 0)
(0 -0 0)
(0 -0 0)
(0 -0 0)
(0 -0 0)
(0 -0 0)
(0 -0 0)
(0 -0 0)
(0 -0 0)
(0 -0 0)
(0 -0 0)
(0 -0 0)
(0 -0 0)
(0 -0 0)
(0 -0 0)
(0 -0 0)
(0 -0 0)
(0 -0 0)
(0 -0 0)
(0 -0 0)
(0 -0 0)
(0 -0 0)
(0 -0 0)
(0 -0 0)
(0 -0 0)
(0 -0 0)
(0 -0 0)
(0 -0 0)
(0 -0 0)
(0 -0 0)
(0 -0 0)
(0 -0 0)
(0 -0 0)
(0 -0 0)
(0 -0 0)
(0 -0 0)
(0 -0 0)
(0 -0 0)
(0 -0 0)
(0 -0 0)
(0 -0 0)
(0 -0 0)
(0 -0 0)
(0 -0 0)
(0 -0 0)
(0 -0 0)
(0 -0 0)
(0 -0 0)
(0 -0 0)
(0 -0 0)
(0 -0 0)
(0 -0 0)
(0 -0 0)
(0 -0 0)
(0 -0 0)
(0 -0 0)
(0 -0 0)
(0 -0 0)
(0 -0 0)
(0 -0 0)
(0 -0 0)
(0 -0 0)
(0 -0 0)
(0 -0 0)
(0 -0 0)
(0 -0 0)
(0 -0 0)
(0 -0 0)
(0 -0 0)
(0 -0 0)
(0 -0 0)
(0 -0 0)
(0 -0 0)
(0 -0 0)
(0 -0 0)
(0 -0 0)
(0 -0 0)
(0 -0 0)
(0 -0 0)
(0 -0 0)
(0 -0 0)
(0 -0 0)
(0 -0 0)
(0 -0 0)
(0 -0 0)
(0 -0 0)
(0 -0 0)
(0 -0 0)
(0 -0 0)
(0 -0 0)
(0 -0 0)
(0 -0 0)
(0 -0 0)
(4.57922 -0 0.699259)
(4.48362 -0 0.765197)
(0 -0 0)
(0 -0 0)
(0 -0 0)
(0 -0 0)
(0 -0 0)
(0 -0 0)
(0 -0 0)
(0 -0 0)
(0 -0 0)
(0 -0 0)
(0 -0 0)
(0 -0 0)
(0 -0 0)
(0 -0 0)
(0 -0 0)
(0 -0 0)
(0 -0 0)
(0 -0 0)
(0 -0 0)
(0 -0 0)
(0 -0 0)
(0 -0 0)
(0 -0 0)
(0 -0 0)
(0 -0 0)
(0 -0 0)
(0 -0 0)
(0 -0 0)
(0 -0 0)
(0 -0 0)
(0 -0 0)
(0 -0 0)
(0 -0 0)
(0 -0 0)
(0 -0 0)
(0 -0 0)
(0 -0 0)
(0 -0 0)
(0 -0 0)
(0 -0 0)
(0 -0 0)
(0 -0 0)
(0 -0 0)
(0 -0 0)
(0 -0 0)
(0 -0 0)
(0 -0 0)
(0 -0 0)
(0 -0 0)
(0 -0 0)
(0 -0 0)
(0 -0 0)
(0 -0 0)
(0 -0 0)
(0 -0 0)
(0 -0 0)
(0 -0 0)
(0 -0 0)
(0 -0 0)
(0 -0 0)
(0 -0 0)
(0 -0 0)
(0 -0 0)
(0 -0 0)
(0 -0 0)
(0 -0 0)
(0 -0 0)
(0 -0 0)
(0 -0 0)
(0 -0 0)
(0 -0 0)
(0 -0 0)
(0 -0 0)
(0 -0 0)
(0 -0 0)
(0 -0 0)
(0 -0 0)
(0 -0 0)
(0 -0 0)
(0 -0 0)
(0 -0 0)
(0 -0 0)
(0 -0 0)
(0 -0 0)
(0 -0 0)
(0 -0 0)
(0 -0 0)
(0 -0 0)
(0 -0 0)
(0 -0 0)
(0 -0 0)
(0 -0 0)
(0 -0 0)
(0 -0 0)
(0 -0 0)
(0 -0 0)
(0 -0 0)
(0 -0 0)
(0 -0 -0)
(0 -0 -0)
(0 -0 -0)
(0 -0 -0)
(0 -0 -0)
(0 -0 -0)
(0 -0 -0)
(0 -0 -0)
(0 -0 -0)
(0 -0 -0)
(0 -0 -0)
(0 -0 -0)
(0 -0 0)
(0 -0 0)
(0 -0 0)
(0 -0 0)
(0 -0 0)
(0 -0 0)
(0 -0 0)
(0 -0 0)
(4.66504 -0 0.793076)
(4.54792 -0 0.883201)
(0 -0 0)
(0 -0 0)
(0 -0 0)
(0 -0 0)
(0 -0 0)
(0 -0 0)
(0 -0 0)
(0 -0 0)
(0 -0 0)
(0 -0 0)
(0 -0 0)
(0 -0 0)
(0 -0 0)
(0 -0 0)
(0 -0 0)
(0 -0 0)
(0 -0 0)
(0 -0 0)
(0 -0 0)
(0 -0 0)
(0 -0 0)
(0 -0 0)
(0 -0 0)
(0 -0 0)
(0 -0 0)
(0 -0 0)
(0 -0 0)
(0 -0 0)
(0 -0 0)
(0 -0 0)
(0 -0 0)
(0 -0 0)
(0 -0 0)
(0 -0 0)
(0 -0 0)
(0 -0 0)
(0 -0 0)
(0 -0 0)
(0 -0 0)
(0 -0 0)
(0 -0 0)
(0 -0 0)
(0 -0 0)
(0 -0 0)
(0 -0 0)
(0 -0 0)
(0 -0 0)
(0 -0 0)
(0 -0 0)
(0 -0 0)
(0 -0 0)
(0 -0 0)
(0 -0 0)
(0 -0 0)
(0 -0 0)
(0 -0 0)
(0 -0 0)
(0 -0 0)
(0 -0 0)
(0 -0 0)
(0 -0 0)
(0 -0 0)
(0 -0 0)
(0 -0 0)
(0 -0 0)
(0 -0 0)
(0 -0 0)
(0 -0 0)
(0 -0 0)
(0 -0 0)
(0 -0 0)
(0 -0 0)
(0 -0 0)
(0 -0 0)
(0 -0 0)
(0 -0 0)
(0 -0 0)
(0 -0 0)
(0 -0 0)
(0 -0 0)
(0 -0 0)
(0 -0 0)
(0 -0 0)
(0 -0 0)
(0 -0 0)
(0 -0 0)
(0 -0 0)
(0 -0 0)
(0 -0 0)
(0 -0 0)
(0 -0 0)
(0 -0 0)
(0 -0 0)
(0 -0 0)
(0 -0 -0)
(0 -0 -0)
(0 -0 -0)
(0 -0 -0)
(0 -0 -0)
(0 -0 -0)
(0 -0 -0)
(0 -0 -0)
(0 -0 -0)
(0 -0 -0)
(0 -0 -0)
(0 -0 -0)
(0 -0 -0)
(0 -0 -0)
(0 -0 -0)
(0 -0 -0)
(0 -0 -0)
(0 -0 0)
(0 -0 0)
(0 -0 0)
(0 -0 0)
(0 -0 0)
(0 -0 0)
(0 -0 0)
(4.78093 -0 0.927348)
(4.63135 -0 1.04563)
(0 -0 0)
(0 -0 0)
(0 -0 0)
(0 -0 0)
(0 -0 0)
(0 -0 0)
(0 -0 0)
(0 -0 0)
(0 -0 0)
(0 -0 0)
(0 -0 0)
(0 -0 0)
(0 -0 0)
(0 -0 0)
(0 -0 0)
(0 -0 0)
(0 -0 0)
(0 -0 0)
(0 -0 0)
(0 -0 0)
(0 -0 0)
(0 -0 0)
(0 -0 0)
(0 -0 0)
(0 -0 0)
(0 -0 0)
(0 -0 0)
(0 -0 0)
(0 -0 0)
(0 -0 0)
(0 -0 0)
(0 -0 0)
(0 -0 0)
(0 -0 0)
(0 -0 0)
(0 -0 0)
(0 -0 0)
(3.60021e-16 -0 9.15404e-18)
(0 -0 0)
(0 -0 0)
(0 -0 0)
(0 -0 0)
(0 -0 0)
(0 -0 0)
(0 -0 0)
(0 -0 0)
(0 -0 0)
(0 -0 0)
(0 -0 0)
(0 -0 0)
(0 -0 0)
(0 -0 0)
(0 -0 0)
(0 -0 0)
(0 -0 0)
(0 -0 0)
(0 -0 0)
(0 -0 0)
(0 -0 0)
(0 -0 0)
(0 -0 0)
(0 -0 0)
(0 -0 0)
(0 -0 0)
(0 -0 0)
(0 -0 0)
(0 -0 0)
(0 -0 0)
(0 -0 0)
(0 -0 0)
(0 -0 0)
(0 -0 0)
(0 -0 0)
(0 -0 0)
(0 -0 0)
(0 -0 0)
(0 -0 0)
(0 -0 0)
(0 -0 0)
(0 -0 0)
(0 -0 0)
(0 -0 0)
(0 -0 0)
(0 -0 0)
(0 -0 0)
(0 -0 0)
(0 -0 0)
(0 -0 0)
(0 -0 0)
(0 -0 0)
(0 -0 0)
(0 -0 0)
(0 -0 -0)
(0 -0 -0)
(0 -0 -0)
(0 -0 -0)
(0 -0 -0)
(0 -0 -0)
(0 -0 -0)
(0 -0 -0)
(0 -0 -0)
(0 -0 -0)
(0 -0 -0)
(0 -0 -0)
(0 -0 -0)
(0 -0 -0)
(0 -0 -0)
(0 -0 -0)
(0 -0 -0)
(0 -0 -0)
(0 -0 -0)
(0 -0 0)
(0 -0 0)
(0 -0 0)
(0 -0 0)
(0 -0 0)
(0 -0 0)
(0 -0 0)
(4.91875 -0 1.14925)
(4.72578 -0 1.28422)
(0 -0 0)
(0 -0 0)
(0 -0 0)
(0 -0 0)
(0 -0 0)
(0 -0 0)
(0 -0 0)
(0 -0 0)
(0 -0 0)
(0 -0 0)
(0 -0 0)
(0 -0 0)
(0 -0 0)
(0 -0 0)
(0 -0 0)
(0 -0 0)
(0 -0 0)
(0 -0 0)
(0 -0 0)
(0 -0 0)
(0 -0 0)
(0 -0 0)
(0 -0 0)
(0 -0 0)
(0 -0 0)
(0 -0 0)
(0 -0 0)
(0 -0 0)
(0 -0 0)
(0 -0 0)
(0 -0 0)
(0 -0 0)
(0 -0 0)
(0 -0 0)
(0 -0 0)
(0 -0 0)
(0 -0 0)
(0 -0 0)
(0 -0 0)
(0 -0 0)
(0 -0 0)
(0 -0 0)
(0 -0 0)
(0 -0 0)
(0 -0 0)
(0 -0 0)
(0 -0 0)
(0 -0 0)
(0 -0 0)
(0 -0 0)
(0 -0 0)
(0 -0 0)
(0 -0 0)
(0 -0 0)
(0 -0 0)
(0 -0 0)
(0 -0 0)
(0 -0 0)
(0 -0 0)
(0 -0 0)
(0 -0 0)
(0 -0 0)
(0 -0 0)
(0 -0 0)
(0 -0 0)
(0 -0 0)
(0 -0 0)
(0 -0 0)
(0 -0 0)
(0 -0 0)
(0 -0 0)
(0 -0 0)
(0 -0 0)
(0 -0 0)
(0 -0 0)
(0 -0 0)
(0 -0 0)
(0 -0 0)
(0 -0 0)
(0 -0 0)
(0 -0 0)
(0 -0 0)
(0 -0 0)
(0 -0 0)
(0 -0 0)
(0 -0 0)
(0 -0 0)
(0 -0 0)
(0 -0 0)
(0 -0 -0)
(0 -0 -0)
(0 -0 -0)
(0 -0 -0)
(0 -0 -0)
(0 -0 -0)
(0 -0 -0)
(0 -0 -0)
(0 -0 -0)
(0 -0 -0)
(0 -0 -0)
(0 -0 -0)
(0 -0 -0)
(0 -0 -0)
(0 -0 -0)
(0 -0 -0)
(0 -0 -0)
(0 -0 -0)
(0 -0 -0)
(0 -0 -0)
(0 -0 -0)
(0 -0 0)
(0 -0 0)
(0 -0 0)
(0 -0 0)
(0 -0 0)
(0 -0 0)
(0 -0 0)
(0 -0 0)
(5.05404 -0 1.47303)
(4.80835 -0 1.63482)
(0 -0 0)
(0 -0 0)
(0 -0 0)
(0 -0 0)
(0 -0 0)
(0 -0 0)
(0 -0 0)
(0 -0 0)
(0 -0 0)
(0 -0 0)
(0 -0 0)
(0 -0 0)
(0 -0 0)
(0 -0 0)
(0 -0 0)
(0 -0 0)
(0 -0 0)
(0 -0 0)
(0 -0 0)
(0 -0 0)
(0 -0 0)
(0 -0 0)
(0 -0 0)
(0 -0 0)
(0 -0 0)
(0 -0 0)
(0 -0 0)
(0 -0 0)
(0 -0 0)
(0 -0 0)
(0 -0 0)
(0 -0 0)
(0 -0 0)
(0 -0 0)
(0 -0 0)
(0 -0 0)
(0 -0 0)
(0 -0 0)
(0 -0 0)
(0 -0 0)
(0 -0 0)
(0 -0 0)
(0 -0 0)
(0 -0 0)
(0 -0 0)
(0 -0 0)
(0 -0 0)
(0 -0 0)
(0 -0 0)
(0 -0 0)
(0 -0 0)
(0 -0 0)
(0 -0 0)
(0 -0 0)
(0 -0 0)
(0 -0 0)
(0 -0 0)
(0 -0 0)
(0 -0 0)
(0 -0 0)
(0 -0 0)
(0 -0 0)
(0 -0 0)
(0 -0 0)
(0 -0 0)
(0 -0 0)
(0 -0 0)
(0 -0 0)
(0 -0 0)
(0 -0 0)
(0 -0 0)
(0 -0 0)
(0 -0 0)
(0 -0 0)
(0 -0 0)
(0 -0 0)
(0 -0 0)
(0 -0 0)
(0 -0 0)
(0 -0 0)
(0 -0 0)
(0 -0 0)
(0 -0 0)
(0 -0 0)
(0 -0 0)
(0 -0 0)
(0 -0 -0)
(0 -0 -0)
(0 -0 -0)
(0 -0 -0)
(0 -0 -0)
(0 -0 -0)
(0 -0 -0)
(0 -0 -0)
(0 -0 -0)
(0 -0 -0)
(0 -0 -0)
(0 -0 -0)
(0 -0 -0)
(0 -0 -0)
(0 -0 -0)
(0 -0 -0)
(0 -0 -0)
(0 -0 -0)
(0 -0 -0)
(0 -0 -0)
(0 -0 -0)
(0 -0 -0)
(0 -0 -0)
(0 -0 0)
(0 -0 0)
(0 -0 0)
(0 -0 0)
(0 -0 0)
(0 -0 0)
(0 -0 0)
(0 -0 0)
(0 -0 0)
(5.21783 -0 1.89172)
(4.87041 -0 2.18038)
(0 -0 0)
(0 -0 0)
(0 -0 0)
(0 -0 0)
(0 -0 0)
(0 -0 0)
(0 -0 0)
(0 -0 0)
(0 -0 0)
(0 -0 0)
(0 -0 0)
(0 -0 0)
(0 -0 0)
(0 -0 0)
(0 -0 0)
(0 -0 0)
(0 -0 0)
(0 -0 0)
(0 -0 0)
(0 -0 0)
(0 -0 0)
(0 -0 0)
(0 -0 0)
(0 -0 0)
(0 -0 0)
(0 -0 0)
(0 -0 0)
(0 -0 0)
(0 -0 0)
(0 -0 0)
(0 -0 0)
(0 -0 0)
(0 -0 0)
(0 -0 0)
(0 -0 0)
(0 -0 0)
(0 -0 0)
(4.41854e-16 -0 2.00253e-17)
(0 -0 0)
(0 -0 0)
(0 -0 0)
(0 -0 0)
(0 -0 0)
(0 -0 0)
(0 -0 0)
(0 -0 0)
(0 -0 0)
(0 -0 0)
(0 -0 0)
(0 -0 0)
(0 -0 0)
(0 -0 0)
(0 -0 0)
(0 -0 0)
(0 -0 0)
(0 -0 0)
(0 -0 0)
(0 -0 0)
(0 -0 0)
(0 -0 0)
(0 -0 0)
(0 -0 0)
(0 -0 0)
(0 -0 0)
(0 -0 0)
(0 -0 0)
(0 -0 0)
(0 -0 0)
(0 -0 0)
(0 -0 0)
(0 -0 0)
(0 -0 0)
(0 -0 0)
(0 -0 0)
(0 -0 0)
(0 -0 0)
(0 -0 0)
(0 -0 0)
(0 -0 0)
(0 -0 0)
(0 -0 0)
(0 -0 0)
(0 -0 -0)
(0 -0 -0)
(0 -0 -0)
(0 -0 -0)
(0 -0 -0)
(0 -0 -0)
(0 -0 -0)
(0 -0 -0)
(0 -0 -0)
(0 -0 -0)
(0 -0 -0)
(0 -0 -0)
(0 -0 -0)
(0 -0 -0)
(0 -0 -0)
(0 -0 -0)
(0 -0 -0)
(0 -0 -0)
(0 -0 -0)
(0 -0 -0)
(0 -0 -0)
(0 -0 -0)
(0 -0 -0)
(0 -0 -0)
(0 -0 -0)
(0 -0 -0)
(0 -0 0)
(0 -0 0)
(0 -0 0)
(0 -0 0)
(0 -0 0)
(0 -0 0)
(0 -0 0)
(0 -0 0)
(0 -0 0)
(0 -0 0)
(5.51782 -0 2.36457)
(6.10313 -0 4.01508)
(0 -0 0)
(0 -0 0)
(0 -0 0)
(0 -0 0)
(0 -0 0)
(0 -0 0)
(0 -0 0)
(0 -0 0)
(0 -0 0)
(0 -0 0)
(0 -0 0)
(0 -0 0)
(0 -0 0)
(0 -0 0)
(0 -0 0)
(0 -0 0)
(0 -0 0)
(0 -0 0)
(0 -0 0)
(0 -0 0)
(0 -0 0)
(0 -0 0)
(0 -0 0)
(0 -0 0)
(0 -0 0)
(0 -0 0)
(0 -0 0)
(0 -0 0)
(0 -0 0)
(0 -0 0)
(0 -0 0)
(0 -0 0)
(0 -0 0)
(0 -0 0)
(0 -0 0)
(0 -0 0)
(0 -0 0)
(0 -0 0)
(0 -0 0)
(0 -0 0)
(0 -0 0)
(0 -0 0)
(0 -0 0)
(0 -0 0)
(0 -0 0)
(0 -0 0)
(0 -0 0)
(0 -0 0)
(0 -0 0)
(0 -0 0)
(0 -0 0)
(0 -0 0)
(0 -0 0)
(0 -0 0)
(0 -0 0)
(0 -0 0)
(0 -0 0)
(0 -0 0)
(0 -0 0)
(0 -0 0)
(0 -0 0)
(0 -0 0)
(0 -0 0)
(0 -0 0)
(0 -0 0)
(0 -0 0)
(0 -0 0)
(0 -0 0)
(0 -0 0)
(0 -0 0)
(0 -0 0)
(0 -0 0)
(0 -0 0)
(0 -0 0)
(0 -0 0)
(0 -0 0)
(0 -0 0)
(0 -0 0)
(0 -0 0)
(0 -0 -0)
(0 -0 -0)
(0 -0 -0)
(0 -0 -0)
(0 -0 -0)
(0 -0 -0)
(0 -0 -0)
(0 -0 -0)
(0 -0 -0)
(0 -0 -0)
(0 -0 -0)
(0 -0 -0)
(0 -0 -0)
(0 -0 -0)
(0 -0 -0)
(0 -0 -0)
(0 -0 -0)
(0 -0 -0)
(0 -0 -0)
(0 -0 -0)
(0 -0 -0)
(0 -0 -0)
(0 -0 -0)
(0 -0 -0)
(0 -0 -0)
(0 -0 -0)
(0 -0 -0)
(0 -0 -0)
(0 -0 0)
(0 -0 0)
(0 -0 0)
(0 -0 0)
(0 -0 0)
(0 -0 0)
(0 -0 0)
(0 -0 0)
(0 -0 0)
(0 -0 0)
(0 -0 0)
(1.62519 -0 0.598653)
(5.78043 -0 3.23806)
(2.30552 -0 1.6373)
(0 -0 0)
(0 -0 0)
(0 -0 0)
(0 -0 0)
(0 -0 0)
(0 -0 0)
(0 -0 0)
(0 -0 0)
(0 -0 0)
(0 -0 0)
(0 -0 0)
(0 -0 0)
(0 -0 0)
(0 -0 0)
(0 -0 0)
(0 -0 0)
(0 -0 0)
(0 -0 0)
(0 -0 0)
(0 -0 0)
(0 -0 0)
(0 -0 0)
(0 -0 0)
(0 -0 0)
(0 -0 0)
(0 -0 0)
(0 -0 0)
(0 -0 0)
(0 -0 0)
(0 -0 0)
(0 -0 0)
(0 -0 0)
(0 -0 0)
(0 -0 0)
(0 -0 0)
(0 -0 0)
(0 -0 0)
(0 -0 0)
(0 -0 0)
(0 -0 0)
(0 -0 0)
(0 -0 0)
(0 -0 0)
(0 -0 0)
(0 -0 0)
(0 -0 0)
(0 -0 0)
(0 -0 0)
(0 -0 0)
(0 -0 0)
(0 -0 0)
(0 -0 0)
(0 -0 0)
(0 -0 0)
(0 -0 0)
(0 -0 0)
(0 -0 0)
(0 -0 0)
(0 -0 0)
(0 -0 0)
(0 -0 0)
(0 -0 0)
(0 -0 0)
(0 -0 0)
(0 -0 0)
(0 -0 0)
(0 -0 0)
(0 -0 0)
(0 -0 0)
(0 -0 0)
(0 -0 0)
(0 -0 0)
(0 -0 0)
(0 -0 0)
(0 -0 0)
(0 -0 0)
(0 -0 -0)
(0 -0 -0)
(0 -0 -0)
(0 -0 -0)
(0 -0 -0)
(0 -0 -0)
(0 -0 -0)
(0 -0 -0)
(0 -0 -0)
(0 -0 -0)
(0 -0 -0)
(0 -0 -0)
(0 -0 -0)
(0 -0 -0)
(0 -0 -0)
(0 -0 -0)
(0 -0 -0)
(0 -0 -0)
(0 -0 -0)
(0 -0 -0)
(0 -0 -0)
(0 -0 -0)
(0 -0 -0)
(0 -0 -0)
(0 -0 -0)
(0 -0 -0)
(0 -0 -0)
(0 -0 -0)
(0 -0 -0)
(0 -0 0)
(0 -0 0)
(0 -0 0)
(0 -0 0)
(0 -0 0)
(0 -0 0)
(0 -0 0)
(0 -0 0)
(0 -0 0)
(0 -0 0)
(0 -0 0)
(0 -0 0)
(2.10003 -0 0.670948)
(5.93968 -0 1.19589)
(2.14756 -0 1.12809)
(0 -0 0)
(0 -0 0)
(0 -0 0)
(0 -0 0)
(0 -0 0)
(0 -0 0)
(0 -0 0)
(0 -0 0)
(0 -0 0)
(0 -0 0)
(0 -0 0)
(0 -0 0)
(0 -0 0)
(0 -0 0)
(0 -0 0)
(0 -0 0)
(0 -0 0)
(0 -0 0)
(0 -0 0)
(0 -0 0)
(0 -0 0)
(0 -0 0)
(0 -0 0)
(0 -0 0)
(0 -0 0)
(0 -0 0)
(0 -0 0)
(0 -0 0)
(0 -0 0)
(0 -0 0)
(0 -0 0)
(0 -0 0)
(0 -0 0)
(0 -0 0)
(0 -0 0)
(0 -0 0)
(6.29491e-16 -0 4.8019e-17)
(0 -0 0)
(0 -0 0)
(0 -0 0)
(0 -0 0)
(0 -0 0)
(0 -0 0)
(0 -0 0)
(0 -0 0)
(0 -0 0)
(0 -0 0)
(0 -0 0)
(0 -0 0)
(0 -0 0)
(0 -0 0)
(0 -0 0)
(0 -0 0)
(0 -0 0)
(0 -0 0)
(0 -0 0)
(0 -0 0)
(0 -0 0)
(0 -0 0)
(0 -0 0)
(0 -0 0)
(0 -0 0)
(0 -0 0)
(0 -0 0)
(0 -0 0)
(0 -0 0)
(0 -0 0)
(0 -0 0)
(0 -0 0)
(0 -0 0)
(0 -0 0)
(0 -0 0)
(0 -0 -0)
(0 -0 -0)
(0 -0 -0)
(0 -0 -0)
(0 -0 -0)
(0 -0 -0)
(0 -0 -0)
(0 -0 -0)
(0 -0 -0)
(0 -0 -0)
(0 -0 -0)
(0 -0 -0)
(0 -0 -0)
(0 -0 -0)
(0 -0 -0)
(0 -0 -0)
(0 -0 -0)
(0 -0 -0)
(0 -0 -0)
(0 -0 -0)
(0 -0 -0)
(0 -0 -0)
(0 -0 -0)
(0 -0 -0)
(0 -0 -0)
(0 -0 -0)
(0 -0 -0)
(0 -0 -0)
(0 -0 -0)
(0 -0 -0)
(0 -0 -0)
(0 -0 -0)
(0 -0 0)
(0 -0 0)
(0 -0 0)
(0 -0 0)
(0 -0 0)
(0 -0 0)
(0 -0 0)
(0 -0 0)
(0 -0 0)
(0 -0 0)
(0 -0 0)
(0 -0 0)
(0 -0 0)
(4.99225 -0 1.95365)
(4.9316 -0 0.767038)
(0 -0 0)
(0 -0 0)
(0 -0 0)
(0 -0 0)
(0 -0 0)
(0 -0 0)
(0 -0 0)
(0 -0 0)
(0 -0 0)
(0 -0 0)
(0 -0 0)
(0 -0 0)
(0 -0 0)
(0 -0 0)
(0 -0 0)
(0 -0 0)
(0 -0 0)
(0 -0 0)
(0 -0 0)
(0 -0 0)
(0 -0 0)
(0 -0 0)
(0 -0 0)
(0 -0 0)
(0 -0 0)
(0 -0 0)
(0 -0 0)
(0 -0 0)
(0 -0 0)
(0 -0 0)
(0 -0 0)
(0 -0 0)
(0 -0 0)
(0 -0 0)
(0 -0 0)
(0 -0 0)
(0 -0 0)
(0 -0 0)
(0 -0 0)
(0 -0 0)
(0 -0 0)
(0 -0 0)
(0 -0 0)
(0 -0 0)
(0 -0 0)
(0 -0 0)
(0 -0 0)
(0 -0 0)
(0 -0 0)
(0 -0 0)
(0 -0 0)
(0 -0 0)
(0 -0 0)
(0 -0 0)
(0 -0 0)
(0 -0 0)
(0 -0 0)
(0 -0 0)
(0 -0 0)
(0 -0 0)
(0 -0 0)
(0 -0 0)
(0 -0 0)
(0 -0 0)
(0 -0 0)
(0 -0 0)
(0 -0 0)
(0 -0 0)
(0 -0 0)
(0 -0 0)
(0 -0 0)
(0 -0 -0)
(0 -0 -0)
(0 -0 -0)
(0 -0 -0)
(0 -0 -0)
(0 -0 -0)
(0 -0 -0)
(0 -0 -0)
(0 -0 -0)
(0 -0 -0)
(0 -0 -0)
(0 -0 -0)
(0 -0 -0)
(0 -0 -0)
(0 -0 -0)
(0 -0 -0)
(0 -0 -0)
(0 -0 -0)
(0 -0 -0)
(0 -0 -0)
(0 -0 -0)
(0 -0 -0)
(0 -0 -0)
(0 -0 -0)
(0 -0 -0)
(0 -0 -0)
(0 -0 -0)
(0 -0 -0)
(0 -0 -0)
(0 -0 -0)
(0 -0 -0)
(0 -0 -0)
(0 -0 -0)
(0 -0 0)
(0 -0 0)
(0 -0 0)
(0 -0 0)
(0 -0 0)
(0 -0 0)
(0 -0 0)
(0 -0 0)
(0 -0 0)
(0 -0 0)
(0 -0 0)
(0 -0 0)
(0 -0 0)
(0 -0 0)
(0.137917 -0 0.0713131)
(6.63113 -0 3.78622)
(5.0869 -0 3.1292)
(0 -0 0)
(0 -0 0)
(0 -0 0)
(0 -0 0)
(0 -0 0)
(0 -0 0)
(0 -0 0)
(0 -0 0)
(0 -0 0)
(0 -0 0)
(0 -0 0)
(0 -0 0)
(0 -0 0)
(0 -0 0)
(0 -0 0)
(0 -0 0)
(0 -0 0)
(0 -0 0)
(0 -0 0)
(0 -0 0)
(0 -0 0)
(0 -0 0)
(0 -0 0)
(0 -0 0)
(0 -0 0)
(0 -0 0)
(0 -0 0)
(0 -0 0)
(0 -0 0)
(0 -0 0)
(0 -0 0)
(0 -0 0)
(0 -0 0)
(0 -0 0)
(0 -0 0)
(0 -0 0)
(0 -0 0)
(0 -0 0)
(0 -0 0)
(0 -0 0)
(0 -0 0)
(0 -0 0)
(0 -0 0)
(0 -0 0)
(0 -0 0)
(0 -0 0)
(0 -0 0)
(0 -0 0)
(0 -0 0)
(0 -0 0)
(0 -0 0)
(0 -0 0)
(0 -0 0)
(0 -0 0)
(0 -0 0)
(0 -0 0)
(0 -0 0)
(0 -0 0)
(0 -0 0)
(0 -0 0)
(0 -0 0)
(0 -0 0)
(0 -0 0)
(0 -0 0)
(0 -0 0)
(0 -0 0)
(0 -0 0)
(0 -0 -0)
(0 -0 -0)
(0 -0 -0)
(0 -0 -0)
(0 -0 -0)
(0 -0 -0)
(0 -0 -0)
(0 -0 -0)
(0 -0 -0)
(0 -0 -0)
(0 -0 -0)
(0 -0 -0)
(0 -0 -0)
(0 -0 -0)
(0 -0 -0)
(0 -0 -0)
(0 -0 -0)
(0 -0 -0)
(0 -0 -0)
(0 -0 -0)
(0 -0 -0)
(0 -0 -0)
(0 -0 -0)
(0 -0 -0)
(0 -0 -0)
(0 -0 -0)
(0 -0 -0)
(0 -0 -0)
(0 -0 -0)
(0 -0 -0)
(0 -0 -0)
(0.00144763 -0 -2.57657e-05)
(0.00947251 -0 -3.3624e-06)
(0.00545436 -0 -3.59698e-05)
(0.0312603 -0 -3.49975e-08)
(0.00785667 -0 2.3854e-05)
(0.0729928 -0 1.08591e-07)
(0.0116292 -0 6.25873e-05)
(0.120517 -0 7.2605e-06)
(0.0227091 -0 4.2903e-05)
(0.137732 -0 0.000114602)
(0.0434441 -0 7.69125e-05)
(0.0993542 -0 0.00011979)
(0.0408858 -0 0.000102846)
(0.0592553 -0 5.11232e-05)
(0.0517122 -0 2.80067e-07)
(0.0837487 -0 6.37074e-07)
(0.0787544 -0 7.90843e-09)
(0.0935671 -0 1.5642e-05)
(0.15948 -0 0.000125291)
(0.139665 -0 0.000210327)
(2.54559 -0 2.07754)
(5.59565 -0 7.3092)
(1.41648 -0 1.781)
(0 -0 0)
(0 -0 0)
(0 -0 0)
(0 -0 0)
(0 -0 0)
(0 -0 0)
(0 -0 0)
(0 -0 0)
(0 -0 0)
(0 -0 0)
(0 -0 0)
(0 -0 0)
(0 -0 0)
(0 -0 0)
(0 -0 0)
(0 -0 0)
(0 -0 0)
(0 -0 0)
(0 -0 0)
(0 -0 0)
(0 -0 0)
(0 -0 0)
(0 -0 0)
(0 -0 0)
(0 -0 0)
(0 -0 0)
(0 -0 0)
(0 -0 0)
(0 -0 0)
(0 -0 0)
(0 -0 0)
(0 -0 0)
(0 -0 0)
(0 -0 0)
(0 -0 0)
(0 -0 0)
(0 -0 0)
(0 -0 0)
(0 -0 0)
(0 -0 0)
(0 -0 0)
(0 -0 0)
(0 -0 0)
(0 -0 0)
(0 -0 0)
(0 -0 0)
(0 -0 0)
(0 -0 0)
(0 -0 0)
(0 -0 0)
(0 -0 0)
(0 -0 0)
(0 -0 0)
(0 -0 0)
(0 -0 0)
(0 -0 0)
(0 -0 0)
(0 -0 0)
(0 -0 0)
(0 -0 0)
(0 -0 0)
(0 -0 0)
(0 -0 0)
(0 -0 0)
(0 -0 -0)
(0 -0 -0)
(0 -0 -0)
(0 -0 -0)
(0 -0 -0)
(0 -0 -0)
(0 -0 -0)
(0 -0 -0)
(0 -0 -0)
(0 -0 -0)
(-0 -0 -0)
(-0 -0 -0)
(-0 -0 -0)
(0 -0 -0)
(0 -0 -0)
(0 -0 -0)
(0 -0 -0)
(0 -0 -0)
(0 -0 -0)
(0 -0 -0)
(0 -0 -0)
(0 -0 -0)
(0 -0 -0)
(0 -0 -0)
(0 -0 -0)
(0 -0 -0)
(0 -0 -0)
(0 -0 -0)
(0 -0 -0)
(0.00190404 -0 -9.71766e-06)
(0.00758791 -0 -6.71436e-05)
(0.0179904 -0 -0.00113849)
(0.0299365 -0 -0.00594637)
(0.0392504 -0 -0.00954721)
(0.0511977 -0 -0.00951331)
(0.0502659 -0 -0.0080551)
(0.107558 -0 -0.0129444)
(0.11339 -0 -0.0113447)
(0.225565 -0 -0.0189758)
(0.173553 -0 -0.00918527)
(0.407336 -0 -0.0222104)
(0.222246 -0 -0.00904252)
(0.539798 -0 -0.0330824)
(0.129007 -0 -0.00422341)
(0.294214 -0 -0.0160478)
(0.0164054 -0 0.00148613)
(-0.119844 -0 0.00495232)
(0.0422011 -0 -0.00284055)
(0.732312 -0 -0.00385669)
(0.47545 -0 -0.0147088)
(2.60475 -0 -0.04448)
(1.35679 -0 0.0392062)
(3.22225 -0 0.166481)
(2.84036 -0 0.161142)
(3.82333 -0 0.323924)
(-0.888256 -0 2.63956)
(0 -0 0)
(0 -0 0)
(0 -0 0)
(0 -0 0)
(0 -0 0)
(0 -0 0)
(0 -0 0)
(0 -0 0)
(0 -0 0)
(0 -0 0)
(0 -0 0)
(0 -0 0)
(0 -0 0)
(0 -0 0)
(0 -0 0)
(0 -0 0)
(0 -0 0)
(0 -0 0)
(0 -0 0)
(0 -0 0)
(0 -0 0)
(0 -0 0)
(0 -0 0)
(0 -0 0)
(0 -0 0)
(0 -0 0)
(0 -0 0)
(0 -0 0)
(0 -0 0)
(0 -0 0)
(0 -0 0)
(0 -0 0)
(0 -0 0)
(0 -0 0)
(0 -0 0)
(0 -0 0)
(0 -0 0)
(0 -0 0)
(0 -0 0)
(0 -0 0)
(0 -0 0)
(0 -0 0)
(0 -0 0)
(0 -0 0)
(0 -0 0)
(0 -0 0)
(0 -0 0)
(0 -0 0)
(0 -0 0)
(0 -0 0)
(0 -0 0)
(0 -0 0)
(0 -0 0)
(0 -0 0)
(0 -0 0)
(0 -0 0)
(0 -0 0)
(0 -0 0)
(0 -0 0)
(0 -0 0)
(0 -0 0)
(0 -0 0)
(0 -0 -0)
(0 -0 -0)
(0 -0 -0)
(0 -0 -0)
(0 -0 -0)
(-0 -0 -0)
(-0 -0 -0)
(-0 -0 -0)
(-0 -0 -0)
(-0 -0 -0)
(-0 -0 -0)
(-0 -0 -0)
(-0 -0 -0)
(-0 -0 -0)
(-0 -0 -0)
(-0 -0 -0)
(0 -0 -0)
(0 -0 -0)
(0 -0 -0)
(0 -0 -0)
(0 -0 -0)
(0 -0 -0)
(0 -0 -0)
(0 -0 -0)
(0 -0 -0)
(0 -0 -0)
(0.00701719 -0 -0.000307369)
(0.0162067 -0 -0.000440988)
(0.0309839 -0 -0.00132205)
(0.0482679 -0 -0.0041153)
(0.0624502 -0 -0.00739951)
(0.0869002 -0 -0.0106137)
(0.100426 -0 -0.0144667)
(0.133463 -0 -0.0186592)
(0.136542 -0 -0.0164483)
(0.185215 -0 -0.0153266)
(0.206834 -0 -0.0150186)
(0.347273 -0 -0.0381642)
(0.300718 -0 -0.0381154)
(0.590123 -0 -0.0637386)
(0.566365 -0 -0.0651685)
(1.02138 -0 -0.118359)
(0.734174 -0 -0.087412)
(1.17344 -0 -0.089008)
(0.971953 -0 -0.0783453)
(1.34388 -0 -0.13545)
(0.0918249 -0 -0.0106192)
(-1.45464 -0 0.191429)
(-1.62918 -0 0.224114)
(-0.279337 -0 0.0978145)
(-0.342109 -0 0.0605268)
(1.04243 -0 -0.187195)
(6.03102 -0 -1.0747)
(7.76899 -0 -1.83239)
(3.81375 -0 -1.12281)
(3.03676 -0 -1.03958)
(0.0802032 -0 -0.0375892)
(0.0540122 -0 0.112646)
(0 -0 0)
(0 -0 0)
(0 -0 0)
(0 -0 0)
(0 -0 0)
(0 -0 0)
(0 -0 0)
(0 -0 0)
(0 -0 0)
(0 -0 0)
(0 -0 0)
(0 -0 0)
(0 -0 0)
(0 -0 0)
(0 -0 0)
(0 -0 0)
(0 -0 0)
(0 -0 0)
(0 -0 0)
(0 -0 0)
(0 -0 0)
(0 -0 0)
(0 -0 0)
(0 -0 0)
(0 -0 0)
(0 -0 0)
(0 -0 0)
(0 -0 0)
(0 -0 0)
(0 -0 0)
(0 -0 0)
(0 -0 0)
(0 -0 0)
(0 -0 0)
(0 -0 0)
(0 -0 0)
(0 -0 0)
(0 -0 0)
(0 -0 0)
(0 -0 0)
(0 -0 0)
(0 -0 0)
(0 -0 0)
(0 -0 0)
(0 -0 0)
(0 -0 0)
(0 -0 0)
(0 -0 0)
(0 -0 0)
(0 -0 0)
(0 -0 0)
(0 -0 0)
(0 -0 0)
(0 -0 0)
(0 -0 0)
(0 -0 0)
(0 -0 0)
(0 -0 0)
(0 -0 0)
(-0 -0 0)
(-0 -0 0)
(-0 -0 -0)
(-0 -0 -0)
(-0 -0 -0)
(-0 -0 -0)
(-0 -0 -0)
(-0 -0 -0)
(-0 -0 -0)
(-0 -0 -0)
(-0 -0 -0)
(-0 -0 -0)
(-0 -0 -0)
(-0 -0 -0)
(-0 -0 -0)
(-0 -0 -0)
(-0 -0 -0)
(-0 -0 -0)
(-0 -0 -0)
(0 -0 -0)
(0 -0 -0)
(0 -0 -0)
(0 -0 -0)
(0 -0 -0)
(0.00388727 -0 -0.000136948)
(0.00921381 -0 -0.000545647)
(0.0243352 -0 -0.00165036)
(0.0462457 -0 -0.00398135)
(0.0876946 -0 -0.0153415)
(0.127368 -0 -0.0267982)
(0.147641 -0 -0.02999)
(0.158455 -0 -0.0303406)
(0.156439 -0 -0.0281817)
(0.178877 -0 -0.0306142)
(0.194608 -0 -0.0285039)
(0.229169 -0 -0.0304801)
(0.216949 -0 -0.0265552)
(0.337461 -0 -0.0401807)
(0.483861 -0 -0.0629308)
(0.588098 -0 -0.089167)
(0.72267 -0 -0.0964044)
(1.14305 -0 -0.133835)
(1.64341 -0 -0.205568)
(1.72222 -0 -0.205189)
(2.27681 -0 -0.247108)
(2.75308 -0 -0.321737)
(2.54972 -0 -0.34689)
(0.388443 -0 -0.0521671)
(0.82641 -0 -0.139161)
(0.680703 -0 -0.129241)
(-1.81578 -0 0.374231)
(3.27704 -0 -0.709815)
(4.46362 -0 -1.10027)
(-4.38011 -0 1.13529)
(-2.98217 -0 0.833655)
(1.60016 -0 -0.539123)
(1.1525 -0 -0.345581)
(0.335646 -0 -0.0842523)
(0.336675 -0 -0.0736469)
(0.00140943 -0 -0.000467947)
(0.00617613 -0 0.00975753)
(0 -0 0)
(0 -0 0)
(0 -0 0)
(0 -0 0)
(0 -0 0)
(0 -0 0)
(0 -0 0)
(0 -0 0)
(0 -0 0)
(0 -0 0)
(0 -0 0)
(0 -0 0)
(0 -0 0)
(0 -0 0)
(0 -0 0)
(0 -0 0)
(0 -0 0)
(0 -0 0)
(0 -0 0)
(0 -0 0)
(0 -0 0)
(0 -0 0)
(0 -0 0)
(0 -0 0)
(0 -0 0)
(0 -0 0)
(0 -0 0)
(0 -0 0)
(0 -0 0)
(0 -0 0)
(0 -0 0)
(0 -0 0)
(0 -0 0)
(0 -0 0)
(0 -0 0)
(0 -0 0)
(0 -0 0)
(0 -0 0)
(0 -0 0)
(0 -0 0)
(0 -0 0)
(0 -0 0)
(0 -0 0)
(0 -0 0)
(0 -0 0)
(0 -0 0)
(0 -0 0)
(0 -0 0)
(0 -0 0)
(0 -0 0)
(0 -0 0)
(0 -0 0)
(0 -0 0)
(-0 -0 0)
(-0 -0 0)
(-0 -0 0)
(-0 -0 0)
(-0 -0 0)
(-0 -0 0)
(-0 -0 0)
(-0 -0 -0)
(-0 -0 -0)
(-0 -0 -0)
(-0 -0 -0)
(-0 -0 -0)
(-0 -0 -0)
(-0 -0 -0)
(-0 -0 -0)
(-0 -0 -0)
(-0 -0 -0)
(-0 -0 -0)
(-0 -0 -0)
(-0 -0 -0)
(-0 -0 -0)
(-0 -0 -0)
(-0 -0 -0)
(-0 -0 -0)
(1.56971e-05 -0 -0.000121542)
(0.00128977 -0 -0.000306611)
(0.00430323 -0 -0.0009728)
(0.0110373 -0 -0.00161832)
(0.0480265 -0 -0.00407141)
(0.107412 -0 -0.0145809)
(0.154866 -0 -0.0265097)
(0.16362 -0 -0.0334485)
(0.177803 -0 -0.0395197)
(0.194187 -0 -0.0417134)
(0.199411 -0 -0.0378127)
(0.211977 -0 -0.033862)
(0.280724 -0 -0.0401511)
(0.272868 -0 -0.0359218)
(0.207619 -0 -0.0282822)
(0.199971 -0 -0.0276206)
(0.336748 -0 -0.0446603)
(0.476603 -0 -0.0637283)
(0.474078 -0 -0.0655169)
(0.9253 -0 -0.120395)
(1.80173 -0 -0.216986)
(1.86052 -0 -0.219905)
(1.6923 -0 -0.227998)
(4.26147 -0 -0.59732)
(6.11504 -0 -0.874506)
(5.01492 -0 -0.805017)
(1.65477 -0 -0.307844)
(5.43063 -0 -1.08183)
(4.62368 -0 -0.972208)
(0.771035 -0 -0.174271)
(1.32795 -0 -0.32571)
(2.13338 -0 -0.528848)
(-0.655899 -0 0.155383)
(-0.0630997 -0 0.00769002)
(1.08539 -0 -0.266124)
(0.002491 -0 -0.00076361)
(-0.181733 -0 0.0454247)
(0.077251 -0 -0.0118843)
(0.0501505 -0 -0.00792847)
(0.0238738 -0 -0.00694803)
(0.0245983 -0 -0.0159614)
(0.00022872 -0 -0.00020988)
(3.86681e-05 -0 0.00159673)
(0 -0 0)
(0 -0 0)
(0 -0 0)
(0 -0 0)
(0 -0 0)
(0 -0 0)
(0 -0 0)
(0 -0 0)
(0 -0 0)
(0 -0 0)
(0 -0 0)
(0 -0 0)
(0 -0 0)
(0 -0 0)
(0 -0 0)
(0 -0 0)
(0 -0 0)
(0 -0 0)
(0 -0 0)
(0 -0 0)
(0 -0 0)
(0 -0 0)
(0 -0 0)
(0 -0 0)
(0 -0 0)
(0 -0 0)
(0 -0 0)
(0 -0 0)
(0 -0 0)
(0 -0 0)
(0 -0 0)
(0 -0 0)
(0 -0 0)
(0 -0 0)
(0 -0 0)
(0 -0 0)
(0 -0 0)
(0 -0 0)
(0 -0 0)
(0 -0 0)
(0 -0 0)
(0 -0 0)
(0 -0 0)
(0 -0 0)
(0 -0 0)
(0 -0 0)
(0 -0 0)
(-0 -0 0)
(-0 -0 0)
(-0 -0 0)
(-0 -0 0)
(-0 -0 0)
(-0 -0 0)
(-0 -0 0)
(-0 -0 0)
(-0 -0 0)
(-0 -0 0)
(-0 -0 0)
(-0 -0 0)
(-0 -0 0)
(-0 -0 -0)
(-0 -0 -0)
(-0 -0 -0)
(-0 -0 -0)
(-0 -0 -0)
(-0 -0 -0)
(-0 -0 -0)
(-0 -0 -0)
(-0 -0 -0)
(-0 -0 -0)
(-0 -0 -0)
(-0 -0 -0)
(-0.00403274 -0 -0.000297067)
(-0.008895 -0 -0.000713723)
(-0.0246065 -0 -0.00162093)
(-0.021443 -0 -0.000425584)
(0.0101125 -0 -0.00332653)
(0.0465552 -0 -0.00708788)
(0.0981865 -0 -0.0150553)
(0.179993 -0 -0.0289973)
(0.212429 -0 -0.0354333)
(0.241785 -0 -0.0433563)
(0.293706 -0 -0.0503425)
(0.386574 -0 -0.0608063)
(0.395314 -0 -0.0569062)
(0.27893 -0 -0.0340973)
(0.174178 -0 -0.0214349)
(0.197428 -0 -0.0253318)
(0.395988 -0 -0.0476871)
(0.66239 -0 -0.0815356)
(0.599274 -0 -0.0728534)
(0.0872212 -0 -0.0158105)
(0.336616 -0 -0.0547414)
(1.61211 -0 -0.211353)
(1.38009 -0 -0.18671)
(-0.10487 -0 0.00212499)
(1.7898 -0 -0.283517)
(8.06622 -0 -1.31046)
(4.8396 -0 -0.895878)
(-0.61024 -0 0.120483)
(5.32827 -0 -1.05144)
(10.861 -0 -2.22862)
(5.50346 -0 -1.18642)
(1.15324 -0 -0.253571)
(2.15712 -0 -0.472147)
(2.66846 -0 -0.584636)
(0.511992 -0 -0.110961)
(0.396678 -0 -0.0768459)
(0.378945 -0 -0.0696482)
(0.137472 -0 -0.0257185)
(0.0117251 -0 -0.000602425)
(0.0361309 -0 -0.00580502)
(0.0108822 -0 -0.00210951)
(-0.00205983 -0 0.000567677)
(0.00389453 -0 -0.00155716)
(0.00494188 -0 -0.00265205)
(0.0104281 -0 -0.00702932)
(0.00102808 -0 -0.000784905)
(5.70205e-05 -0 -1.7194e-05)
(0 -0 0)
(0 -0 0)
(0 -0 0)
(0 -0 0)
(0 -0 0)
(0 -0 0)
(0 -0 0)
(0 -0 0)
(0 -0 0)
(0 -0 0)
(0 -0 0)
(0 -0 0)
(0 -0 0)
(0 -0 0)
(0 -0 0)
(0 -0 0)
(0 -0 0)
(0 -0 0)
(0 -0 0)
(0 -0 0)
(0 -0 0)
(0 -0 0)
(0 -0 0)
(0 -0 0)
(0 -0 0)
(0 -0 0)
(0 -0 0)
(0 -0 0)
(0 -0 0)
(0 -0 0)
(0 -0 0)
(0 -0 0)
(0 -0 0)
(0 -0 0)
(0 -0 0)
(0 -0 0)
(3.47947e-15 -0 4.60116e-16)
(0 -0 0)
(0 -0 0)
(0 -0 0)
(0 -0 0)
(0 -0 0)
(0 -0 0)
(0 -0 0)
(0 -0 0)
(0 -0 0)
(0 -0 0)
(0 -0 0)
(-0 -0 0)
(-0 -0 0)
(-0 -0 0)
(-0 -0 0)
(-0 -0 0)
(-0 -0 0)
(-0 -0 0)
(-0 -0 0)
(-0 -0 0)
(-0 -0 0)
(-0 -0 0)
(-0 -0 0)
(-0 -0 -0)
(-0 -0 -0)
(-0 -0 -0)
(-0 -0 -0)
(-0 -0 -0)
(-0 -0 -0)
(-0.00507211 -0 -7.29817e-05)
(-0.0169074 -0 -0.000279838)
(-0.0413248 -0 -0.000853615)
(-0.0618174 -0 -0.000959659)
(-0.0903633 -0 -0.00108654)
(-0.115218 -0 0.00328183)
(-0.0842061 -0 0.00826167)
(-0.0327641 -0 0.00897474)
(0.00890317 -0 0.00649735)
(0.075344 -0 -0.00141498)
(0.107334 -0 -0.00725717)
(0.110612 -0 -0.0122925)
(0.0198948 -0 0.00102505)
(0.0220129 -0 0.00248527)
(0.434651 -0 -0.0598445)
(0.736514 -0 -0.0858584)
(0.447732 -0 -0.0427738)
(0.288867 -0 -0.0313752)
(1.01962 -0 -0.0865646)
(1.43187 -0 -0.118901)
(0.691356 -0 -0.0732976)
(-0.0570553 -0 0.00356626)
(-0.114722 -0 0.0140189)
(1.26782 -0 -0.162781)
(3.27295 -0 -0.390386)
(2.15491 -0 -0.288307)
(-2.75614 -0 0.417203)
(-0.54914 -0 0.0852029)
(7.06174 -0 -1.14818)
(4.55132 -0 -0.811685)
(-2.72641 -0 0.554118)
(0.128877 -0 -0.0391543)
(6.36532 -0 -1.25197)
(4.60964 -0 -0.879524)
(0.259097 -0 -0.0542224)
(0.968969 -0 -0.189779)
(1.93571 -0 -0.328831)
(1.43489 -0 -0.234509)
(0.503974 -0 -0.08485)
(0.289999 -0 -0.0438328)
(0.247131 -0 -0.0320958)
(0.130506 -0 -0.0172905)
(0.0649416 -0 -0.00955248)
(0.035706 -0 -0.00547551)
(0.0236231 -0 -0.00404987)
(0.00477491 -0 -0.000986093)
(0.0024083 -0 -0.000686507)
(0.000813263 -0 -0.000275742)
(8.45326e-05 -0 -6.71874e-05)
(0.000942604 -0 -0.000466925)
(0.00185204 -0 -0.00103835)
(0.00027835 -0 -0.000153387)
(3.92546e-06 -0 -1.61519e-06)
(0 -0 -0)
(0 -0 0)
(0 -0 0)
(0 -0 0)
(0 -0 0)
(0 -0 0)
(0 -0 0)
(0 -0 0)
(0 -0 0)
(0 -0 0)
(0 -0 0)
(0 -0 0)
(0 -0 0)
(0 -0 0)
(0 -0 0)
(0 -0 0)
(0 -0 0)
(0 -0 0)
(0 -0 0)
(0 -0 0)
(0 -0 0)
(0 -0 0)
(0 -0 0)
(0 -0 0)
(0 -0 0)
(0 -0 0)
(0 -0 0)
(0 -0 0)
(0 -0 0)
(0 -0 0)
(0 -0 0)
(0 -0 0)
(0 -0 0)
(0 -0 0)
(0 -0 0)
(0 -0 0)
(0 -0 0)
(0 -0 0)
(0 -0 0)
(0 -0 0)
(0 -0 0)
(0 -0 0)
(0 -0 0)
(0 -0 0)
(0 -0 0)
(0 -0 0)
(0 -0 0)
(-0 -0 0)
(-0 -0 0)
(-0 -0 0)
(-0 -0 0)
(-0 -0 0)
(-0 -0 0)
(-0 -0 0)
(-0.000991712 -0 7.59747e-06)
(-0.0015551 -0 4.65303e-06)
(-0.00991167 -0 5.27291e-05)
(-0.0226682 -0 3.83866e-05)
(-0.0311828 -0 -1.95732e-06)
(-0.0435906 -0 -3.14544e-05)
(-0.0470559 -0 -4.15268e-05)
(-0.0622517 -0 -0.000104688)
(-0.074884 -0 -0.000113537)
(-0.0822065 -0 -0.000171145)
(-0.083751 -0 -0.000169913)
(-0.0940366 -0 0.0022843)
(-0.106937 -0 0.00928278)
(-0.164211 -0 0.0237279)
(-0.243758 -0 0.0435086)
(-0.267423 -0 0.0508282)
(-0.205423 -0 0.0403263)
(-0.144179 -0 0.0316005)
(-0.223634 -0 0.0382443)
(-0.375908 -0 0.0463804)
(-0.582438 -0 0.0612325)
(-0.532624 -0 0.0450335)
(0.131408 -0 -0.0200251)
(0.809439 -0 -0.0785007)
(1.01873 -0 -0.0977612)
(0.0302788 -0 -0.00856661)
(-0.922333 -0 0.0716578)
(0.951966 -0 -0.08731)
(3.48798 -0 -0.260485)
(0.914188 -0 -0.0921311)
(-2.67764 -0 0.289643)
(3.65561 -0 -0.461857)
(7.79411 -0 -1.04735)
(2.50342 -0 -0.361237)
(-0.409784 -0 0.0618966)
(-0.650715 -0 0.0947842)
(1.22374 -0 -0.188323)
(4.61027 -0 -0.778606)
(3.11619 -0 -0.551668)
(-1.76464 -0 0.332532)
(-0.949024 -0 0.163889)
(2.251 -0 -0.384032)
(1.91434 -0 -0.316151)
(0.379582 -0 -0.0591601)
(0.187412 -0 -0.0187888)
(0.594899 -0 -0.0662556)
(0.614126 -0 -0.0692558)
(0.306465 -0 -0.0353878)
(0.182699 -0 -0.0183215)
(0.15277 -0 -0.0142325)
(0.137109 -0 -0.0130136)
(0.0699201 -0 -0.00742575)
(0.0499524 -0 -0.00588373)
(0.0269989 -0 -0.00397069)
(0.0283234 -0 -0.00527717)
(0.0132814 -0 -0.00299513)
(0.011799 -0 -0.00321906)
(0.00623884 -0 -0.0019446)
(0.00330836 -0 -0.00117297)
(0.00100602 -0 -0.00038772)
(0.000187289 -0 -7.7349e-05)
(5.09004e-05 -0 -2.60732e-05)
(0.000175161 -0 -8.42673e-05)
(1.04858e-05 -0 -3.96004e-06)
(1.53929e-06 -0 -2.0135e-07)
(0 -0 -0)
(0 -0 -0)
(0 -0 -0)
(0 -0 0)
(0 -0 0)
(0 -0 0)
(0 -0 0)
(0 -0 0)
(0 -0 0)
(0 -0 0)
(0 -0 0)
(0 -0 0)
(0 -0 0)
(0 -0 0)
(0 -0 0)
(0 -0 0)
(0 -0 0)
(0 -0 0)
(0 -0 0)
(0 -0 0)
(0 -0 0)
(0 -0 0)
(0 -0 0)
(0 -0 0)
(0 -0 0)
(0 -0 0)
(0 -0 0)
(0 -0 0)
(0 -0 0)
(0 -0 0)
(0 -0 0)
(0 -0 0)
(0 -0 0)
(0 -0 0)
(0 -0 0)
(0 -0 0)
(0 -0 0)
(0 -0 0)
(0 -0 0)
(0 -0 0)
(0 -0 0)
(0 -0 0)
(0 -0 0)
(0 -0 0)
(0.00207458 -0 7.49125e-06)
(0.00646729 -0 1.39959e-05)
(0.00480506 -0 1.42793e-05)
(0.000273411 -0 4.5471e-05)
(-0.00550991 -0 5.74756e-05)
(-0.00627076 -0 8.13489e-06)
(-0.00450487 -0 4.80741e-06)
(-0.00631966 -0 6.94334e-06)
(-0.00933454 -0 5.23453e-06)
(-0.0290989 -0 0.000903399)
(-0.0748672 -0 0.00622071)
(-0.0999144 -0 0.00977826)
(-0.122692 -0 0.0130556)
(-0.159675 -0 0.0216089)
(-0.192002 -0 0.0299318)
(-0.186574 -0 0.0282941)
(-0.150988 -0 0.0217127)
(-0.191537 -0 0.0235927)
(-0.238965 -0 0.0271542)
(-0.287526 -0 0.0294287)
(-0.274683 -0 0.0251204)
(-0.241166 -0 0.0198102)
(-0.195766 -0 0.0147959)
(-0.384337 -0 0.0225067)
(-0.991239 -0 0.0483705)
(-1.57025 -0 0.0713591)
(-2.01556 -0 0.100401)
(-3.0722 -0 0.168158)
(-2.02414 -0 0.106931)
(1.14523 -0 -0.105314)
(0.130089 -0 -0.0198641)
(-4.58716 -0 0.431533)
(-4.40135 -0 0.430679)
(2.54218 -0 -0.258447)
(5.52063 -0 -0.580013)
(1.09553 -0 -0.121151)
(-1.64685 -0 0.159863)
(-1.16922 -0 0.129176)
(2.94954 -0 -0.384681)
(6.68333 -0 -0.990451)
(1.48486 -0 -0.210621)
(-3.02421 -0 0.500144)
(1.36099 -0 -0.200339)
(4.40718 -0 -0.566798)
(2.08894 -0 -0.267624)
(0.370415 -0 -0.0514879)
(0.243174 -0 -0.0367972)
(0.27304 -0 -0.0386212)
(0.455388 -0 -0.0529849)
(0.439588 -0 -0.0463312)
(0.160943 -0 -0.0160752)
(0.064315 -0 -0.00302839)
(0.151726 -0 -0.00759735)
(0.16436 -0 -0.00643242)
(0.113083 -0 -0.00601677)
(0.0695067 -0 -0.00448632)
(0.0634897 -0 -0.00381784)
(0.0572561 -0 -0.00360216)
(0.0452425 -0 -0.00410172)
(0.0285684 -0 -0.00339314)
(0.0262364 -0 -0.00344431)
(0.0208697 -0 -0.00304221)
(0.0200198 -0 -0.00366735)
(0.0150281 -0 -0.00317125)
(0.0136368 -0 -0.00296934)
(0.0107855 -0 -0.00266014)
(0.0079608 -0 -0.00231213)
(0.00531312 -0 -0.00165813)
(0.00294043 -0 -0.000923779)
(0.00140509 -0 -0.000467194)
(0.000436437 -0 -0.000171943)
(7.33711e-05 -0 -3.56525e-05)
(1.23151e-05 -0 -6.22807e-06)
(1.56474e-06 -0 -6.5648e-07)
(0 -0 -0)
(0 -0 -0)
(0 -0 -0)
(0 -0 -0)
(0 -0 -0)
(0 -0 -0)
(0 -0 -0)
(0 -0 0)
(0 -0 0)
(0 -0 0)
(0 -0 0)
(0 -0 0)
(0 -0 0)
(0 -0 0)
(0 -0 0)
(0 -0 0)
(0 -0 0)
(0 -0 0)
(0 -0 0)
(0 -0 0)
(0 -0 0)
(0 -0 0)
(0 -0 0)
(0 -0 0)
(0 -0 0)
(0 -0 0)
(0 -0 0)
(0 -0 0)
(0 -0 0)
(0 -0 0)
(0 -0 0)
(0 -0 0)
(0 -0 0)
(0 -0 0)
(0 -0 0)
(0 -0 0)
(0 -0 0)
(0 -0 0)
(0 -0 0)
(0 -0 0)
(0.23107 -0 2.75589e-06)
(0.286734 -0 1.9246e-05)
(0.272381 -0 3.99373e-05)
(0.311439 -0 6.34902e-05)
(0.324892 -0 -0.00370569)
(0.282594 -0 -0.0106807)
(0.246373 -0 -0.0129602)
(0.15021 -0 -0.00687726)
(0.0224208 -0 -0.00126701)
(-0.21866 -0 0.00925245)
(-0.422597 -0 0.0164019)
(-0.355338 -0 0.00828787)
(-0.341542 -0 0.00562153)
(-0.257081 -0 0.00373255)
(-0.467514 -0 0.00900893)
(-1.64521 -0 0.0481231)
(-2.60214 -0 0.0918183)
(-1.6284 -0 0.05135)
(-0.912017 -0 0.0267625)
(-0.957849 -0 0.0349728)
(-0.324944 -0 0.0118593)
(-1.49851 -0 0.0557932)
(-1.89667 -0 0.0768173)
(-1.16219 -0 0.051159)
(-1.6287 -0 0.0762478)
(-0.296616 -0 0.0122136)
(1.77436 -0 -0.103184)
(-2.03957 -0 0.127487)
(-4.51339 -0 0.308216)
(-2.46581 -0 0.190393)
(-4.875 -0 0.453673)
(-5.36754 -0 0.594754)
(-7.0235 -0 0.867307)
(-9.52072 -0 1.22791)
(-2.14617 -0 0.285971)
(4.88907 -0 -0.561958)
(1.72537 -0 -0.18702)
(-4.31752 -0 0.57729)
(-3.8993 -0 0.500471)
(1.21403 -0 -0.135094)
(2.77151 -0 -0.29254)
(0.755782 -0 -0.0840886)
(0.0535821 -0 -0.00121175)
(0.228202 -0 -0.029462)
(0.342346 -0 -0.0380561)
(0.612719 -0 -0.0548721)
(0.425863 -0 -0.0368368)
(0.0796003 -0 -0.00627651)
(0.097365 -0 -0.00568252)
(0.204772 -0 -0.0121519)
(0.162469 -0 -0.00966605)
(0.0831729 -0 -0.00401159)
(0.0550135 -0 -0.00108355)
(0.043188 -0 -7.83221e-05)
(0.040571 -0 -0.000107874)
(0.0385046 -0 -0.000362004)
(0.0323204 -0 -0.000539749)
(0.0231882 -0 -0.00053113)
(0.020391 -0 -0.000797903)
(0.0199352 -0 -0.00146965)
(0.0197068 -0 -0.00224627)
(0.0155566 -0 -0.00208697)
(0.0148528 -0 -0.00211332)
(0.0141611 -0 -0.00211628)
(0.0138309 -0 -0.00223653)
(0.0125653 -0 -0.0021193)
(0.0115517 -0 -0.00202218)
(0.0109819 -0 -0.00206717)
(0.00958588 -0 -0.00194485)
(0.00823899 -0 -0.00179307)
(0.00673164 -0 -0.00165613)
(0.00525008 -0 -0.00141956)
(0.00338781 -0 -0.000966026)
(0.00193927 -0 -0.000614922)
(0.000910319 -0 -0.000332378)
(0.000333503 -0 -0.000135358)
(6.97975e-05 -0 -2.89361e-05)
(1.15058e-06 -0 -4.36552e-07)
(1.06897e-07 -0 -5.42571e-08)
(0 -0 -0)
(0 -0 -0)
(0 -0 -0)
(0 -0 -0)
(0 -0 -0)
(0 -0 -0)
(0 -0 -0)
(0 -0 -0)
(0 -0 -0)
(0 -0 -0)
(0 -0 0)
(0 -0 0)
(0 -0 0)
(0 -0 0)
(0 -0 0)
(0 -0 0)
(0 -0 0)
(0 -0 0)
(0 -0 0)
(0 -0 0)
(0 -0 0)
(0 -0 0)
(0 -0 0)
(0 -0 0)
(0 -0 0)
(0 -0 0)
(0 -0 0)
(0 -0 0)
(0 -0 0)
(0 -0 0)
(0 -0 0)
(0 -0 0)
(0 -0 0)
(0 -0 0)
(0 -0 0)
(0 -0 0)
(0 -0 0)
(0 -0 0)
(0 -0 0)
(0 -0 0)
(0 -0 0)
(39.7353 -0 -0.18686)
(18.2304 -0 -0.208667)
(7.60512 -0 -0.11466)
(7.08385 -0 -0.115957)
(10.4596 -0 -0.158881)
(7.08803 -0 -0.0908285)
(3.59981 -0 -0.0466195)
(0.766353 -0 -0.0150422)
(-1.27955 -0 0.0367476)
(-6.3739 -0 0.218592)
(-6.66933 -0 0.247856)
(-3.37882 -0 0.142957)
(-5.92459 -0 0.295514)
(-2.85446 -0 0.151377)
(-0.184589 -0 0.0069893)
(-7.49159 -0 0.437559)
(-10.0535 -0 0.621345)
(-4.3814 -0 0.293166)
(-0.641656 -0 0.0425906)
(-1.08532 -0 0.0762296)
(-3.25561 -0 0.255407)
(-4.19351 -0 0.363225)
(-2.82274 -0 0.247986)
(-2.15405 -0 0.192814)
(-0.792217 -0 0.078716)
(0.60607 -0 -0.0533667)
(0.563487 -0 -0.0507406)
(-0.925507 -0 0.107556)
(-1.86066 -0 0.208208)
(-1.1995 -0 0.129175)
(-1.2888 -0 0.125211)
(-1.24414 -0 0.108447)
(-1.0296 -0 0.0826565)
(-1.10205 -0 0.0803006)
(-0.760673 -0 0.0465461)
(-0.180725 -0 0.00902911)
(0.0411941 -0 -0.00339587)
(-0.0824523 -0 0.00367684)
(-0.148028 -0 0.00805361)
(-0.0347807 -0 0.00178173)
(0.0578186 -0 -0.00226036)
(0.0498051 -0 -0.00181096)
(0.0313267 -0 -0.000312851)
(0.0281672 -0 0.000544838)
(0.0256711 -0 0.000730429)
(0.0297375 -0 0.000653199)
(0.0283229 -0 0.000383266)
(0.0210235 -0 0.000221034)
(0.0166543 -0 0.00024962)
(0.0158275 -0 0.000219269)
(0.0147568 -0 -0.000108934)
(0.011575 -0 -0.000664534)
(0.0103808 -0 -0.00129744)
(0.00966854 -0 -0.00165074)
(0.00919463 -0 -0.00163397)
(0.00920193 -0 -0.00162547)
(0.00923554 -0 -0.00167786)
(0.00915414 -0 -0.00161043)
(0.00892838 -0 -0.00136982)
(0.00910866 -0 -0.00118349)
(0.00887167 -0 -0.00111835)
(0.00827078 -0 -0.00110069)
(0.00795397 -0 -0.00107756)
(0.00753162 -0 -0.00107303)
(0.00726114 -0 -0.00116314)
(0.00676704 -0 -0.00122328)
(0.0064119 -0 -0.00124466)
(0.00564543 -0 -0.00114608)
(0.0048689 -0 -0.0010895)
(0.003689 -0 -0.000913637)
(0.00267249 -0 -0.000702902)
(0.0016415 -0 -0.000482768)
(0.000701074 -0 -0.000228772)
(0.000214162 -0 -6.62403e-05)
(6.90359e-05 -0 -1.99409e-05)
(3.26957e-06 -0 -8.49592e-07)
(7.30421e-07 -0 -1.40532e-07)
(0 -0 -0)
(-0 -0 -0)
(0 -0 -0)
(0 -0 -0)
(0 -0 -0)
(0 -0 -0)
(0 -0 -0)
(0 -0 -0)
(0 -0 -0)
(0 -0 -0)
(0 -0 -0)
(0 -0 -0)
(0 -0 -0)
(0 -0 -0)
(0 -0 -0)
(0 -0 -0)
(0 -0 0)
(0 -0 0)
(0 -0 0)
(0 -0 0)
(0 -0 0)
(0 -0 0)
(0 -0 0)
(0 -0 0)
(0 -0 0)
(0 -0 0)
(0 -0 0)
(0 -0 0)
(0 -0 0)
(0 -0 0)
(0 -0 0)
(0 -0 0)
(0 -0 0)
(0 -0 0)
(0 -0 0)
(0 -0 0)
(0 -0 0)
(0 -0 0)
(0 -0 0)
(0 -0 0)
(0 -0 0)
(0 -0 0)
(0 -0 0)
(8.66681 -0 0.0378182)
(4.69732 -0 0.029214)
(2.79429 -0 5.54493e-05)
(1.96375 -0 -0.00896996)
(1.75322 -0 -0.0108848)
(1.50781 -0 -0.017199)
(1.08706 -0 -0.0211569)
(0.4349 -0 -0.00887386)
(-0.0671292 -0 0.00105467)
(-0.537792 -0 0.00854668)
(-0.836992 -0 0.0161115)
(-0.646114 -0 0.0123211)
(-0.546434 -0 0.0101764)
(-0.345786 -0 0.00732045)
(-0.153016 -0 0.00395601)
(-0.507437 -0 0.0154163)
(-0.829141 -0 0.0261807)
(-0.682393 -0 0.0165757)
(-0.379867 -0 0.00711124)
(-0.258766 -0 0.00549602)
(-0.224287 -0 0.0055277)
(-0.231911 -0 0.00587939)
(-0.204866 -0 0.0055126)
(-0.173577 -0 0.00420732)
(-0.0888944 -0 0.00148421)
(-0.00887578 -0 5.33679e-05)
(0.00733819 -0 -0.000295734)
(-0.0316463 -0 -1.04856e-05)
(-0.0712558 -0 -0.000314071)
(-0.0724303 -0 -0.000880192)
(-0.0690147 -0 -0.0011723)
(-0.062286 -0 -0.000964192)
(-0.0493995 -0 -0.000683276)
(-0.0429623 -0 -0.000768514)
(-0.0340652 -0 -0.000863508)
(-0.020485 -0 -0.000505973)
(-0.00796491 -0 -0.000120967)
(-0.00295456 -0 -3.95858e-05)
(-0.00191762 -0 -3.32217e-05)
(-0.000124158 -0 1.57029e-07)
(0.00229391 -0 -1.91683e-05)
(0.00385099 -0 -0.000196908)
(0.00406053 -0 -0.000203626)
(0.00569212 -0 -0.000148846)
(0.00618366 -0 -0.000194666)
(0.00712635 -0 -0.000373521)
(0.00754781 -0 -0.000516169)
(0.00789953 -0 -0.000631562)
(0.0077792 -0 -0.000730131)
(0.00785585 -0 -0.000820516)
(0.00813162 -0 -0.000764778)
(0.00856245 -0 -0.000475088)
(0.00898713 -0 -7.64647e-05)
(0.00895308 -0 0.000135977)
(0.00887898 -0 8.40678e-05)
(0.00847575 -0 -0.000115002)
(0.00800341 -0 -0.000343522)
(0.00713844 -0 -0.000495344)
(0.00651188 -0 -0.000625007)
(0.00590966 -0 -0.00075789)
(0.00549495 -0 -0.000849706)
(0.0049668 -0 -0.000838837)
(0.00454794 -0 -0.000810944)
(0.00402813 -0 -0.000762246)
(0.00364253 -0 -0.000752299)
(0.00291598 -0 -0.000636299)
(0.00240439 -0 -0.000537924)
(0.00178598 -0 -0.000436294)
(0.00126625 -0 -0.000339912)
(0.000515813 -0 -0.00014042)
(0.000263858 -0 -6.90311e-05)
(1.24338e-05 -0 -2.53025e-06)
(4.34417e-06 -0 -4.26105e-07)
(1.3472e-06 -0 -9.28212e-08)
(8.54369e-07 -0 -3.70091e-08)
(0 -0 -0)
(0 -0 -0)
(0 -0 -0)
(-0 -0 -0)
(0 -0 -0)
(0 -0 -0)
(0 -0 -0)
(0 -0 -0)
(0 -0 -0)
(0 -0 -0)
(0 -0 -0)
(0 -0 -0)
(0 -0 -0)
(0 -0 -0)
(0 -0 -0)
(0 -0 -0)
(0 -0 -0)
(0 -0 -0)
(0 -0 -0)
(0 -0 0)
(0 -0 0)
(0 -0 0)
(0 -0 0)
(0 -0 0)
(0 -0 0)
(0 -0 0)
(0 -0 0)
(0 -0 0)
(0 -0 0)
(0 -0 0)
(0 -0 0)
(0 -0 0)
(0 -0 0)
(0 -0 0)
(0 -0 0)
(0 -0 0)
(0 -0 0)
(0 -0 0)
(0 -0 0)
(0 -0 0)
(0 -0 0)
(0 -0 0)
(0 -0 0)
(0 -0 0)
(0 -0 0)
(0.0836366 -0 -0.000148127)
(0.0394103 -0 0.000201984)
(0.0310347 -0 0.00068867)
(0.0277753 -0 0.000912656)
(0.0306183 -0 0.000993954)
(0.0319363 -0 0.000915309)
(0.0256849 -0 0.000748925)
(0.0136651 -0 0.000375265)
(0.00142988 -0 2.92317e-05)
(-0.00754334 -0 -0.000112589)
(-0.0125338 -0 -0.000109089)
(-0.00912946 -0 -2.9134e-05)
(-0.00692002 -0 8.73815e-07)
(-0.00653513 -0 2.64926e-05)
(-0.00662851 -0 3.21535e-05)
(-0.0108625 -0 2.3279e-06)
(-0.0171725 -0 -1.5148e-05)
(-0.0210256 -0 0.000139764)
(-0.0205462 -0 0.000232503)
(-0.0192321 -0 0.000140637)
(-0.0149198 -0 0.000162157)
(-0.0120121 -0 0.00027939)
(-0.00902372 -0 0.000212682)
(-0.00682044 -0 0.000137264)
(-0.00468646 -0 0.000144088)
(-0.00371057 -0 0.000185502)
(-0.00244363 -0 0.000178842)
(-0.00233931 -0 0.00020349)
(-0.00304152 -0 0.000246776)
(-0.00379873 -0 0.000287262)
(-0.00437475 -0 0.000280942)
(-0.00481903 -0 0.000258588)
(-0.00447764 -0 0.000227463)
(-0.00411965 -0 0.000194889)
(-0.00363255 -0 0.000168518)
(-0.00287878 -0 0.000142509)
(-0.00162832 -0 6.03258e-05)
(-0.00076601 -0 9.21954e-06)
(-0.000237479 -0 -2.74199e-07)
(0.000291719 -0 4.55722e-06)
(0.00113064 -0 3.58009e-05)
(0.00227076 -0 0.000112035)
(0.00322058 -0 0.000139489)
(0.0037172 -0 0.000126513)
(0.00412311 -0 0.000115584)
(0.00478335 -0 6.25211e-05)
(0.00494353 -0 4.27731e-06)
(0.00525142 -0 1.22197e-06)
(0.00510526 -0 3.86978e-05)
(0.00543313 -0 4.2442e-05)
(0.00520349 -0 -4.92734e-05)
(0.00498811 -0 -0.000169278)
(0.00493539 -0 -0.000281135)
(0.00530195 -0 -0.000384115)
(0.00527668 -0 -0.00040782)
(0.00502043 -0 -0.000403771)
(0.00414002 -0 -0.000359009)
(0.00343738 -0 -0.000323333)
(0.00276611 -0 -0.000279421)
(0.00227939 -0 -0.000241249)
(0.00171876 -0 -0.000187484)
(0.00142516 -0 -0.00016169)
(0.00107828 -0 -0.000136406)
(0.000857728 -0 -0.000124901)
(0.00050624 -0 -7.58673e-05)
(0.000362348 -0 -5.35913e-05)
(0.000201747 -0 -3.429e-05)
(0.000117195 -0 -2.28037e-05)
(1.09268e-05 -0 -1.74574e-06)
(4.92181e-06 -0 -3.15695e-07)
(2.62753e-06 -0 -3.37421e-08)
(0 -0 -0)
(0 -0 -0)
(0 -0 -0)
(0 -0 -0)
(0 -0 -0)
(0 -0 -0)
(0 -0 -0)
(0 -0 -0)
(0 -0 -0)
(0 -0 -0)
(0 -0 -0)
(0 -0 -0)
(0 -0 -0)
(0 -0 -0)
(0 -0 -0)
(0 -0 -0)
(0 -0 -0)
(0 -0 -0)
(0 -0 -0)
(0 -0 -0)
(0 -0 -0)
(0 -0 -0)
(0 -0 -0)
(0 -0 -0)
(0 -0 0)
(0 -0 0)
(0 -0 0)
(0 -0 0)
(0 -0 0)
(0 -0 0)
(0 -0 0)
(0 -0 0)
(0 -0 0)
(0 -0 0)
(0 -0 0)
(0 -0 0)
(0 -0 0)
(0 -0 0)
(0 -0 0)
(0 -0 0)
(0 -0 0)
(0 -0 0)
(0 -0 0)
(0 -0 0)
(0 -0 0)
(0 -0 0)
(0 -0 0)
(0 -0 0)
(0 -0 0)
(5.93359e-05 -0 -5.05697e-10)
(3.31161e-05 -0 -8.12698e-11)
(2.8968e-05 -0 -4.80877e-09)
(2.77792e-05 -0 -8.11356e-09)
(2.93961e-05 -0 6.03959e-07)
(2.67534e-05 -0 1.65271e-06)
(0.000216514 -0 1.76599e-05)
(0.000181653 -0 1.34565e-05)
(0.000102691 -0 6.29198e-06)
(-3.08078e-05 -0 -1.63766e-06)
(-7.19474e-05 -0 -4.49531e-06)
(1.62805e-05 -0 -7.83388e-07)
(8.31511e-05 -0 3.57165e-06)
(-2.60683e-05 -0 -9.47665e-06)
(-0.000352966 -0 -3.93038e-05)
(-0.00103436 -0 -0.000103485)
(-0.00225178 -0 -0.00018841)
(-0.00366045 -0 -0.000228073)
(-0.00453974 -0 -0.000207153)
(-0.00499151 -0 -0.000134375)
(-0.00500075 -0 -4.21578e-05)
(-0.00449641 -0 1.21967e-05)
(-0.00383763 -0 6.74606e-05)
(-0.00319289 -0 9.94423e-05)
(-0.0026839 -0 0.000102511)
(-0.00221539 -0 0.000112883)
(-0.00179551 -0 0.000100654)
(-0.00162861 -0 8.18712e-05)
(-0.00156738 -0 8.2526e-05)
(-0.00154976 -0 0.000105107)
(-0.0014503 -0 0.000132777)
(-0.00123999 -0 0.000138289)
(-0.000907818 -0 0.000101636)
(-0.000634679 -0 6.4749e-05)
(-0.000434313 -0 4.46462e-05)
(-0.000248064 -0 2.54621e-05)
(-0.000124438 -0 9.88265e-06)
(-6.36372e-05 -0 3.37067e-06)
(-3.00077e-05 -0 1.18734e-06)
(-1.26323e-05 -0 5.79348e-07)
(5.25441e-08 -0 -3.83331e-08)
(5.17782e-06 -0 -9.63902e-08)
(1.17767e-05 -0 1.08391e-08)
(1.39757e-05 -0 5.05544e-09)
(1.52781e-05 -0 8.79469e-09)
(1.77779e-05 -0 2.84783e-10)
(1.96991e-05 -0 4.71813e-11)
(2.14804e-05 -0 1.19717e-10)
(2.15952e-05 -0 3.23335e-10)
(2.4038e-05 -0 9.18446e-10)
(2.51523e-05 -0 4.95064e-10)
(2.55222e-05 -0 3.0083e-09)
(2.54565e-05 -0 8.9126e-09)
(2.64328e-05 -0 1.34533e-08)
(2.61352e-05 -0 9.80214e-09)
(2.51498e-05 -0 6.91787e-09)
(2.14171e-05 -0 5.5163e-09)
(1.83696e-05 -0 4.6073e-09)
(1.51505e-05 -0 3.54e-09)
(1.30739e-05 -0 2.19073e-09)
(1.07274e-05 -0 1.36003e-09)
(9.51483e-06 -0 9.45134e-10)
(7.74112e-06 -0 -1.56193e-10)
(6.6657e-06 -0 -2.57592e-09)
(4.43683e-06 -0 -3.48195e-09)
(4.02987e-06 -0 -1.83292e-09)
(2.79821e-06 -0 -8.48021e-10)
(1.84524e-06 -0 -1.01148e-09)
(0 -0 -0)
(0 -0 -0)
(0 -0 -0)
(0 -0 -0)
(0 -0 -0)
(0 -0 -0)
(0 -0 -0)
(0 -0 -0)
(0 -0 -0)
(0 -0 -0)
(0 -0 -0)
(0 -0 -0)
(0 -0 -0)
(0 -0 -0)
(0 -0 -0)
(0 -0 -0)
(0 -0 -0)
(0 -0 -0)
(0 -0 -0)
(0 -0 -0)
(0 -0 -0)
(0 -0 -0)
(0 -0 -0)
(0 -0 -0)
(0 -0 -0)
(0 -0 -0)
(0 -0 -0)
(0 -0 0)
(0 -0 0)
(0 -0 0)
(0 -0 0)
(0 -0 0)
(0 -0 0)
(0 -0 0)
(0 -0 0)
(0 -0 0)
(0 -0 0)
(0 -0 0)
(0 -0 0)
(0 -0 0)
(0 -0 0)
(0 -0 0)
(0 -0 0)
(0 -0 0)
(0 -0 0)
(0 -0 0)
(0 -0 0)
(0 -0 0)
(0 -0 0)
(0 -0 0)
(0 -0 0)
(0 -0 0)
(0 -0 -0)
(0 -0 -0)
(0 -0 -0)
(0 -0 -0)
(0 -0 -0)
(0 -0 -0)
(1.87253e-06 -0 -3.25593e-09)
(1.55911e-06 -0 -2.27503e-09)
(1.34905e-06 -0 -1.83542e-09)
(5.37207e-07 -0 -4.43109e-10)
(3.2735e-07 -0 2.19139e-10)
(2.42995e-07 -0 1.2128e-09)
(-8.05384e-08 -0 2.91897e-09)
(-1.20108e-06 -0 1.32084e-09)
(-3.28072e-06 -0 7.75644e-11)
(-7.19459e-06 -0 -1.90797e-09)
(-1.33349e-05 -0 -1.74469e-09)
(-2.04342e-05 -0 -1.1049e-10)
(-2.56212e-05 -0 6.63574e-10)
(-2.85491e-05 -0 6.43548e-10)
(-2.8503e-05 -0 1.31921e-11)
(-2.60692e-05 -0 2.25339e-11)
(-2.33567e-05 -0 3.12188e-10)
(-1.95057e-05 -0 1.47895e-09)
(-1.64935e-05 -0 6.18282e-10)
(-1.40042e-05 -0 2.07792e-09)
(-1.19849e-05 -0 1.55028e-09)
(-1.13811e-05 -0 4.85507e-10)
(-1.0942e-05 -0 5.70287e-10)
(-1.08539e-05 -0 1.26511e-09)
(-1.02709e-05 -0 4.65518e-09)
(-8.54368e-06 -0 1.2655e-08)
(-6.0011e-06 -0 1.86679e-08)
(-3.8192e-06 -0 1.48609e-08)
(-1.87511e-06 -0 2.20696e-08)
(-5.59785e-07 -0 2.77442e-08)
(-1.52126e-07 -0 1.33591e-08)
(9.10063e-08 -0 5.91794e-09)
(3.3283e-07 -0 5.15869e-09)
(5.18244e-07 -0 1.85424e-08)
(0 -0 0)
(0 -0 0)
(0 -0 0)
(0 -0 0)
(0 -0 0)
(0 -0 0)
(0 -0 0)
(0 -0 0)
(0 -0 0)
(0 -0 0)
(0 -0 0)
(0 -0 0)
(0 -0 0)
(0 -0 0)
(0 -0 0)
(0 -0 0)
(0 -0 0)
(0 -0 0)
(0 -0 0)
(0 -0 0)
(0 -0 -0)
(0 -0 -0)
(0 -0 -0)
(0 -0 -0)
(0 -0 -0)
(0 -0 -0)
(0 -0 -0)
(0 -0 -0)
(0 -0 -0)
(0 -0 -0)
(0 -0 -0)
(0 -0 -0)
(0 -0 -0)
(0 -0 -0)
(0 -0 -0)
(0 -0 -0)
(0 -0 -0)
(0 -0 -0)
(0 -0 -0)
(0 -0 -0)
(0 -0 -0)
(0 -0 -0)
(0 -0 -0)
(0 -0 -0)
(0 -0 -0)
(0 -0 -0)
(0 -0 -0)
(0 -0 -0)
(0 -0 -0)
(0 -0 -0)
(0 -0 -0)
(0 -0 -0)
(0 -0 -0)
(0 -0 -0)
(0 -0 -0)
(0 -0 -0)
(0 -0 0)
(0 -0 0)
(0 -0 0)
(0 -0 0)
(0 -0 0)
(0 -0 0)
(0 -0 0)
(0 -0 0)
(0 -0 0)
(0 -0 0)
(0 -0 0)
(0 -0 0)
(0 -0 0)
(0 -0 0)
(0 -0 0)
(0 -0 0)
(0 -0 0)
(0 -0 0)
(0 -0 0)
(0 -0 0)
(0 -0 0)
(0 -0 0)
(0 -0 0)
(0 -0 0)
(0 -0 -0)
(0 -0 -0)
(0 -0 -0)
(0 -0 -0)
(0 -0 -0)
(0 -0 -0)
(0 -0 -0)
(0 -0 -0)
(0 -0 -0)
(0 -0 -0)
(0 -0 -0)
(0 -0 -0)
(-0 -0 -0)
(-0 -0 -0)
(-0 -0 -0)
(-0 -0 -0)
(-0 -0 -0)
(-0 -0 -0)
(-0 -0 -0)
(-0 -0 0)
(-0 -0 0)
(-0 -0 0)
(-0 -0 0)
(-0 -0 0)
(-0 -0 0)
(-0 -0 0)
(-0 -0 0)
(-0 -0 0)
(-0 -0 0)
(-0 -0 0)
(-0 -0 0)
(-0 -0 0)
(-0 -0 0)
(-0 -0 0)
(-0 -0 0)
(-0 -0 0)
(0 -0 0)
(0 -0 0)
(0 -0 0)
(0 -0 0)
(0 -0 0)
(0 -0 0)
(0 -0 0)
(0 -0 0)
(0 -0 0)
(0 -0 0)
(0 -0 0)
(0 -0 0)
(0 -0 0)
(0 -0 0)
(0 -0 0)
(0 -0 0)
(0 -0 0)
(0 -0 0)
(0 -0 0)
(0 -0 0)
(0 -0 0)
(0 -0 0)
(0 -0 0)
(0 -0 -0)
(0 -0 -0)
(0 -0 -0)
(0 -0 -0)
(0 -0 -0)
(0 -0 -0)
(0 -0 -0)
(0 -0 -0)
(0 -0 -0)
(0 -0 -0)
(0 -0 -0)
(0 -0 -0)
(0 -0 -0)
(0 -0 -0)
(0 -0 -0)
(0 -0 -0)
(0 -0 -0)
(0 -0 -0)
(0 -0 -0)
(0 -0 -0)
(0 -0 -0)
(0 -0 -0)
(0 -0 -0)
(0 -0 -0)
(0 -0 -0)
(0 -0 -0)
(0 -0 -0)
(0 -0 -0)
(0 -0 -0)
(0 -0 -0)
(0 -0 -0)
(0 -0 -0)
(0 -0 -0)
(0 -0 -0)
(0 -0 -0)
(0 -0 -0)
(0 -0 -0)
(0 -0 0)
(0 -0 0)
(0 -0 0)
(0 -0 0)
(0 -0 0)
(0 -0 0)
(0 -0 0)
(0 -0 0)
(0 -0 0)
(0 -0 0)
(0 -0 0)
(0 -0 0)
(0 -0 0)
(0 -0 0)
(0 -0 0)
(0 -0 0)
(0 -0 0)
(0 -0 0)
(0 -0 0)
(0 -0 0)
(0 -0 0)
(0 -0 0)
(0 -0 0)
(0 -0 0)
(0 -0 -0)
(0 -0 -0)
(0 -0 -0)
(0 -0 -0)
(0 -0 -0)
(0 -0 -0)
(0 -0 -0)
(0 -0 -0)
(0 -0 -0)
(0 -0 -0)
(0 -0 -0)
(0 -0 -0)
(-0 -0 -0)
(-0 -0 -0)
(-0 -0 -0)
(-0 -0 -0)
(-0 -0 -0)
(-0 -0 -0)
(-0 -0 -0)
(-0 -0 -0)
(-0 -0 0)
(-0 -0 0)
(-0 -0 0)
(-0 -0 0)
(-0 -0 0)
(-0 -0 0)
(-0 -0 0)
(-0 -0 0)
(-0 -0 0)
(-0 -0 0)
(-0 -0 0)
(-0 -0 0)
(-0 -0 0)
(-0 -0 0)
(-0 -0 0)
(0 -0 0)
(0 -0 0)
(0 -0 0)
(0 -0 0)
(0 -0 0)
(0 -0 0)
(0 -0 0)
(0 -0 0)
(0 -0 0)
(0 -0 0)
(0 -0 0)
(0 -0 0)
(0 -0 0)
(0 -0 0)
(0 -0 0)
(0 -0 0)
(0 -0 0)
(0 -0 0)
(0 -0 0)
(0 -0 0)
(0 -0 0)
(0 -0 0)
(0 -0 0)
(0 -0 0)
(0 -0 -0)
(0 -0 -0)
(0 -0 -0)
(0 -0 -0)
(0 -0 -0)
(0 -0 -0)
(0 -0 -0)
(0 -0 -0)
(0 -0 -0)
(0 -0 -0)
(0 -0 -0)
(0 -0 -0)
(0 -0 -0)
(0 -0 -0)
(0 -0 -0)
(0 -0 -0)
(0 -0 -0)
(0 -0 -0)
(0 -0 -0)
(0 -0 -0)
(0 -0 -0)
(0 -0 -0)
(0 -0 -0)
(0 -0 -0)
(0 -0 -0)
(0 -0 -0)
(0 -0 -0)
(0 -0 -0)
(0 -0 -0)
(0 -0 -0)
(0 -0 -0)
(0 -0 -0)
(0 -0 -0)
(0 -0 -0)
(0 -0 -0)
(0 -0 -0)
(0 -0 -0)
(0 -0 -0)
(0 -0 0)
(0 -0 0)
(0 -0 0)
(0 -0 0)
(0 -0 0)
(0 -0 0)
(0 -0 0)
(0 -0 0)
(0 -0 0)
(0 -0 0)
(0 -0 0)
(0 -0 0)
(0 -0 0)
(0 -0 0)
(0 -0 0)
(0 -0 0)
(0 -0 0)
(0 -0 0)
(0 -0 0)
(0 -0 0)
(0 -0 0)
(0 -0 0)
(0 -0 0)
(0 -0 -0)
(0 -0 -0)
(0 -0 -0)
(0 -0 -0)
(0 -0 -0)
(0 -0 -0)
(0 -0 -0)
(0 -0 -0)
(0 -0 -0)
(0 -0 -0)
(0 -0 -0)
(0 -0 -0)
(-0 -0 -0)
(-0 -0 -0)
(-0 -0 -0)
(-0 -0 -0)
(-0 -0 -0)
(-0 -0 -0)
(-0 -0 -0)
(-0 -0 -0)
(-0 -0 0)
(-0 -0 0)
(-0 -0 0)
(-0 -0 0)
(-0 -0 0)
(-0 -0 0)
(-0 -0 0)
(-0 -0 0)
(-0 -0 0)
(-0 -0 0)
(-0 -0 0)
(-0 -0 0)
(-0 -0 0)
(-0 -0 0)
(-0 -0 0)
(0 -0 0)
(0 -0 0)
(0 -0 0)
(0 -0 0)
(0 -0 0)
(0 -0 0)
(0 -0 0)
(0 -0 0)
(0 -0 0)
(0 -0 0)
(0 -0 0)
(0 -0 0)
(0 -0 0)
(0 -0 0)
(0 -0 0)
(0 -0 0)
(0 -0 0)
(0 -0 0)
(0 -0 0)
(0 -0 0)
(0 -0 0)
(0 -0 0)
(0 -0 0)
(0 -0 -0)
(0 -0 -0)
(0 -0 -0)
(0 -0 -0)
(0 -0 -0)
(0 -0 -0)
(0 -0 -0)
(0 -0 -0)
(0 -0 -0)
(0 -0 -0)
(0 -0 -0)
(0 -0 -0)
(0 -0 -0)
(0 -0 -0)
(0 -0 -0)
(0 -0 -0)
(0 -0 -0)
(0 -0 -0)
(0 -0 -0)
(0 -0 -0)
(0 -0 -0)
(0 -0 -0)
(0 -0 -0)
(0 -0 -0)
(0 -0 -0)
(0 -0 -0)
(0 -0 -0)
(0 -0 -0)
(0 -0 -0)
(0 -0 -0)
(0 -0 -0)
(0 -0 -0)
(0 -0 -0)
(0 -0 -0)
(0 -0 -0)
(0 -0 -0)
(0 -0 -0)
(0 -0 -0)
(0 -0 -0)
(0 -0 0)
(0 -0 0)
(0 -0 0)
(0 -0 0)
(0 -0 0)
(0 -0 0)
(0 -0 0)
(0 -0 0)
(0 -0 0)
(0 -0 0)
(0 -0 0)
(0 -0 0)
(0 -0 0)
(0 -0 0)
(0 -0 0)
(0 -0 0)
(0 -0 0)
(0 -0 0)
(0 -0 0)
(0 -0 0)
(0 -0 0)
(0 -0 0)
(0 -0 0)
)
;

boundaryField
{
    hot
    {
        type            calculated;
        value           nonuniform List<vector> 
32
(
(0 -0 -0)
(0 -0 -0)
(0 -0 -0)
(0 -0 -0)
(0 -0 -0)
(0 -0 0)
(0 -0 0)
(0 -0 0)
(0 -0 0)
(0 -0 0)
(0 -0 0)
(0 -0 0)
(0 -0 0)
(0 -0 0)
(0 -0 0)
(0 -0 0)
(0 -0 0)
(0 -0 0)
(0 -0 0)
(0 -0 0)
(0 -0 0)
(0 -0 0)
(0 -0 0)
(0 -0 0)
(0 -0 0)
(0 -0 0)
(0 -0 0)
(0 -0 0)
(0 -0 0)
(0 -0 0)
(0 -0 0)
(0.267954 -0 2.75589e-06)
)
;
    }
    hotTop
    {
        type            calculated;
        value           nonuniform List<vector> 8((55.5434 -0 -0.261204) (11.6692 -0 0.050919) (0.110505 -0 -0.000195576) (7.08785e-05 -0 -5.05697e-10) (0 -0 -0) (0 -0 -0) (0 -0 -0) (0 -0 -0));
    }
    cold
    {
        type            calculated;
        value           uniform (0 -0 0);
    }
    coldTop
    {
        type            calculated;
        value           uniform (0 -0 0);
    }
    top
    {
        type            calculated;
        value           uniform (0 -0 -0);
    }
    btm
    {
        type            calculated;
        value           nonuniform List<vector> 
120
(
(0 -0 -0)
(0 -0 -0)
(0 -0 -0)
(0 -0 -0)
(0 -0 -0)
(0 -0 -0)
(0 -0 -0)
(0 -0 -0)
(0 -0 -0)
(0 -0 -0)
(0 -0 -0)
(0 -0 -0)
(0 -0 -0)
(0 -0 -0)
(0 -0 -0)
(0 -0 -0)
(0 -0 -0)
(0 -0 -0)
(0 -0 -0)
(0 -0 -0)
(0 -0 -0)
(0 -0 -0)
(0 -0 -0)
(0 -0 -0)
(0 -0 -0)
(0 -0 -0)
(0 -0 -0)
(0 -0 -0)
(0 -0 -0)
(0 -0 -0)
(0 -0 -0)
(0 -0 -0)
(0 -0 -0)
(0 -0 -0)
(0 -0 -0)
(0 -0 -0)
(0 -0 -0)
(0 -0 -0)
(0 -0 -0)
(0 -0 -0)
(0 -0 -0)
(0 -0 -0)
(0 -0 -0)
(0 -0 -0)
(0 -0 -0)
(0 -0 -0)
(0 -0 -0)
(0 -0 -0)
(0 -0 -0)
(0 -0 -0)
(0 -0 -0)
(0 -0 -0)
(0 -0 -0)
(0 -0 -0)
(0 -0 -0)
(0 -0 -0)
(0 -0 -0)
(0 -0 -0)
(0 -0 -0)
(0 -0 -0)
(0 -0 -0)
(0 -0 -0)
(0 -0 -0)
(0 -0 -0)
(0 -0 -0)
(0 -0 -0)
(0 -0 -0)
(0 -0 -0)
(0 -0 -0)
(0 -0 -0)
(0 -0 -0)
(0 -0 -0)
(0 -0 -0)
(0 -0 -0)
(0 -0 -0)
(0 -0 -0)
(0 -0 -0)
(0 -0 -0)
(0 -0 -0)
(0 -0 -0)
(4.15638 -0 -0)
(4.14385 -0 -0)
(0 -0 -0)
(0 -0 -0)
(0 -0 -0)
(0 -0 -0)
(0 -0 -0)
(0 -0 -0)
(0 -0 -0)
(0 -0 -0)
(0 -0 -0)
(0 -0 -0)
(0 -0 -0)
(0 -0 -0)
(0 -0 -0)
(0 -0 -0)
(0 -0 -0)
(0 -0 -0)
(0 -0 -0)
(0 -0 -0)
(0 -0 -0)
(0 -0 -0)
(0 -0 -0)
(0 -0 -0)
(0 -0 -0)
(0 -0 -0)
(0 -0 -0)
(0 -0 -0)
(0 -0 -0)
(0 -0 -0)
(0 -0 -0)
(0 -0 -0)
(0 -0 -0)
(0 -0 -0)
(0 -0 -0)
(0 -0 -0)
(0 -0 -0)
(0 -0 -0)
(0 -0 -0)
(0 -0 -0)
)
;
    }
    frontAndBack
    {
        type            empty;
    }
}


// ************************************************************************* //
