/*--------------------------------*- C++ -*----------------------------------*\
  =========                 |
  \\      /  F ield         | OpenFOAM: The Open Source CFD Toolbox
   \\    /   O peration     | Website:  https://openfoam.org
    \\  /    A nd           | Version:  6
     \\/     M anipulation  |
\*---------------------------------------------------------------------------*/
FoamFile
{
    version     2.0;
    format      ascii;
    class       volScalarField;
    location    "600";
    object      T;
}
// * * * * * * * * * * * * * * * * * * * * * * * * * * * * * * * * * * * * * //

dimensions      [0 0 0 1 0 0 0];

internalField   nonuniform List<scalar> 
5964
(
310.553
309.697
308.946
308.34
307.877
307.527
307.253
307.019
306.808
306.61
306.411
306.207
305.998
305.789
305.585
305.393
305.217
305.06
304.916
304.785
304.67
304.571
304.486
304.41
304.343
304.283
304.228
304.178
304.132
304.09
304.051
304.016
303.982
303.951
303.922
303.895
303.869
303.844
303.821
303.799
303.777
303.756
303.735
303.715
303.696
303.676
303.657
303.638
303.619
303.6
303.581
303.563
303.544
303.525
303.506
303.487
303.468
303.449
303.429
303.41
303.39
303.371
303.351
303.331
303.311
303.291
303.271
303.251
303.23
303.21
303.189
303.168
303.147
303.127
303.106
303.085
303.063
303.043
303.022
303.002
302.982
302.962
302.941
302.926
310.532
309.658
308.922
308.336
307.885
307.543
307.274
307.045
306.839
306.643
306.442
306.237
306.024
305.809
305.598
305.397
305.213
305.049
304.902
304.77
304.658
304.562
304.479
304.405
304.339
304.28
304.226
304.176
304.131
304.089
304.05
304.014
303.981
303.95
303.921
303.894
303.868
303.844
303.82
303.798
303.776
303.755
303.735
303.715
303.695
303.676
303.657
303.638
303.619
303.6
303.581
303.562
303.544
303.525
303.506
303.487
303.468
303.449
303.429
303.41
303.39
303.371
303.351
303.331
303.311
303.291
303.271
303.251
303.23
303.21
303.189
303.168
303.148
303.127
303.106
303.085
303.064
303.043
303.022
303.002
302.982
302.961
302.939
302.921
310.531
309.653
308.918
308.346
307.913
307.582
307.319
307.096
306.896
306.698
306.494
306.284
306.065
305.842
305.619
305.403
305.203
305.025
304.871
304.74
304.633
304.543
304.465
304.395
304.332
304.274
304.221
304.172
304.127
304.086
304.047
304.012
303.979
303.948
303.919
303.892
303.866
303.842
303.819
303.796
303.775
303.754
303.734
303.714
303.694
303.675
303.656
303.637
303.618
303.6
303.581
303.562
303.543
303.525
303.506
303.487
303.468
303.449
303.429
303.41
303.39
303.371
303.351
303.331
303.311
303.291
303.271
303.251
303.23
303.21
303.189
303.168
303.148
303.127
303.106
303.085
303.064
303.043
303.022
303.002
302.982
302.96
302.936
302.914
310.535
309.666
308.941
308.383
307.963
307.642
307.387
307.168
306.968
306.766
306.555
306.335
306.107
305.874
305.638
305.406
305.183
304.981
304.815
304.69
304.595
304.516
304.446
304.382
304.322
304.266
304.215
304.167
304.122
304.081
304.043
304.008
303.975
303.944
303.916
303.889
303.864
303.839
303.816
303.794
303.773
303.752
303.732
303.713
303.693
303.674
303.655
303.636
303.618
303.599
303.58
303.562
303.543
303.524
303.506
303.487
303.468
303.448
303.429
303.41
303.39
303.371
303.351
303.331
303.311
303.291
303.271
303.251
303.23
303.21
303.189
303.169
303.148
303.127
303.106
303.085
303.064
303.043
303.022
303.002
302.982
302.959
302.934
302.909
310.55
309.704
308.99
308.44
308.029
307.719
307.469
307.249
307.041
306.831
306.612
306.384
306.147
305.902
305.652
305.399
305.148
304.911
304.717
304.613
304.543
304.482
304.423
304.366
304.31
304.256
304.206
304.159
304.116
304.075
304.038
304.003
303.97
303.94
303.912
303.885
303.86
303.836
303.813
303.792
303.771
303.75
303.73
303.711
303.692
303.673
303.654
303.635
303.617
303.598
303.58
303.561
303.543
303.524
303.505
303.486
303.467
303.448
303.429
303.41
303.391
303.371
303.351
303.331
303.312
303.292
303.271
303.251
303.231
303.21
303.19
303.169
303.148
303.127
303.106
303.085
303.064
303.043
303.022
303.002
302.982
302.961
302.939
302.921
310.56
309.735
309.05
308.519
308.118
307.817
307.57
307.345
307.126
306.902
306.67
306.43
306.181
305.922
305.656
305.384
305.102
304.811
304.536
304.507
304.485
304.448
304.401
304.349
304.297
304.246
304.197
304.151
304.108
304.068
304.031
303.996
303.964
303.934
303.906
303.88
303.856
303.832
303.81
303.788
303.768
303.747
303.728
303.709
303.69
303.671
303.653
303.634
303.616
303.597
303.579
303.561
303.542
303.524
303.505
303.486
303.467
303.448
303.429
303.41
303.391
303.371
303.351
303.332
303.312
303.292
303.272
303.251
303.231
303.21
303.19
303.169
303.148
303.127
303.106
303.085
303.064
303.043
303.022
303.002
302.981
302.962
302.943
302.929
310.576
309.781
309.121
308.607
308.218
307.925
307.68
307.452
307.222
306.981
306.73
306.471
306.206
305.932
305.652
305.365
305.062
304.705
304.143
304.395
304.442
304.425
304.384
304.335
304.284
304.234
304.186
304.14
304.098
304.059
304.022
303.988
303.957
303.927
303.9
303.874
303.85
303.827
303.805
303.784
303.764
303.744
303.725
303.706
303.687
303.669
303.651
303.633
303.614
303.596
303.578
303.56
303.542
303.523
303.505
303.486
303.467
303.448
303.429
303.41
303.391
303.371
303.352
303.332
303.312
303.292
303.272
303.252
303.231
303.211
303.19
303.169
303.148
303.128
303.107
303.085
303.064
303.043
303.022
303.002
302.981
302.961
302.942
302.93
310.598
309.841
309.204
308.707
308.332
308.049
307.803
307.567
307.324
307.067
306.794
306.513
306.227
305.939
305.652
305.363
305.071
304.77
304.474
304.472
304.457
304.422
304.375
304.324
304.272
304.221
304.173
304.128
304.087
304.048
304.012
303.979
303.948
303.919
303.892
303.867
303.844
303.821
303.8
303.779
303.76
303.74
303.721
303.703
303.685
303.667
303.649
303.631
303.613
303.595
303.577
303.559
303.541
303.523
303.504
303.486
303.467
303.448
303.429
303.41
303.391
303.371
303.352
303.332
303.312
303.292
303.272
303.252
303.232
303.211
303.19
303.17
303.149
303.128
303.107
303.086
303.065
303.044
303.023
303.002
302.981
302.96
302.941
302.928
310.613
309.894
309.295
308.824
308.465
308.189
307.939
307.694
307.435
307.158
306.864
306.561
306.255
305.955
305.663
305.38
305.111
304.867
304.666
304.563
304.492
304.431
304.371
304.314
304.259
304.207
304.159
304.115
304.073
304.035
304
303.968
303.938
303.91
303.884
303.859
303.836
303.815
303.794
303.774
303.755
303.736
303.718
303.7
303.682
303.664
303.647
303.629
303.611
303.594
303.576
303.558
303.54
303.522
303.504
303.486
303.467
303.448
303.429
303.41
303.391
303.372
303.352
303.332
303.313
303.293
303.273
303.252
303.232
303.211
303.191
303.17
303.149
303.128
303.107
303.086
303.065
303.044
303.023
303.002
302.98
302.959
302.939
302.925
310.649
309.988
309.418
308.962
308.613
308.336
308.082
307.826
307.552
307.258
306.944
306.619
306.293
305.978
305.682
305.406
305.155
304.936
304.758
304.623
304.521
304.438
304.366
304.302
304.244
304.191
304.142
304.098
304.058
304.021
303.986
303.955
303.926
303.899
303.874
303.85
303.828
303.807
303.787
303.768
303.749
303.731
303.713
303.696
303.679
303.661
303.644
303.627
303.61
303.592
303.575
303.557
303.54
303.522
303.504
303.485
303.467
303.448
303.429
303.41
303.391
303.372
303.353
303.333
303.313
303.293
303.273
303.253
303.232
303.212
303.191
303.17
303.15
303.129
303.108
303.086
303.065
303.044
303.023
303.002
302.98
302.957
302.935
302.919
310.674
310.056
309.524
309.096
308.759
308.484
308.227
307.96
307.671
307.357
307.026
306.685
306.344
306.017
305.713
305.438
305.191
304.977
304.799
304.653
304.533
304.436
304.355
304.285
304.224
304.17
304.122
304.079
304.039
304.003
303.971
303.94
303.913
303.887
303.863
303.84
303.819
303.799
303.78
303.761
303.743
303.726
303.709
303.692
303.675
303.658
303.642
303.625
303.608
303.591
303.574
303.556
303.539
303.521
303.503
303.485
303.467
303.448
303.43
303.411
303.392
303.372
303.353
303.333
303.313
303.294
303.273
303.253
303.233
303.212
303.192
303.171
303.15
303.129
303.108
303.087
303.066
303.044
303.023
303.001
302.979
302.955
302.931
302.912
310.698
310.126
309.631
309.227
308.901
308.625
308.354
308.07
307.764
307.436
307.092
306.739
306.388
306.054
305.745
305.465
305.214
304.994
304.809
304.656
304.526
304.42
304.333
304.261
304.199
304.145
304.098
304.056
304.018
303.984
303.953
303.924
303.898
303.873
303.85
303.829
303.809
303.79
303.772
303.754
303.737
303.72
303.704
303.688
303.671
303.655
303.639
303.623
303.606
303.589
303.573
303.555
303.538
303.521
303.503
303.485
303.467
303.448
303.43
303.411
303.392
303.373
303.353
303.334
303.314
303.294
303.274
303.254
303.233
303.213
303.192
303.171
303.15
303.129
303.108
303.087
303.066
303.045
303.023
303.001
302.979
302.955
302.93
302.912
310.722
310.194
309.733
309.347
309.03
308.751
308.463
308.154
307.821
307.476
307.124
306.767
306.414
306.078
305.766
305.48
305.221
304.99
304.793
304.633
304.498
304.388
304.299
304.226
304.165
304.113
304.069
304.029
303.994
303.962
303.933
303.906
303.881
303.858
303.837
303.817
303.798
303.78
303.763
303.747
303.73
303.715
303.699
303.683
303.668
303.652
303.636
303.62
303.604
303.588
303.571
303.555
303.537
303.52
303.503
303.485
303.467
303.449
303.43
303.411
303.392
303.373
303.354
303.334
303.315
303.295
303.275
303.254
303.234
303.213
303.193
303.172
303.151
303.13
303.109
303.088
303.066
303.045
303.023
303.002
302.979
302.956
302.933
302.916
310.745
310.258
309.827
309.455
309.135
308.83
308.511
308.18
307.836
307.482
307.124
306.767
306.418
306.086
305.772
305.478
305.207
304.962
304.751
304.586
304.447
304.337
304.25
304.18
304.123
304.075
304.034
303.998
303.966
303.937
303.91
303.886
303.863
303.842
303.823
303.804
303.787
303.77
303.754
303.739
303.723
303.708
303.694
303.679
303.664
303.649
303.633
303.618
303.602
303.586
303.57
303.554
303.537
303.52
303.502
303.485
303.467
303.449
303.43
303.412
303.393
303.374
303.354
303.335
303.315
303.295
303.275
303.255
303.235
303.214
303.193
303.172
303.151
303.13
303.109
303.088
303.067
303.045
303.024
303.002
302.98
302.958
302.937
302.922
310.764
310.312
309.903
309.535
309.2
308.866
308.521
308.162
307.796
307.432
307.077
306.729
306.39
306.065
305.753
305.455
305.173
304.911
304.683
304.511
304.371
304.265
304.185
304.122
304.072
304.03
303.995
303.964
303.935
303.91
303.886
303.864
303.844
303.825
303.807
303.79
303.775
303.759
303.745
303.73
303.716
303.702
303.688
303.674
303.66
303.646
303.631
303.616
303.601
303.585
303.569
303.553
303.536
303.52
303.502
303.485
303.467
303.449
303.431
303.412
303.393
303.374
303.355
303.336
303.316
303.296
303.276
303.256
303.235
303.215
303.194
303.173
303.152
303.131
303.11
303.088
303.067
303.046
303.024
303.002
302.981
302.959
302.939
302.927
310.779
310.351
309.955
309.582
309.216
308.841
308.455
308.067
307.688
307.325
306.979
306.65
306.328
306.017
305.714
305.415
305.122
304.841
304.589
304.403
304.265
304.17
304.102
304.052
304.012
303.979
303.951
303.925
303.902
303.88
303.86
303.841
303.823
303.807
303.791
303.776
303.762
303.748
303.735
303.722
303.709
303.696
303.683
303.67
303.656
303.642
303.628
303.614
303.599
303.584
303.568
303.552
303.536
303.519
303.502
303.485
303.467
303.45
303.431
303.413
303.394
303.375
303.356
303.336
303.317
303.297
303.277
303.256
303.236
303.215
303.195
303.174
303.153
303.131
303.11
303.089
303.067
303.046
303.024
303.003
302.981
302.959
302.939
302.926
310.789
310.371
309.964
309.569
309.167
308.751
308.328
307.916
307.528
307.169
306.84
306.535
306.237
305.946
305.657
305.363
305.062
304.756
304.465
304.245
304.121
304.049
304.004
303.971
303.945
303.923
303.903
303.884
303.866
303.849
303.832
303.817
303.802
303.788
303.774
303.761
303.749
303.737
303.725
303.714
303.702
303.69
303.678
303.665
303.653
303.639
303.626
303.612
303.598
303.583
303.567
303.552
303.536
303.519
303.503
303.485
303.468
303.45
303.432
303.413
303.395
303.376
303.357
303.337
303.317
303.298
303.277
303.257
303.237
303.216
303.195
303.174
303.153
303.132
303.111
303.089
303.068
303.046
303.025
303.003
302.981
302.958
302.937
302.923
310.791
310.369
309.939
309.505
309.058
308.6
308.146
307.718
307.331
306.984
306.675
306.393
306.124
305.858
305.587
305.304
304.999
304.668
304.314
303.996
303.928
303.904
303.892
303.882
303.873
303.864
303.853
303.842
303.829
303.817
303.804
303.792
303.78
303.768
303.757
303.747
303.736
303.726
303.716
303.706
303.695
303.684
303.673
303.661
303.649
303.637
303.624
303.61
303.596
303.582
303.567
303.552
303.536
303.52
303.503
303.486
303.468
303.451
303.433
303.414
303.396
303.377
303.357
303.338
303.318
303.298
303.278
303.258
303.238
303.217
303.196
303.175
303.154
303.133
303.111
303.09
303.068
303.047
303.025
303.003
302.981
302.958
302.936
302.921
310.786
310.351
309.89
309.401
308.904
308.404
307.93
307.506
307.135
306.804
306.515
306.25
306.003
305.76
305.509
305.242
304.945
304.6
304.171
303.52
303.692
303.746
303.774
303.791
303.8
303.804
303.803
303.799
303.792
303.784
303.775
303.766
303.757
303.748
303.74
303.732
303.723
303.715
303.707
303.698
303.688
303.679
303.669
303.658
303.647
303.635
303.622
303.609
303.595
303.581
303.567
303.552
303.536
303.52
303.503
303.486
303.469
303.452
303.434
303.415
303.397
303.378
303.358
303.339
303.319
303.299
303.279
303.259
303.238
303.218
303.197
303.176
303.155
303.133
303.112
303.09
303.069
303.047
303.025
303.003
302.981
302.958
302.936
302.921
310.776
310.316
309.82
309.266
308.704
308.161
307.671
307.255
306.909
306.609
306.346
306.104
305.878
305.658
305.429
305.183
304.904
304.577
304.184
303.726
303.558
303.608
303.662
303.703
303.73
303.746
303.755
303.757
303.755
303.751
303.746
303.74
303.735
303.729
303.723
303.717
303.711
303.705
303.698
303.69
303.683
303.674
303.665
303.655
303.644
303.633
303.621
303.608
303.595
303.581
303.567
303.552
303.536
303.52
303.504
303.487
303.47
303.453
303.435
303.416
303.398
303.379
303.36
303.34
303.32
303.3
303.28
303.26
303.239
303.219
303.198
303.177
303.155
303.134
303.112
303.091
303.069
303.047
303.026
303.004
302.982
302.96
302.939
302.923
310.756
310.254
309.711
309.091
308.464
307.891
307.401
307.007
306.686
306.413
306.176
305.958
305.755
305.556
305.352
305.13
304.876
304.575
304.215
303.793
303.222
303.459
303.558
303.622
303.666
303.694
303.71
303.718
303.72
303.72
303.718
303.715
303.713
303.71
303.707
303.703
303.699
303.695
303.69
303.684
303.677
303.67
303.662
303.652
303.642
303.632
303.62
303.608
303.595
303.581
303.567
303.552
303.537
303.521
303.505
303.488
303.471
303.454
303.436
303.417
303.399
303.38
303.361
303.341
303.322
303.302
303.281
303.261
303.24
303.22
303.199
303.177
303.156
303.135
303.113
303.091
303.07
303.048
303.026
303.004
302.983
302.961
302.937
302.911
310.726
310.162
309.555
308.873
308.19
307.596
307.122
306.757
306.466
306.224
306.014
305.82
305.639
305.46
305.277
305.08
304.858
304.595
304.285
303.923
303.51
303.427
303.478
303.554
303.611
303.649
303.671
303.682
303.687
303.689
303.69
303.691
303.691
303.692
303.692
303.691
303.689
303.687
303.683
303.679
303.673
303.667
303.659
303.651
303.642
303.631
303.62
303.608
303.595
303.582
303.568
303.553
303.538
303.523
303.506
303.49
303.473
303.455
303.437
303.419
303.4
303.381
303.362
303.343
303.323
303.303
303.283
303.262
303.241
303.221
303.199
303.178
303.157
303.135
303.114
303.092
303.07
303.048
303.026
303.004
302.983
302.959
302.928
302.877
310.688
310.043
309.351
308.618
307.914
307.313
306.859
306.523
306.267
306.053
305.87
305.701
305.542
305.385
305.222
305.049
304.857
304.636
304.38
304.07
303.698
303.266
303.367
303.492
303.568
303.614
303.639
303.65
303.656
303.66
303.664
303.668
303.672
303.675
303.678
303.68
303.68
303.68
303.678
303.675
303.67
303.665
303.658
303.65
303.641
303.632
303.621
303.609
303.597
303.583
303.569
303.555
303.54
303.524
303.508
303.491
303.474
303.456
303.439
303.42
303.402
303.383
303.363
303.344
303.324
303.304
303.284
303.263
303.242
303.222
303.2
303.179
303.158
303.136
303.114
303.092
303.07
303.049
303.027
303.005
302.983
302.96
302.935
302.908
310.643
309.909
309.132
308.345
307.63
307.045
306.621
306.316
306.094
305.915
305.764
305.629
305.501
305.375
305.244
305.102
304.938
304.749
304.534
304.262
303.927
303.496
303.213
303.463
303.542
303.594
303.615
303.623
303.627
303.631
303.638
303.646
303.653
303.661
303.666
303.671
303.673
303.674
303.674
303.672
303.669
303.664
303.658
303.651
303.642
303.633
303.622
303.611
303.598
303.585
303.571
303.557
303.542
303.526
303.51
303.493
303.476
303.458
303.44
303.422
303.403
303.384
303.365
303.345
303.325
303.305
303.285
303.264
303.244
303.223
303.201
303.18
303.159
303.137
303.115
303.093
303.071
303.049
303.027
303.005
302.982
302.959
302.937
302.92
310.591
309.75
308.866
308.019
307.313
306.783
306.417
306.162
305.983
305.847
305.737
305.64
305.55
305.46
305.361
305.248
305.113
304.955
304.768
304.527
304.258
304
303.766
303.566
303.529
303.592
303.601
303.597
303.598
303.603
303.613
303.625
303.638
303.649
303.658
303.664
303.669
303.672
303.673
303.672
303.669
303.665
303.66
303.653
303.644
303.635
303.625
303.613
303.601
303.587
303.574
303.559
303.544
303.528
303.512
303.495
303.478
303.46
303.442
303.424
303.405
303.386
303.367
303.347
303.327
303.307
303.286
303.266
303.245
303.224
303.202
303.181
303.159
303.138
303.116
303.094
303.072
303.049
303.027
303.005
302.982
302.958
302.936
302.921
310.534
309.59
308.64
307.768
307.078
306.59
306.279
306.081
305.952
305.861
305.792
305.736
305.686
305.63
305.564
305.481
305.377
305.244
305.08
304.88
304.654
304.45
304.17
303.877
303.419
303.632
303.594
303.57
303.567
303.573
303.589
303.608
303.626
303.641
303.653
303.662
303.668
303.672
303.673
303.673
303.671
303.668
303.663
303.656
303.648
303.638
303.628
303.616
303.604
303.591
303.576
303.562
303.546
303.531
303.514
303.497
303.48
303.462
303.444
303.426
303.407
303.388
303.368
303.349
303.328
303.308
303.288
303.267
303.246
303.225
303.204
303.182
303.16
303.138
303.116
303.094
303.072
303.05
303.027
303.005
302.982
302.958
302.935
302.92
310.491
309.472
308.483
307.597
306.93
306.491
306.228
306.078
305.99
305.94
305.911
305.895
305.882
305.855
305.819
305.765
305.692
305.581
305.447
305.284
305.087
304.899
304.617
304.344
304.049
303.883
303.575
303.531
303.534
303.543
303.566
303.594
303.62
303.639
303.653
303.663
303.67
303.674
303.677
303.677
303.675
303.672
303.667
303.66
303.652
303.643
303.632
303.62
303.608
303.594
303.58
303.565
303.55
303.533
303.517
303.5
303.482
303.465
303.446
303.428
303.409
303.39
303.37
303.35
303.33
303.31
303.289
303.268
303.247
303.226
303.205
303.183
303.161
303.139
303.117
303.095
303.073
303.05
303.028
303.005
302.982
302.958
302.936
302.922
310.413
309.262
308.233
307.414
306.828
306.452
306.236
306.123
306.076
306.065
306.07
306.087
306.103
306.104
306.091
306.066
306.019
305.93
305.829
305.698
305.527
305.344
305.084
304.82
304.535
304.25
303.898
303.468
303.512
303.509
303.546
303.589
303.622
303.645
303.66
303.67
303.677
303.681
303.683
303.683
303.682
303.678
303.673
303.666
303.658
303.648
303.637
303.625
303.612
303.599
303.584
303.569
303.553
303.537
303.52
303.503
303.485
303.467
303.449
303.43
303.411
303.392
303.372
303.352
303.332
303.311
303.291
303.27
303.249
303.227
303.206
303.184
303.162
303.14
303.118
303.096
303.073
303.051
303.028
303.005
302.982
302.959
302.938
302.923
310.413
309.276
308.25
307.411
306.823
306.468
306.283
306.208
306.191
306.211
306.245
306.287
306.326
306.349
306.356
306.356
306.329
306.267
306.193
306.09
305.94
305.763
305.53
305.27
304.978
304.652
304.279
303.861
303.558
303.458
303.531
303.596
303.637
303.661
303.674
303.682
303.687
303.69
303.692
303.692
303.69
303.686
303.681
303.674
303.665
303.655
303.644
303.631
303.618
303.604
303.589
303.573
303.557
303.541
303.523
303.506
303.488
303.47
303.451
303.432
303.413
303.394
303.374
303.354
303.334
303.313
303.292
303.271
303.25
303.229
303.207
303.185
303.163
303.141
303.119
303.096
303.074
303.051
303.029
303.006
302.983
302.96
302.939
302.925
310.407
309.257
308.227
307.405
306.841
306.516
306.361
306.312
306.317
306.362
306.418
306.479
306.532
306.573
306.599
306.614
306.606
306.573
306.516
306.439
306.309
306.151
305.943
305.697
305.41
305.08
304.703
304.283
303.856
303.274
303.534
303.629
303.671
303.689
303.696
303.7
303.702
303.703
303.703
303.703
303.7
303.696
303.691
303.683
303.674
303.663
303.651
303.638
303.624
303.609
303.594
303.578
303.562
303.545
303.527
303.509
303.491
303.473
303.454
303.435
303.416
303.396
303.376
303.356
303.335
303.315
303.294
303.273
303.251
303.23
303.208
303.186
303.164
303.142
303.12
303.097
303.075
303.052
303.029
303.007
302.984
302.962
302.942
302.929
310.402
309.249
308.229
307.427
306.89
306.587
306.454
306.422
306.446
306.506
306.577
306.651
306.716
306.769
306.809
306.837
306.843
306.835
306.793
306.739
306.632
306.498
306.317
306.095
305.827
305.511
305.145
304.73
304.298
303.853
303.693
303.712
303.726
303.728
303.725
303.721
303.719
303.718
303.717
303.716
303.713
303.708
303.702
303.694
303.684
303.672
303.66
303.646
303.631
303.616
303.6
303.583
303.566
303.549
303.531
303.513
303.495
303.476
303.457
303.438
303.418
303.398
303.378
303.358
303.337
303.316
303.295
303.274
303.253
303.231
303.209
303.187
303.165
303.143
303.12
303.098
303.075
303.052
303.03
303.007
302.985
302.963
302.943
302.929
310.399
309.254
308.261
307.483
306.957
306.673
306.556
306.533
306.57
306.641
306.721
306.802
306.875
306.937
306.986
307.024
307.043
307.051
307.027
306.991
306.91
306.802
306.652
306.462
306.222
305.928
305.58
305.174
304.729
304.244
303.688
303.795
303.792
303.772
303.755
303.745
303.738
303.735
303.733
303.731
303.727
303.722
303.715
303.706
303.695
303.683
303.669
303.655
303.639
303.623
303.606
303.589
303.572
303.554
303.536
303.517
303.498
303.479
303.46
303.44
303.421
303.401
303.38
303.36
303.339
303.318
303.297
303.276
303.254
303.232
303.21
303.188
303.166
303.144
303.121
303.099
303.076
303.053
303.03
303.008
302.985
302.962
302.94
302.923
310.4
309.252
308.26
307.509
307.023
306.762
306.658
306.644
306.69
306.765
306.85
306.934
307.012
307.079
307.134
307.179
307.209
307.227
307.223
307.202
307.149
307.068
306.95
306.795
306.585
306.317
305.985
305.59
305.15
304.678
304.221
303.969
303.867
303.813
303.783
303.766
303.758
303.753
303.751
303.748
303.744
303.738
303.73
303.72
303.708
303.694
303.68
303.664
303.648
303.631
303.613
303.595
303.577
303.559
303.54
303.521
303.502
303.483
303.463
303.443
303.423
303.403
303.383
303.362
303.341
303.32
303.299
303.277
303.256
303.234
303.212
303.189
303.167
303.145
303.122
303.099
303.077
303.054
303.031
303.008
302.985
302.961
302.936
302.915
310.401
309.261
308.296
307.576
307.112
306.863
306.763
306.752
306.803
306.881
306.969
307.054
307.132
307.201
307.26
307.31
307.348
307.375
307.387
307.382
307.354
307.299
307.212
307.089
306.913
306.673
306.364
305.985
305.547
305.057
304.541
303.987
303.893
303.831
303.8
303.784
303.776
303.772
303.77
303.767
303.762
303.755
303.746
303.735
303.722
303.707
303.691
303.674
303.657
303.639
303.621
303.602
303.583
303.564
303.545
303.526
303.506
303.486
303.466
303.446
303.426
303.406
303.385
303.364
303.343
303.322
303.3
303.279
303.257
303.235
303.213
303.191
303.168
303.146
303.123
303.1
303.077
303.054
303.031
303.008
302.986
302.963
302.939
302.919
310.413
309.302
308.363
307.664
307.213
306.967
306.869
306.86
306.912
306.992
307.08
307.165
307.243
307.312
307.372
307.423
307.467
307.501
307.526
307.536
307.529
307.497
307.439
307.346
307.203
306.997
306.715
306.354
305.916
305.409
304.853
304.292
303.88
303.822
303.806
303.798
303.794
303.792
303.79
303.788
303.782
303.775
303.764
303.751
303.737
303.721
303.704
303.686
303.667
303.648
303.629
303.609
303.589
303.57
303.55
303.53
303.51
303.49
303.47
303.449
303.429
303.408
303.387
303.366
303.345
303.324
303.302
303.28
303.258
303.236
303.214
303.192
303.169
303.146
303.124
303.101
303.078
303.055
303.032
303.009
302.986
302.964
302.939
302.911
310.429
309.354
308.446
307.766
307.323
307.077
306.976
306.967
307.018
307.099
307.188
307.273
307.349
307.416
307.475
307.528
307.573
307.613
307.646
307.67
307.68
307.669
307.635
307.571
307.462
307.292
307.042
306.707
306.284
305.773
305.175
304.483
303.547
303.778
303.811
303.813
303.813
303.814
303.814
303.811
303.805
303.796
303.784
303.77
303.753
303.736
303.717
303.697
303.677
303.657
303.637
303.616
303.596
303.576
303.555
303.535
303.514
303.494
303.473
303.452
303.432
303.411
303.39
303.368
303.347
303.325
303.304
303.282
303.26
303.237
303.215
303.193
303.17
303.147
303.124
303.102
303.079
303.056
303.033
303.01
302.987
302.963
302.93
302.871
310.448
309.407
308.53
307.871
307.436
307.191
307.087
307.075
307.125
307.206
307.296
307.38
307.453
307.518
307.576
307.627
307.673
307.715
307.753
307.788
307.812
307.82
307.809
307.771
307.694
307.561
307.348
307.043
306.638
306.126
305.518
304.84
304.163
303.92
303.849
303.835
303.836
303.84
303.841
303.839
303.832
303.821
303.806
303.79
303.771
303.751
303.731
303.709
303.688
303.667
303.645
303.624
303.603
303.581
303.56
303.539
303.518
303.498
303.477
303.456
303.434
303.413
303.392
303.37
303.349
303.327
303.305
303.283
303.261
303.239
303.216
303.194
303.171
303.148
303.125
303.102
303.079
303.056
303.033
303.01
302.987
302.964
302.939
302.91
310.467
309.462
308.612
307.972
307.547
307.306
307.2
307.186
307.235
307.315
307.405
307.487
307.559
307.621
307.676
307.725
307.771
307.813
307.854
307.895
307.932
307.957
307.965
307.951
307.903
307.804
307.627
307.357
306.981
306.489
305.888
305.19
304.466
303.918
303.847
303.85
303.862
303.871
303.874
303.871
303.862
303.848
303.831
303.811
303.79
303.768
303.745
303.722
303.699
303.676
303.654
303.631
303.609
303.587
303.566
303.544
303.523
303.501
303.48
303.459
303.437
303.416
303.394
303.373
303.351
303.329
303.307
303.285
303.262
303.24
303.217
303.195
303.172
303.149
303.126
303.103
303.08
303.057
303.034
303.011
302.988
302.965
302.942
302.924
310.49
309.524
308.705
308.085
307.668
307.427
307.319
307.301
307.348
307.427
307.516
307.596
307.666
307.725
307.777
307.823
307.867
307.909
307.952
307.997
308.043
308.082
308.107
308.114
308.094
308.026
307.885
307.649
307.302
306.825
306.22
305.489
304.626
303.495
303.791
303.863
303.895
303.91
303.915
303.909
303.896
303.878
303.857
303.834
303.81
303.785
303.76
303.735
303.71
303.686
303.662
303.639
303.616
303.593
303.571
303.549
303.527
303.505
303.483
303.462
303.44
303.418
303.396
303.375
303.353
303.33
303.308
303.286
303.264
303.241
303.218
303.195
303.173
303.15
303.127
303.104
303.081
303.058
303.035
303.012
302.989
302.966
302.944
302.927
310.514
309.594
308.808
308.206
307.797
307.555
307.444
307.423
307.465
307.542
307.628
307.707
307.773
307.829
307.878
307.921
307.963
308.004
308.048
308.096
308.149
308.2
308.241
308.265
308.269
308.228
308.12
307.918
307.602
307.151
306.562
305.84
305.002
304.185
303.942
303.92
303.946
303.964
303.966
303.955
303.936
303.912
303.886
303.858
303.83
303.802
303.775
303.748
303.721
303.696
303.671
303.646
303.623
303.599
303.576
303.553
303.531
303.509
303.487
303.465
303.443
303.421
303.399
303.377
303.354
303.332
303.31
303.287
303.265
303.242
303.219
303.196
303.173
303.15
303.127
303.104
303.081
303.058
303.035
303.012
302.99
302.966
302.942
302.923
310.538
309.664
308.912
308.33
307.927
307.686
307.572
307.55
307.59
307.665
307.744
307.819
307.882
307.935
307.98
308.02
308.059
308.099
308.144
308.195
308.254
308.314
308.367
308.409
308.43
308.415
308.338
308.169
307.888
307.468
306.908
306.209
305.388
304.535
303.896
303.942
304.01
304.035
304.03
304.009
303.981
303.949
303.916
303.883
303.851
303.819
303.789
303.76
303.732
303.705
303.679
303.654
303.629
303.605
303.581
303.558
303.535
303.512
303.49
303.468
303.445
303.423
303.401
303.378
303.356
303.334
303.311
303.288
303.266
303.243
303.22
303.197
303.174
303.151
303.128
303.105
303.081
303.058
303.035
303.013
302.99
302.965
302.938
302.914
310.561
309.73
309.012
308.452
308.06
307.821
307.706
307.681
307.717
307.79
307.864
307.933
307.993
308.042
308.083
308.12
308.156
308.196
308.241
308.295
308.357
308.425
308.489
308.545
308.583
308.587
308.537
308.402
308.157
307.78
307.258
306.584
305.742
304.69
303.247
303.951
304.118
304.137
304.112
304.072
304.029
303.986
303.946
303.907
303.87
303.836
303.803
303.772
303.743
303.714
303.687
303.661
303.635
303.61
303.586
303.562
303.539
303.516
303.493
303.47
303.448
303.425
303.403
303.38
303.358
303.335
303.312
303.29
303.267
303.244
303.221
303.198
303.175
303.151
303.128
303.105
303.082
303.058
303.035
303.012
302.989
302.964
302.936
302.91
310.583
309.791
309.109
308.574
308.195
307.96
307.843
307.814
307.845
307.916
307.984
308.047
308.102
308.148
308.186
308.22
308.255
308.293
308.34
308.396
308.461
308.535
308.607
308.675
308.727
308.746
308.72
308.617
308.412
308.085
307.619
307.003
306.228
305.358
304.633
304.449
304.361
304.283
304.209
304.14
304.079
304.024
303.974
303.929
303.889
303.851
303.816
303.783
303.752
303.723
303.694
303.667
303.641
303.616
303.591
303.567
303.543
303.519
303.496
303.473
303.45
303.427
303.405
303.382
303.359
303.336
303.314
303.291
303.268
303.245
303.222
303.198
303.175
303.152
303.128
303.105
303.082
303.058
303.035
303.012
302.988
302.962
302.933
302.906
310.603
309.852
309.205
308.694
308.329
308.099
307.981
307.948
307.974
308.041
308.103
308.161
308.21
308.251
308.287
308.319
308.353
308.392
308.44
308.498
308.566
308.644
308.722
308.798
308.861
308.891
308.884
308.807
308.641
308.364
307.958
307.408
306.72
305.985
305.353
304.869
304.601
304.429
304.303
304.205
304.124
304.057
303.999
303.949
303.905
303.864
303.827
303.793
303.761
303.73
303.701
303.673
303.647
303.621
303.595
303.57
303.546
303.522
303.499
303.475
303.452
303.429
303.406
303.383
303.361
303.338
303.315
303.292
303.269
303.245
303.222
303.199
303.175
303.152
303.129
303.105
303.082
303.058
303.035
303.011
302.987
302.962
302.936
302.915
310.624
309.913
309.301
308.816
308.466
308.241
308.121
308.082
308.102
308.163
308.22
308.271
308.315
308.352
308.385
308.417
308.451
308.491
308.54
308.6
308.671
308.751
308.833
308.914
308.985
309.024
309.029
308.974
308.839
308.602
308.237
307.727
307.092
306.401
305.724
305.095
304.762
304.54
304.378
304.255
304.159
304.082
304.019
303.965
303.917
303.875
303.837
303.802
303.768
303.737
303.707
303.679
303.652
303.625
303.599
303.574
303.55
303.525
303.501
303.478
303.454
303.431
303.408
303.385
303.362
303.339
303.316
303.292
303.269
303.246
303.223
303.199
303.176
303.152
303.129
303.105
303.082
303.058
303.035
303.011
302.987
302.962
302.938
302.921
310.646
309.978
309.401
308.939
308.602
308.381
308.259
308.215
308.229
308.282
308.332
308.377
308.416
308.449
308.48
308.512
308.548
308.59
308.64
308.702
308.774
308.855
308.94
309.022
309.097
309.142
309.155
309.115
309.003
308.792
308.451
307.963
307.349
306.652
305.908
305.05
304.833
304.603
304.421
304.284
304.179
304.097
304.03
303.975
303.926
303.883
303.844
303.808
303.775
303.743
303.713
303.684
303.656
303.629
303.603
303.578
303.553
303.528
303.504
303.48
303.456
303.433
303.409
303.386
303.363
303.34
303.316
303.293
303.27
303.246
303.223
303.199
303.176
303.152
303.129
303.105
303.081
303.058
303.034
303.01
302.986
302.961
302.937
302.92
310.67
310.046
309.502
309.063
308.737
308.518
308.394
308.345
308.354
308.397
308.44
308.478
308.512
308.543
308.573
308.606
308.643
308.686
308.739
308.801
308.874
308.955
309.04
309.121
309.195
309.244
309.262
309.232
309.136
308.945
308.622
308.152
307.539
306.814
306.053
305.343
304.918
304.629
304.428
304.286
304.18
304.099
304.034
303.979
303.931
303.889
303.85
303.814
303.78
303.748
303.718
303.688
303.66
303.633
303.607
303.581
303.555
303.531
303.506
303.482
303.458
303.434
303.411
303.387
303.364
303.34
303.317
303.294
303.27
303.247
303.223
303.199
303.176
303.152
303.128
303.105
303.081
303.058
303.034
303.01
302.986
302.961
302.935
302.917
310.692
310.11
309.6
309.181
308.866
308.651
308.526
308.472
308.476
308.509
308.544
308.575
308.604
308.633
308.663
308.696
308.735
308.78
308.834
308.897
308.969
309.048
309.131
309.21
309.281
309.331
309.351
309.329
309.246
309.071
308.764
308.302
307.673
306.9
306.086
305.379
304.886
304.581
304.388
304.257
304.162
304.089
304.029
303.977
303.932
303.891
303.853
303.817
303.784
303.752
303.722
303.692
303.664
303.636
303.61
303.584
303.558
303.533
303.508
303.484
303.46
303.436
303.412
303.388
303.365
303.341
303.318
303.294
303.27
303.247
303.223
303.199
303.176
303.152
303.128
303.104
303.081
303.057
303.033
303.01
302.986
302.961
302.935
302.917
310.716
310.174
309.693
309.294
308.989
308.778
308.653
308.597
308.593
308.617
308.644
308.668
308.693
308.719
308.749
308.783
308.824
308.871
308.925
308.988
309.057
309.134
309.213
309.288
309.353
309.401
309.423
309.404
309.326
309.156
308.857
308.399
307.752
306.929
306.016
305.208
304.694
304.439
304.295
304.199
304.127
304.068
304.017
303.972
303.93
303.891
303.854
303.82
303.787
303.755
303.725
303.696
303.667
303.639
303.612
303.586
303.56
303.535
303.51
303.485
303.461
303.437
303.413
303.389
303.365
303.342
303.318
303.294
303.271
303.247
303.223
303.199
303.175
303.151
303.128
303.104
303.08
303.056
303.033
303.009
302.986
302.962
302.939
302.923
310.734
310.228
309.777
309.4
309.108
308.903
308.778
308.718
308.708
308.723
308.741
308.759
308.778
308.802
308.831
308.865
308.907
308.955
309.01
309.071
309.138
309.21
309.284
309.353
309.413
309.459
309.48
309.463
309.39
309.225
308.929
308.463
307.786
306.892
305.852
304.766
304.287
304.202
304.161
304.122
304.082
304.042
304.002
303.963
303.925
303.889
303.855
303.821
303.789
303.758
303.728
303.698
303.67
303.642
303.615
303.588
303.562
303.537
303.511
303.486
303.462
303.438
303.414
303.39
303.366
303.342
303.318
303.294
303.271
303.247
303.223
303.199
303.175
303.151
303.127
303.103
303.079
303.055
303.032
303.008
302.985
302.963
302.941
302.926
310.755
310.284
309.859
309.501
309.222
309.025
308.901
308.839
308.822
308.829
308.838
308.848
308.862
308.882
308.909
308.943
308.984
309.033
309.087
309.146
309.209
309.276
309.345
309.409
309.465
309.507
309.526
309.507
309.433
309.272
308.98
308.508
307.81
306.875
305.755
304.525
304.065
303.932
304.027
304.049
304.04
304.016
303.986
303.954
303.921
303.887
303.854
303.822
303.791
303.76
303.73
303.701
303.672
303.644
303.617
303.59
303.564
303.538
303.513
303.488
303.463
303.438
303.414
303.39
303.366
303.342
303.318
303.294
303.27
303.246
303.222
303.198
303.174
303.15
303.126
303.102
303.078
303.054
303.03
303.007
302.984
302.961
302.937
302.916
310.771
310.331
309.936
309.6
309.336
309.147
309.025
308.96
308.937
308.936
308.937
308.939
308.947
308.962
308.986
309.018
309.057
309.104
309.156
309.212
309.271
309.334
309.397
309.456
309.508
309.546
309.562
309.542
309.465
309.297
308.999
308.525
307.825
306.872
305.715
304.438
303.976
303.839
303.96
304.005
304.011
303.998
303.974
303.946
303.916
303.885
303.854
303.823
303.792
303.762
303.732
303.703
303.674
303.646
303.619
303.592
303.565
303.539
303.514
303.488
303.463
303.439
303.414
303.39
303.366
303.342
303.318
303.294
303.27
303.246
303.222
303.197
303.173
303.149
303.124
303.1
303.076
303.052
303.028
303.005
302.981
302.957
302.93
302.902
310.79
310.384
310.015
309.703
309.456
309.275
309.154
309.085
309.055
309.048
309.041
309.035
309.035
309.045
309.064
309.092
309.128
309.171
309.219
309.273
309.328
309.387
309.445
309.499
309.547
309.582
309.592
309.566
309.482
309.302
308.987
308.499
307.808
306.89
305.737
304.411
303.986
303.864
303.965
303.999
304.002
303.989
303.967
303.941
303.913
303.884
303.854
303.823
303.793
303.763
303.734
303.705
303.676
303.648
303.62
303.593
303.566
303.54
303.514
303.489
303.464
303.439
303.414
303.39
303.366
303.342
303.318
303.294
303.269
303.245
303.221
303.196
303.172
303.147
303.123
303.098
303.074
303.05
303.026
303.002
302.979
302.957
302.934
302.915
310.805
310.432
310.096
309.807
309.575
309.404
309.288
309.216
309.182
309.167
309.151
309.138
309.131
309.135
309.148
309.17
309.201
309.239
309.283
309.332
309.383
309.437
309.49
309.54
309.583
309.613
309.617
309.587
309.491
309.294
308.95
308.424
307.697
306.788
305.731
304.542
304.128
304.055
304.037
304.025
304.01
303.99
303.966
303.939
303.912
303.883
303.854
303.824
303.794
303.765
303.736
303.707
303.678
303.65
303.622
303.594
303.567
303.541
303.515
303.489
303.464
303.439
303.414
303.39
303.366
303.341
303.317
303.293
303.269
303.244
303.22
303.195
303.171
303.146
303.121
303.096
303.071
303.047
303.022
302.999
302.976
302.955
302.937
302.925
310.826
310.488
310.18
309.918
309.707
309.547
309.434
309.358
309.318
309.294
309.271
309.251
309.239
309.236
309.242
309.257
309.281
309.313
309.351
309.394
309.44
309.488
309.535
309.58
309.618
309.642
309.639
309.598
309.488
309.267
308.886
308.316
307.569
306.707
305.804
304.955
304.447
304.217
304.115
304.061
304.026
303.996
303.968
303.94
303.912
303.883
303.854
303.825
303.796
303.766
303.737
303.708
303.679
303.651
303.623
303.595
303.568
303.541
303.515
303.489
303.464
303.439
303.414
303.39
303.365
303.341
303.317
303.292
303.268
303.243
303.219
303.194
303.169
303.144
303.118
303.093
303.068
303.043
303.018
302.994
302.972
302.952
302.936
302.927
310.842
310.54
310.27
310.037
309.846
309.698
309.588
309.509
309.465
309.432
309.403
309.378
309.36
309.351
309.35
309.356
309.372
309.396
309.426
309.462
309.502
309.542
309.582
309.62
309.651
309.667
309.656
309.602
309.47
309.221
308.816
308.233
307.491
306.653
305.821
305.088
304.547
304.294
304.164
304.089
304.04
304.003
303.971
303.941
303.912
303.884
303.855
303.826
303.797
303.767
303.738
303.709
303.68
303.652
303.624
303.596
303.569
303.542
303.515
303.489
303.464
303.438
303.414
303.389
303.365
303.34
303.316
303.292
303.267
303.242
303.218
303.192
303.167
303.142
303.116
303.09
303.064
303.038
303.013
302.988
302.966
302.946
302.931
302.923
310.865
310.604
310.368
310.161
309.993
309.857
309.754
309.675
309.623
309.582
309.549
309.519
309.496
309.479
309.47
309.469
309.475
309.49
309.51
309.537
309.568
309.6
309.631
309.66
309.682
309.687
309.665
309.594
309.434
309.143
308.696
308.095
307.368
306.579
305.802
305.085
304.414
304.285
304.177
304.102
304.049
304.008
303.974
303.943
303.913
303.885
303.856
303.827
303.798
303.769
303.739
303.71
303.681
303.653
303.624
303.596
303.569
303.542
303.515
303.489
303.463
303.438
303.413
303.388
303.364
303.34
303.315
303.291
303.266
303.241
303.216
303.191
303.165
303.139
303.113
303.086
303.059
303.033
303.006
302.981
302.958
302.938
302.922
302.914
310.885
310.665
310.468
310.291
310.147
310.026
309.928
309.849
309.79
309.743
309.705
309.67
309.641
309.618
309.6
309.589
309.587
309.592
309.602
309.618
309.636
309.658
309.679
309.697
309.708
309.701
309.666
309.573
309.384
309.062
308.585
307.975
307.274
306.524
305.78
305.075
304.387
304.271
304.174
304.103
304.051
304.01
303.975
303.944
303.914
303.885
303.857
303.828
303.799
303.77
303.74
303.711
303.682
303.653
303.625
303.597
303.569
303.542
303.515
303.489
303.463
303.437
303.412
303.388
303.363
303.339
303.314
303.29
303.265
303.24
303.215
303.189
303.163
303.137
303.109
303.082
303.054
303.026
302.998
302.972
302.947
302.926
302.91
302.901
310.908
310.73
310.567
310.42
310.299
310.193
310.104
310.025
309.962
309.911
309.868
309.827
309.792
309.761
309.734
309.713
309.7
309.694
309.694
309.698
309.704
309.713
309.721
309.727
309.724
309.706
309.651
309.529
309.301
308.942
308.452
307.859
307.198
306.495
305.778
305.078
304.442
304.251
304.156
304.093
304.046
304.008
303.975
303.944
303.915
303.886
303.857
303.829
303.799
303.77
303.741
303.712
303.683
303.654
303.625
303.597
303.569
303.541
303.514
303.488
303.462
303.437
303.412
303.387
303.362
303.338
303.314
303.289
303.264
303.239
303.213
303.188
303.161
303.134
303.106
303.078
303.048
303.019
302.989
302.961
302.934
302.91
302.893
302.883
310.929
310.792
310.663
310.546
310.445
310.355
310.274
310.197
310.131
310.077
310.026
309.98
309.938
309.898
309.862
309.831
309.806
309.789
309.777
309.77
309.763
309.757
309.752
309.744
309.73
309.696
309.619
309.464
309.2
308.817
308.331
307.764
307.14
306.477
305.783
305.037
304.107
304.157
304.116
304.074
304.037
304.004
303.973
303.944
303.915
303.886
303.858
303.829
303.8
303.771
303.741
303.712
303.683
303.654
303.625
303.596
303.568
303.541
303.514
303.487
303.461
303.436
303.411
303.386
303.362
303.337
303.313
303.288
303.263
303.238
303.212
303.186
303.159
303.131
303.103
303.073
303.043
303.011
302.98
302.948
302.918
302.891
302.87
302.858
310.943
310.84
310.743
310.657
310.578
310.505
310.434
310.357
310.29
310.226
310.17
310.12
310.071
310.021
309.974
309.935
309.899
309.869
309.844
309.824
309.805
309.783
309.764
309.743
309.717
309.669
309.568
309.385
309.099
308.713
308.244
307.705
307.113
306.485
305.828
305.143
304.465
304.154
304.088
304.056
304.028
303.999
303.971
303.943
303.915
303.887
303.858
303.83
303.8
303.771
303.742
303.712
303.683
303.654
303.625
303.596
303.568
303.54
303.513
303.486
303.461
303.435
303.411
303.386
303.361
303.337
303.312
303.287
303.262
303.237
303.211
303.185
303.157
303.129
303.1
303.069
303.037
303.004
302.97
302.935
302.901
302.869
302.842
302.825
310.925
310.851
310.795
310.737
310.671
310.615
310.566
310.502
310.431
310.358
310.296
310.24
310.178
310.121
310.069
310.025
309.977
309.927
309.883
309.851
309.824
309.786
309.757
309.714
309.682
309.626
309.511
309.32
309.034
308.647
308.19
307.67
307.094
306.488
305.867
305.232
304.612
303.941
304.043
304.042
304.021
303.995
303.969
303.942
303.914
303.887
303.859
303.83
303.801
303.771
303.741
303.712
303.682
303.653
303.625
303.596
303.567
303.539
303.512
303.485
303.46
303.435
303.41
303.385
303.361
303.336
303.312
303.287
303.262
303.236
303.21
303.183
303.156
303.127
303.097
303.065
303.032
302.997
302.961
302.923
302.883
302.844
302.807
302.781
310.811
310.786
310.902
310.888
310.677
310.53
310.533
310.52
310.504
310.415
310.372
310.361
310.269
310.26
310.189
310.103
310.025
309.925
309.898
309.873
309.831
309.78
309.794
309.695
309.662
309.58
309.477
309.261
309.003
308.612
308.154
307.648
307.098
306.506
305.951
305.311
304.722
304.194
304.101
304.052
304.021
303.993
303.967
303.941
303.914
303.887
303.859
303.83
303.801
303.771
303.741
303.712
303.681
303.652
303.624
303.595
303.566
303.538
303.51
303.484
303.459
303.435
303.41
303.385
303.361
303.336
303.312
303.287
303.262
303.236
303.21
303.182
303.154
303.125
303.095
303.063
303.029
302.992
302.954
302.912
302.868
302.818
302.765
302.718
310.879
310.834
310.842
310.799
310.717
310.671
310.645
310.585
310.509
310.439
310.371
310.306
310.227
310.178
310.121
310.063
309.983
309.905
309.868
309.857
309.818
309.778
309.79
309.681
309.682
309.564
309.459
309.236
308.959
308.593
308.16
307.647
307.109
306.522
305.927
305.326
304.775
304.309
304.142
304.067
304.023
303.991
303.963
303.937
303.911
303.887
303.86
303.83
303.802
303.774
303.743
303.711
303.678
303.646
303.619
303.591
303.563
303.534
303.506
303.483
303.459
303.435
303.41
303.386
303.361
303.337
303.312
303.287
303.262
303.236
303.209
303.182
303.153
303.124
303.093
303.061
303.026
302.989
302.949
302.905
302.856
302.795
302.722
302.641
310.93
310.866
310.833
310.796
310.75
310.696
310.636
310.553
310.466
310.397
310.342
310.281
310.206
310.136
310.083
310.039
309.986
309.931
309.887
309.851
309.813
309.778
309.759
309.708
309.649
309.538
309.39
309.173
308.879
308.5
308.054
307.543
306.989
306.402
305.811
305.246
304.741
304.352
304.165
304.079
304.027
303.992
303.964
303.936
303.91
303.885
303.858
303.83
303.802
303.772
303.74
303.709
303.677
303.647
303.619
303.592
303.564
303.536
303.51
303.485
303.461
303.436
303.412
303.388
303.364
303.339
303.314
303.289
303.263
303.237
303.21
303.182
303.153
303.124
303.093
303.061
303.026
302.989
302.948
302.903
302.853
302.793
302.719
302.638
310.956
310.896
310.843
310.791
310.73
310.657
310.577
310.488
310.403
310.335
310.276
310.211
310.141
310.077
310.025
309.981
309.939
309.9
309.865
309.834
309.806
309.782
309.752
309.707
309.63
309.514
309.351
309.128
308.833
308.466
308.032
307.535
306.99
306.421
305.855
305.323
304.856
304.488
304.253
304.119
304.044
303.998
303.965
303.936
303.909
303.881
303.853
303.825
303.795
303.764
303.733
303.702
303.671
303.641
303.612
303.582
303.551
303.522
303.493
303.467
303.443
303.419
303.396
303.373
303.349
303.324
303.298
303.272
303.245
303.219
303.193
303.165
303.136
303.105
303.073
303.036
302.996
302.953
302.911
302.866
302.817
302.761
302.701
302.648
310.962
310.904
310.855
310.801
310.74
310.673
310.601
310.521
310.439
310.368
310.307
310.247
310.183
310.121
310.066
310.018
309.974
309.933
309.897
309.864
309.834
309.804
309.758
309.665
309.519
309.325
309.083
308.782
308.411
307.982
307.501
306.981
306.44
305.903
305.383
304.923
304.563
304.31
304.156
304.064
304.009
303.971
303.94
303.913
303.886
303.859
303.831
303.803
303.774
303.746
303.718
303.69
303.663
303.636
303.61
303.584
303.558
303.532
303.507
303.485
303.462
303.439
303.416
303.393
303.37
303.346
303.321
303.295
303.269
303.243
303.216
303.188
303.157
303.125
303.091
303.052
303.006
302.953
302.904
302.857
302.807
302.752
302.695
302.654
310.967
310.909
310.857
310.802
310.739
310.672
310.601
310.526
310.448
310.377
310.312
310.25
310.186
310.126
310.072
310.024
309.983
309.945
309.912
309.883
309.854
309.817
309.763
309.646
309.44
309.166
308.854
308.522
308.134
307.711
307.24
306.731
306.213
305.714
305.264
304.88
304.569
304.335
304.18
304.082
304.02
303.977
303.943
303.913
303.885
303.858
303.83
303.801
303.772
303.743
303.714
303.686
303.658
303.632
303.605
303.579
303.553
303.528
303.504
303.482
303.46
303.439
303.417
303.396
303.374
303.352
303.329
303.304
303.28
303.254
303.227
303.197
303.166
303.132
303.095
303.052
303.005
302.951
302.901
302.856
302.811
302.764
302.718
302.685
310.973
310.919
310.862
310.802
310.739
310.675
310.61
310.542
310.47
310.397
310.329
310.266
310.205
310.15
310.102
310.059
310.021
309.988
309.957
309.927
309.889
309.833
309.753
309.578
309.241
308.823
308.435
308.097
307.766
307.415
307.033
306.619
306.192
305.777
305.39
305.035
304.722
304.476
304.3
304.177
304.092
304.031
303.983
303.942
303.906
303.872
303.84
303.806
303.771
303.735
303.699
303.666
303.636
303.608
303.583
303.558
303.534
303.511
303.489
303.469
303.449
303.429
303.409
303.389
303.369
303.35
303.33
303.309
303.287
303.261
303.23
303.193
303.153
303.113
303.074
303.033
302.991
302.946
302.906
302.867
302.826
302.786
302.751
302.729
310.975
310.923
310.865
310.805
310.742
310.679
310.615
310.55
310.482
310.413
310.346
310.283
310.225
310.172
310.125
310.084
310.048
310.016
309.986
309.954
309.913
309.851
309.747
309.501
309.073
308.659
308.304
307.985
307.661
307.314
306.945
306.561
306.173
305.797
305.438
305.103
304.806
304.564
304.38
304.243
304.143
304.068
304.01
303.961
303.92
303.882
303.846
303.81
303.772
303.732
303.693
303.658
303.626
303.598
303.572
303.548
303.524
303.501
303.48
303.46
303.441
303.421
303.402
303.382
303.362
303.341
303.319
303.296
303.271
303.241
303.207
303.168
303.126
303.089
303.054
303.018
302.982
302.946
302.91
302.872
302.834
302.8
302.771
302.753
310.975
310.923
310.866
310.806
310.744
310.681
310.617
310.552
310.485
310.418
310.353
310.291
310.233
310.181
310.135
310.095
310.06
310.028
309.998
309.965
309.922
309.855
309.744
309.484
309.046
308.646
308.308
307.988
307.654
307.298
306.926
306.546
306.168
305.801
305.452
305.128
304.842
304.604
304.417
304.275
304.168
304.086
304.023
303.971
303.926
303.887
303.85
303.812
303.772
303.732
303.692
303.656
303.624
303.596
303.569
303.544
303.52
303.498
303.477
303.457
303.437
303.418
303.398
303.378
303.357
303.335
303.31
303.283
303.254
303.223
303.187
303.149
303.111
303.077
303.045
303.013
302.98
302.947
302.911
302.873
302.837
302.805
302.779
302.764
)
;

boundaryField
{
    hot
    {
        type            fixedValue;
        value           uniform 311;
    }
    hotTop
    {
        type            fixedValue;
        value           uniform 311;
    }
    cold
    {
        type            inletOutlet;
        inletValue      uniform 301.3;
        value           nonuniform List<scalar> 
64
(
302.926
302.921
302.914
302.909
302.921
302.929
302.93
302.928
302.925
302.919
302.912
302.912
302.916
302.922
302.927
302.926
302.923
302.921
302.921
302.923
302.911
302.877
302.908
302.92
302.921
302.92
302.922
302.923
302.925
302.929
302.929
302.923
302.915
302.919
302.911
302.871
302.91
302.924
302.927
302.923
302.914
302.91
302.906
302.915
302.921
302.92
302.917
302.917
302.923
302.926
302.916
302.902
302.915
302.925
302.927
302.923
302.914
302.901
302.883
302.858
302.825
302.781
302.718
302.641
)
;
    }
    coldTop
    {
        type            zeroGradient;
    }
    top
    {
        type            zeroGradient;
    }
    btm
    {
        type            zeroGradient;
    }
    frontAndBack
    {
        type            empty;
    }
}


// ************************************************************************* //
