/*--------------------------------*- C++ -*----------------------------------*\
  =========                 |
  \\      /  F ield         | OpenFOAM: The Open Source CFD Toolbox
   \\    /   O peration     | Website:  https://openfoam.org
    \\  /    A nd           | Version:  6
     \\/     M anipulation  |
\*---------------------------------------------------------------------------*/
FoamFile
{
    version     2.0;
    format      ascii;
    class       volScalarField;
    location    "100";
    object      stFactor;
}
// * * * * * * * * * * * * * * * * * * * * * * * * * * * * * * * * * * * * * //

dimensions      [0 0 0 0 0 0 0];

internalField   nonuniform List<scalar> 
4800
(
1
1
1
1
1
1
1
1
1
1
1
1
1
1
1
1
1
1
1
1
1
1
1
1
1
1
1
1
1
1
1
1
1
1
1
1
1
1
1
1
1
1
1
1
1
1
1
1
1
1
1
1
1
1
1
1
1
1
1
1
1
1
1
1
1
1
1
1
1
1
1
1
1
1
1
1
1
1
1
1
0.99979
0.999851
0.999912
0.999975
1
1
1
1
1
1
1
1
1
1
1
1
1
1
1
1
1
1
1
1
1
1
1
1
1
1
1
1
1
1
1
1
1
1
1
1
1
1
1
1
1
1
1
1
1
1
1
1
1
1
1
1
1
1
1
1
1
1
1
1
1
1
1
1
1
1
1
1
1
1
1
1
1
1
1
1
1
1
1
1
1
1
1
1
1
1
1
1
1
1
1
1
1
1
1
1
1
1
1
1
1
1
1
1
1
1
1
1
1
1
1
1
1
1
1
1
0.999787
0.999849
0.999911
0.999974
1
1
1
1
1
1
1
1
1
1
1
1
1
1
1
1
1
1
1
1
1
1
1
1
1
1
1
1
1
1
1
1
1
1
1
1
1
1
1
1
1
1
1
1
1
1
1
1
1
1
1
1
1
1
1
1
1
1
1
1
1
1
1
1
1
1
1
1
1
1
1
1
1
1
1
1
1
1
1
1
1
1
1
1
1
1
1
1
1
1
1
1
1
1
1
1
1
1
1
1
1
1
1
1
1
1
1
1
1
1
1
1
1
1
1
1
0.999783
0.999846
0.999909
0.999972
1
1
1
1
1
1
1
1
1
1
1
1
1
1
1
1
1
1
1
1
1
1
1
1
1
1
1
1
1
1
1
1
1
1
1
1
1
1
1
1
1
1
1
1
1
1
1
1
1
1
1
1
1
1
1
1
1
1
1
1
1
1
1
1
1
1
1
1
1
1
1
1
1
1
1
1
1
1
1
1
1
1
1
1
1
1
1
1
1
1
1
1
1
1
1
1
1
1
1
1
1
1
1
1
1
1
1
1
1
1
1
1
1
1
1
1
0.999779
0.999842
0.999906
0.99997
1
1
1
1
1
1
1
1
1
1
1
1
1
1
1
1
1
1
1
1
1
1
1
1
1
1
1
1
1
1
1
1
1
1
1
1
1
1
1
1
1
1
1
1
1
1
1
1
1
1
1
1
1
1
1
1
1
1
1
1
1
1
1
1
1
1
1
1
1
1
1
1
1
1
1
1
1
1
1
1
1
1
1
1
1
1
1
1
1
1
1
1
1
1
1
1
1
1
1
1
1
1
1
1
1
1
1
1
1
1
1
1
1
1
1
1
0.999774
0.999838
0.999903
0.999967
1
1
1
1
1
1
1
1
1
1
1
1
1
1
1
1
1
1
1
1
1
1
1
1
1
1
1
1
1
1
1
1
1
1
1
1
1
1
1
1
1
1
1
1
1
1
1
1
1
1
1
1
1
1
1
1
1
1
1
1
1
1
1
1
1
1
1
1
1
1
1
1
1
1
1
1
1
1
1
1
1
1
1
1
1
1
1
1
1
1
1
1
1
1
1
1
1
1
1
1
1
1
1
1
1
1
1
1
1
1
1
1
1
1
1
1
0.999768
0.999834
0.999899
0.999964
1
1
1
1
1
1
1
1
1
1
1
1
1
1
1
1
1
1
1
1
1
1
1
1
1
1
1
1
1
1
1
1
1
1
1
1
1
1
1
1
1
1
1
1
1
1
1
1
1
1
1
1
1
1
1
1
1
1
1
1
1
1
1
1
1
1
1
1
1
1
1
1
1
1
1
1
1
1
1
1
1
1
1
1
1
1
1
1
1
1
1
1
1
1
1
1
1
1
1
1
1
1
1
1
1
1
1
1
1
1
1
1
1
1
1
1
0.999763
0.99983
0.999896
0.999961
1
1
1
1
1
1
1
1
1
1
1
1
1
1
1
1
1
1
1
1
1
1
1
1
1
1
1
1
1
1
1
1
1
1
1
1
1
1
1
1
1
1
1
1
1
1
1
1
1
1
1
1
1
1
1
1
1
1
1
1
1
1
1
1
1
1
1
1
1
1
1
1
1
1
1
1
1
1
1
1
1
1
1
1
1
1
1
1
1
1
1
1
1
1
1
1
1
1
1
1
1
1
1
1
1
1
1
1
1
1
1
1
1
1
1
1
0.999758
0.999825
0.999892
0.999958
1
1
1
1
1
1
1
1
1
1
1
1
1
1
1
1
1
1
1
1
1
1
1
1
1
1
1
1
1
1
1
1
1
1
1
1
1
1
1
1
1
1
1
1
1
1
1
1
1
1
1
1
1
1
1
1
1
1
1
1
1
1
1
1
1
1
1
1
1
1
1
1
1
1
1
1
1
1
1
1
1
1
1
1
1
1
1
1
1
1
1
1
1
1
1
1
1
1
1
1
1
1
1
1
1
1
1
1
1
1
1
1
1
1
1
1
0.999753
0.999821
0.999888
0.999955
1
1
1
1
1
1
1
1
1
1
1
1
1
1
1
1
1
1
1
1
1
1
1
1
1
1
1
1
1
1
1
1
1
1
1
1
1
1
1
1
1
1
1
1
1
1
1
1
1
1
1
1
1
1
1
1
1
1
1
1
1
1
1
1
1
1
1
1
1
1
1
1
1
1
1
1
1
1
1
1
1
1
1
1
1
1
1
1
1
1
1
1
1
1
1
1
1
1
1
1
1
1
1
1
1
1
1
1
1
1
1
1
1
1
1
1
0.999748
0.999816
0.999884
0.999952
1
1
1
1
1
1
1
1
1
1
1
1
1
1
1
1
1
1
1
1
1
1
1
1
1
1
1
1
1
1
1
1
1
1
1
1
1
1
1
1
1
1
1
1
1
1
1
1
1
1
1
1
1
1
1
1
1
1
1
1
1
1
1
1
1
1
1
1
1
1
1
1
1
1
1
1
1
1
1
1
1
1
1
1
1
1
1
1
1
1
1
1
1
1
1
1
1
1
1
1
1
1
1
1
1
1
1
1
1
1
1
1
1
1
1
1
0.999743
0.999812
0.999881
0.999949
1
1
1
1
1
1
1
1
1
1
1
1
1
1
1
1
1
1
1
1
1
1
1
1
1
1
1
1
1
1
1
1
1
1
1
1
1
1
1
1
1
1
1
1
1
1
1
1
1
1
1
1
1
1
1
1
1
1
1
1
1
1
1
1
1
1
1
1
1
1
1
1
1
1
1
1
1
1
1
1
1
1
1
1
1
1
1
1
1
1
1
1
1
1
1
1
1
1
1
1
1
1
1
1
1
1
1
1
1
1
1
1
1
1
1
1
0.999739
0.999809
0.999878
0.999947
1
1
1
1
1
1
1
1
1
1
1
1
1
1
1
1
1
1
1
1
1
1
1
1
1
1
1
1
1
1
1
1
1
1
1
1
1
1
1
1
1
1
1
1
1
1
1
1
1
1
1
1
1
1
1
1
1
1
1
1
1
1
1
1
1
1
1
1
1
1
1
1
1
1
1
1
1
1
1
1
1
1
1
1
1
1
1
1
1
1
1
1
1
1
1
1
1
1
1
1
1
1
1
1
1
1
1
1
1
1
1
1
1
1
1
1
0.999736
0.999807
0.999876
0.999945
1
1
1
1
1
1
1
1
1
1
1
1
1
1
1
1
1
1
1
1
1
1
1
1
1
1
1
1
1
1
1
1
1
1
1
1
1
1
1
1
1
1
1
1
1
1
1
1
1
1
1
1
1
1
1
1
1
1
1
1
1
1
1
1
1
1
1
1
1
1
1
1
1
1
1
1
1
1
1
1
1
1
1
1
1
1
1
1
1
1
1
1
1
1
1
1
1
1
1
1
1
1
1
1
1
1
1
1
1
1
1
1
1
1
1
1
0.999734
0.999805
0.999875
0.999945
1
1
1
1
1
1
1
1
1
1
1
1
1
1
1
1
1
1
1
1
1
1
1
1
1
1
1
1
1
1
1
1
1
1
1
1
1
1
1
1
1
1
1
1
1
1
1
1
1
1
1
1
1
1
1
1
1
1
1
1
1
1
1
1
1
1
1
1
1
1
1
1
1
1
1
1
1
1
1
1
1
1
1
1
1
1
1
1
1
1
1
1
1
1
1
1
1
1
1
1
1
1
1
1
1
1
1
1
1
1
1
1
1
1
1
1
0.999733
0.999805
0.999875
0.999945
1
1
1
1
1
1
1
1
1
1
1
1
1
1
1
1
1
1
1
1
1
1
1
1
1
1
1
1
1
1
1
1
1
1
1
1
1
1
1
1
1
1
1
1
1
1
1
1
1
1
1
1
1
1
1
1
1
1
1
1
1
1
1
1
1
1
1
1
1
1
1
1
1
1
1
1
1
1
1
1
1
1
1
1
1
1
1
1
1
1
1
1
1
1
1
1
1
1
1
1
1
1
1
1
1
1
1
1
1
1
1
1
1
1
1
1
0.999734
0.999806
0.999877
0.999946
1
1
1
1
1
1
1
1
1
1
1
1
1
1
1
1
1
1
1
1
1
1
1
1
1
1
1
1
1
1
1
1
1
1
1
1
1
1
1
1
1
1
1
1
1
1
1
1
1
1
1
1
1
1
1
1
1
1
1
1
1
1
1
1
1
1
1
1
1
1
1
1
1
1
1
1
1
1
1
1
1
1
1
1
1
1
1
1
1
1
1
1
1
1
1
1
1
1
1
1
1
1
1
1
1
1
1
1
1
1
1
1
1
1
1
1
0.999737
0.999809
0.99988
0.999949
1
1
1
1
1
1
1
1
1
1
1
1
1
1
1
1
1
1
1
1
1
1
1
1
1
1
1
1
1
1
1
1
1
1
1
1
1
1
1
1
1
1
1
1
1
1
1
1
1
1
1
1
1
1
1
1
1
1
1
1
1
1
1
1
1
1
1
1
1
1
1
1
1
1
1
1
1
1
1
1
1
1
1
1
1
1
1
1
1
1
1
1
1
1
1
1
1
1
1
1
1
1
1
1
1
1
1
1
1
1
1
1
1
1
1
1
0.999743
0.999814
0.999884
0.999954
1
1
1
1
1
1
1
1
1
1
1
1
1
1
1
1
1
1
1
1
1
1
1
1
1
1
1
1
1
1
1
1
1
1
1
1
1
1
1
1
1
1
1
1
1
1
1
1
1
1
1
1
1
1
1
1
1
1
1
1
1
1
1
1
1
1
1
1
1
1
1
1
1
1
1
1
1
1
1
1
1
1
1
1
1
1
1
1
1
1
1
1
1
1
1
1
1
1
1
1
1
1
1
1
1
1
1
1
1
1
1
1
1
1
1
1
0.999751
0.999822
0.999892
0.99996
1
1
1
1
1
1
1
1
1
1
1
1
1
1
1
1
1
1
1
1
1
1
1
1
1
1
1
1
1
1
1
1
1
1
1
1
1
1
1
1
1
1
1
1
1
1
1
1
1
1
1
1
1
1
1
1
1
1
1
1
1
1
1
1
1
1
1
1
1
1
1
1
1
1
1
1
1
1
1
1
1
1
1
1
1
1
1
1
1
1
1
1
1
1
1
1
1
1
1
1
1
1
1
1
1
1
1
1
1
1
1
1
1
1
1
1
0.999762
0.999832
0.999901
0.999968
1
1
1
1
1
1
1
1
1
1
1
1
1
1
1
1
1
1
1
1
1
1
1
1
1
1
1
1
1
1
1
1
1
1
1
1
1
1
1
1
1
1
1
1
1
1
1
1
1
1
1
1
1
1
1
1
1
1
1
1
1
1
1
1
1
1
1
1
1
1
1
1
1
1
1
1
1
1
1
1
1
1
1
1
1
1
1
1
1
1
1
1
1
1
1
1
1
1
1
1
1
1
1
1
1
1
1
1
1
1
1
1
1
1
1
1
0.999777
0.999846
0.999913
0.999979
1
1
1
1
1
1
1
1
1
1
1
1
1
1
1
1
1
1
1
1
1
1
1
1
1
1
1
1
1
1
1
1
1
1
1
1
1
1
1
1
1
1
1
1
1
1
1
1
1
1
1
1
1
1
1
1
1
1
1
1
1
1
1
1
1
1
1
1
1
1
1
1
1
1
1
1
1
1
1
1
1
1
1
1
1
1
1
1
1
1
1
1
1
1
1
1
1
1
1
1
1
1
1
1
1
1
1
1
1
1
1
1
1
1
1
1
0.999794
0.999861
0.999927
0.999991
1
1
1
1
1
1
1
1
1
1
1
1
1
1
1
1
1
1
1
1
1
1
1
1
1
1
1
1
1
1
1
1
1
1
1
1
1
1
1
1
1
1
1
1
1
1
1
1
1
1
1
1
1
1
1
1
1
1
1
1
1
1
1
1
1
1
1
1
1
1
1
1
1
1
1
1
1
1
1
1
1
1
1
1
1
1
1
1
1
1
1
1
1
1
1
1
1
1
1
1
1
1
1
1
1
1
1
1
1
1
1
1
1
1
1
1
0.999811
0.999878
0.999943
1
1
1
1
1
1
1
1
1
1
1
1
1
1
1
1
1
1
1
1
1
1
1
1
1
1
1
1
1
1
1
1
1
1
1
1
1
1
1
1
1
1
1
1
1
1
1
1
1
1
1
1
1
1
1
1
1
1
1
1
1
1
1
1
1
1
1
1
1
1
1
1
1
1
1
1
1
1
1
1
1
1
1
1
1
1
1
1
1
1
1
1
1
1
1
1
1
1
1
1
1
1
1
1
1
1
1
1
1
1
1
1
1
1
1
1
1
0.999829
0.999896
0.999959
1
1
1
1
1
1
1
1
1
1
1
1
1
1
1
1
1
1
1
1
1
1
1
1
1
1
1
1
1
1
1
1
1
1
1
1
1
1
1
1
1
1
1
1
1
1
1
1
1
1
1
1
1
1
1
1
1
1
1
1
1
1
1
1
1
1
1
1
1
1
1
1
1
1
1
1
1
1
1
1
1
1
1
1
1
1
1
1
1
1
1
1
1
1
1
1
1
1
1
1
1
1
1
1
1
1
1
1
1
1
1
1
1
1
1
1
1
0.999848
0.999914
0.999975
1
1
1
1
1
1
1
1
1
1
1
1
1
1
1
1
1
1
1
1
1
1
1
1
1
1
1
1
1
1
1
1
1
1
1
1
1
1
1
1
1
1
1
1
1
1
1
1
1
1
1
1
1
1
1
1
1
1
1
1
1
1
1
1
1
1
1
1
1
1
1
1
1
1
1
1
1
1
1
1
1
1
1
1
1
1
1
1
1
1
1
1
1
1
1
1
1
1
1
1
1
1
1
1
1
1
1
1
1
1
1
1
1
1
1
1
1
1
0.999932
0.999988
1
1
1
1
1
1
1
1
1
1
1
1
1
1
1
1
1
1
1
1
1
1
1
1
1
1
1
1
1
1
1
1
1
1
1
1
1
1
1
1
1
1
1
1
1
1
1
1
1
1
1
1
1
1
1
1
1
1
1
1
1
1
1
1
1
1
1
1
1
1
1
1
1
1
1
1
1
1
1
1
1
1
1
1
1
1
1
1
1
1
1
1
1
1
1
1
1
1
1
1
1
1
1
1
1
1
1
1
1
1
1
1
1
1
1
1
1
1
0.999936
0.999995
1
1
1
1
1
1
1
1
1
1
1
1
1
1
1
1
1
1
1
1
1
1
1
1
1
1
1
1
1
1
1
1
1
1
1
1
1
1
1
1
1
1
1
1
1
1
1
1
1
1
1
1
1
1
1
1
1
1
1
1
1
1
1
1
1
1
1
1
1
1
1
1
1
1
1
1
1
1
1
1
1
1
1
1
1
1
1
1
1
1
1
1
1
1
1
1
1
1
1
1
1
1
1
1
1
1
1
1
1
1
1
1
1
1
1
1
1
1
0.999932
0.999996
1
1
1
1
1
1
1
1
1
1
1
1
1
1
1
1
1
1
1
1
1
1
1
1
1
1
1
1
1
1
1
1
1
1
1
1
1
1
1
1
1
1
1
1
1
1
1
1
1
1
1
1
1
1
1
1
1
1
1
1
1
1
1
1
1
1
1
1
1
1
1
1
1
1
1
1
1
1
1
1
1
1
1
1
1
1
0.9957
0.994573
0.991508
0.991948
0.988399
0.989117
0.987669
0.98702
0.986218
0.985799
0.984046
0.983703
0.98497
0.983567
0.984337
0.983429
0.984011
0.984302
0.985745
0.986907
0.989211
0.987802
0.991419
0.991492
0.996673
0.99633
1
1
1
1
1
1
0.999933
0.999999
1
1
1
1
1
1
1
1
1
1
1
1
1
1
1
1
1
1
1
1
1
1
1
1
1
1
1
1
1
1
1
1
1
1
1
1
1
1
1
1
1
1
1
1
1
1
1
1
1
1
1
1
1
1
1
1
1
1
1
1
1
1
1
1
1
1
1
0.999946
0.99924
0.998443
0.99754
0.996551
0.99555
0.994684
0.993158
0.992265
0.990536
0.988336
0.985241
0.98292
0.979699
0.977958
0.974075
0.973751
0.969534
0.969087
0.962469
0.962081
0.961073
0.966641
0.959243
0.960605
0.959584
0.960712
0.958695
0.959639
0.960424
0.95898
0.960783
0.959156
0.959536
0.956988
0.956093
0.953986
0.95644
0.956424
0.960861
0.96194
0.965501
0.966923
0.968693
0.972047
0.97214
0.975593
0.983195
0.988363
1
1
1
1
1
1
1
1
1
1
1
1
1
1
1
1
1
1
1
1
1
1
1
1
1
1
1
1
1
1
1
1
1
1
1
1
1
1
1
1
1
1
1
1
1
1
1
1
1
1
1
1
1
1
1
0.999858
0.999743
0.999208
0.999288
0.998828
0.9988
0.998178
0.997596
0.996184
0.994711
0.993036
0.992316
0.992099
0.993373
0.991525
0.989868
0.987449
0.985451
0.982771
0.980631
0.978596
0.97662
0.974739
0.972401
0.96981
0.965013
0.961673
0.956082
0.954609
0.947199
0.944281
0.936402
0.934724
0.926978
0.927802
0.920462
0.924786
0.915068
0.920805
0.913107
0.920087
0.908353
0.911997
0.904843
0.902143
0.902742
0.896907
0.899163
0.890672
0.890563
0.883364
0.891095
0.878889
0.89543
0.873112
0.898074
0.870462
0.899987
0.87322
0.905979
0.878964
0.913353
0.88732
0.924122
0.897842
0.947603
0.999996
1
1
1
1
1
1
1
1
1
1
1
1
1
1
1
1
1
1
1
1
1
1
1
1
1
1
1
1
1
1
1
1
1
1
1
1
1
1
1
1
1
0.999211
0.996707
0.991028
0.987912
0.981697
0.981679
0.97603
0.978293
0.981261
0.986783
0.98669
0.989267
0.990367
0.991011
0.988837
0.987034
0.986455
0.98482
0.98101
0.978851
0.974804
0.975198
0.977771
0.973067
0.96938
0.962856
0.959792
0.958087
0.95341
0.951091
0.944528
0.939974
0.932531
0.927662
0.916891
0.910245
0.898939
0.891545
0.883015
0.87398
0.864727
0.855155
0.847212
0.839205
0.835776
0.829079
0.825153
0.818743
0.818222
0.810321
0.809962
0.802035
0.799897
0.787099
0.783544
0.769458
0.773651
0.761654
0.75979
0.734751
0.730938
0.718197
0.708704
0.677595
0.662632
0.636141
0.61821
0.587803
0.560722
0.531301
0.503072
0.459493
0.421539
0.388266
0.331312
0.299024
0.25991
0.215224
0.168518
0.999923
1
1
1
1
1
1
1
1
1
1
1
1
1
1
1
1
1
1
1
1
1
1
1
1
1
1
1
1
1
1
1
1
1
1
1
1
1
1
0.821811
0.815517
0.813518
0.814649
0.814293
0.825259
0.826518
0.836905
0.83803
0.85737
0.854217
0.863981
0.86594
0.870256
0.871115
0.871092
0.867528
0.866069
0.856849
0.847964
0.850798
0.843924
0.847445
0.828516
0.810042
0.802254
0.795606
0.786566
0.777101
0.752965
0.747372
0.728491
0.723112
0.70817
0.695355
0.674516
0.664797
0.643687
0.635844
0.613129
0.606207
0.583954
0.574869
0.552195
0.542969
0.521583
0.51298
0.493923
0.486254
0.468871
0.458507
0.433903
0.421199
0.399679
0.387797
0.368558
0.354016
0.329566
0.316734
0.296943
0.28297
0.258648
0.247949
0.224861
0.214747
0.194768
0.186758
0.168252
0.161589
0.144605
0.134989
0.121345
0.113788
0.0963877
0.0898185
0.0814519
0.0612927
0.041316
0.0231473
0.0113772
0.00145577
0.000167045
0.000167045
0.000167045
0.000167045
0.000167045
0.000167045
0.000167045
0.000167045
0.000167045
0.000167045
0.000167045
0.000167045
0.000167045
0.000167045
0.000167045
0.000167045
0.000167045
0.000167045
0.000167045
0.000167045
0.000167045
0.000167045
0.000167045
0.000167045
0.000167045
0.000167045
0.000167045
0.000167045
0.000167045
0.000167045
0.000167045
0.000167045
0.000167045
0.000167045
0.000167045
0.000167045
0.000167045
0.000167045
0.000167045
0.0423899
0.0505546
0.0600619
0.0695776
0.0797969
0.0839183
0.0903659
0.0954931
0.101857
0.10205
0.11485
0.118872
0.127779
0.13425
0.143311
0.148039
0.154803
0.157711
0.170571
0.172033
0.167487
0.162566
0.153439
0.152162
0.158165
0.146896
0.140377
0.125307
0.116127
0.115523
0.104387
0.0994538
0.0877713
0.073544
0.0659054
0.0575838
0.0488469
0.0472423
0.0451933
0.0471499
0.046698
0.0490623
0.0509326
0.0531257
0.05426
0.0556501
0.0570358
0.0582285
0.0603999
0.0621453
0.0660146
0.0664437
0.0677644
0.068252
0.0705923
0.0736813
0.0748942
0.0786033
0.0800686
0.0832305
0.0788193
0.0771125
0.0741105
0.0761026
0.073009
0.0685655
0.0640596
0.0600024
0.0557319
0.0496574
0.0439761
0.0400329
0.0360903
0.026333
0.0230251
0.0187684
0.0127648
0.00441469
0.00554676
0.00159684
0.000166968
0.000167045
0.000167045
0.000167045
0.000167045
0.000167045
0.000167045
0.000167045
0.000167045
0.000167045
0.000167045
0.000167045
0.000167045
0.000167045
0.000167045
0.000167045
0.000167045
0.000167045
0.000167045
0.000167045
0.000167045
0.000167045
0.000167045
0.000167045
0.000167045
0.000167045
0.000167045
0.000167045
0.000167045
0.000167045
0.000167045
0.000167045
0.000167045
0.000167045
0.000167045
0.000167045
0.000167045
0.000167045
0.000167045
0.000167045
0.0108711
0.0109526
0.0112383
0.0115887
0.0120959
0.013364
0.014794
0.0170353
0.0192015
0.020741
0.0209368
0.0231616
0.025848
0.0267809
0.0295753
0.031041
0.0314098
0.0332416
0.0315948
0.030186
0.0318899
0.0331702
0.0347856
0.0340502
0.0332637
0.0319281
0.031973
0.0326524
0.0327994
0.0319079
0.0329679
0.0319675
0.0328796
0.0330699
0.0328466
0.0325139
0.0328059
0.0329419
0.0330784
0.0335021
0.0340268
0.0351684
0.0361121
0.0364331
0.0367715
0.0379792
0.0388663
0.0402391
0.0411143
0.0423713
0.0426491
0.0426239
0.0425942
0.0418887
0.0431641
0.0426534
0.0418471
0.0399141
0.038986
0.0370154
0.0367007
0.0322946
0.0310986
0.0284005
0.026105
0.023755
0.0208742
0.0188696
0.0181636
0.0145175
0.0114713
0.0101036
0.00946003
0.00537912
0.00399789
0.00361396
0.00242667
0.000167045
0.00131761
0.000167045
0.000167045
0.000167045
0.000167045
0.000167045
0.000167045
0.000167045
0.000167045
0.000167045
0.000167045
0.000167045
0.000167045
0.000167045
0.000167045
0.000167045
0.000167045
0.000167045
0.000167045
0.000167045
0.000167045
0.000167045
0.000167045
0.000167045
0.000167045
0.000167045
0.000167045
0.000167045
0.000167045
0.000167045
0.000167045
0.000167045
0.000167045
0.000167045
0.000167045
0.000167045
0.000167045
0.000167045
0.000167045
0.000167045
0.000167045
0.000167045
0.00212177
0.0021887
0.00229597
0.00237596
0.0024498
0.00257996
0.00276651
0.00299368
0.00329886
0.00364065
0.00398372
0.00449148
0.00492616
0.00514142
0.00491031
0.00519741
0.00526363
0.00577031
0.0065857
0.00875579
0.00813856
0.00852194
0.00907252
0.0108069
0.0104215
0.0124478
0.0127272
0.0133194
0.0137671
0.0153107
0.0156902
0.0170297
0.0168231
0.0171768
0.0172502
0.0182945
0.0175045
0.0172323
0.0170367
0.0164903
0.0165644
0.0162381
0.0160812
0.0161857
0.0164654
0.0165156
0.0166998
0.0167864
0.0170924
0.0170148
0.0169982
0.0168569
0.0163904
0.0158406
0.0160839
0.0157451
0.0151472
0.0140191
0.0143729
0.0142104
0.0129275
0.0112215
0.0106248
0.0114152
0.00912692
0.00771765
0.00652719
0.00636981
0.00578365
0.00413122
0.00196975
0.00205146
0.00201031
0.000167045
0.000166978
0.000166998
0.000167045
0.000167045
0.000167045
0.000167045
0.000167045
0.000167045
0.000167045
0.000167045
0.000167045
0.000167045
0.000167045
0.000167045
0.000167045
0.000167045
0.000167045
0.000167045
0.000167045
0.000167045
0.000167045
0.000167045
0.000167045
0.000167045
0.000167045
0.000167045
0.000167045
0.000167045
0.000167045
0.000167045
0.000167045
0.000167045
0.000167045
0.000167045
0.000167045
0.000167045
0.000167045
0.000167045
0.000167045
0.000167045
0.000167045
0.000167045
0.000167045
0.000167045
0.000167045
0.000167045
0.000167045
0.000167045
0.000167045
0.000167045
0.000167045
0.000167045
0.000167045
0.000167045
0.000167045
0.000167045
0.000167045
0.000167045
0.000167045
0.000167045
0.000167045
0.000167045
0.000167045
0.000167017
0.000167045
0.000166971
0.00170298
0.00164632
0.00168541
0.00231469
0.00233267
0.00284861
0.00314455
0.00360067
0.00427233
0.00377985
0.00455812
0.00403398
0.00476896
0.00478174
0.00510537
0.00491481
0.0053684
0.00555874
0.00542004
0.00521618
0.00516951
0.00487074
0.00504519
0.00508597
0.00528105
0.0053457
0.00561115
0.00570114
0.00584652
0.00561609
0.00564025
0.00547582
0.00523614
0.00493415
0.00513646
0.00483728
0.00422657
0.00378905
0.00452195
0.00420196
0.00378552
0.00261452
0.0028555
0.00304033
0.00265174
0.00137124
0.00135298
0.00205422
0.000166916
0.000167045
0.000167045
0.000167026
0.000167038
0.000167045
0.000167045
0.000167045
0.000167045
0.000167045
0.000167045
0.000167045
0.000167045
0.000167045
0.000167045
0.000167045
0.000167045
0.000167045
0.000167045
0.000167045
0.000167045
0.000167045
0.000167045
0.000167045
0.000167045
0.000167045
0.000167045
0.000167045
0.000167045
0.000167045
0.000167045
0.000167045
0.000167045
0.000167045
0.000167045
0.000167045
0.000167045
0.000167045
0.000167045
0.000167045
0.000167045
0.000167045
0.000167045
0.000167045
0.000167045
0.000167045
0.000167045
0.000167045
0.000167045
0.000167045
0.000167045
0.000167045
0.000167045
0.000167045
0.000167045
0.000167045
0.000167045
0.000167045
0.000167045
0.000167045
0.000167045
0.000167045
0.000167045
0.000167045
0.000167045
0.000167045
0.000167045
0.000167045
0.000167045
0.000167045
0.000167045
0.000167045
0.00016703
0.000167045
0.00016704
0.000167033
0.00016704
0.000167045
0.000167045
0.000167034
0.000167045
0.000167045
0.00016704
0.000167037
0.000167041
0.000167045
0.000167002
0.000167027
0.000167045
0.000167034
0.000167045
0.000167035
0.000167021
0.000167034
0.000167035
0.000167045
0.000167045
0.000167045
0.000167045
0.000167045
0.000167044
0.000167036
0.000167045
0.000167045
0.000167045
0.000167045
0.000167018
0.000167045
0.000167045
0.000167045
0.000166992
0.000167045
0.000167045
0.000167045
0.000167034
0.000167045
0.000167045
0.000167045
0.00016704
0.000167021
0.000167045
0.000167045
0.000167045
0.000167045
0.000167045
0.000167045
0.000167045
0.000167045
0.000167045
0.000167045
0.000167045
0.000167045
0.000167045
0.000167045
0.000167045
0.000167045
0.000167045
0.000167045
0.000167045
0.000167045
0.000167045
0.000167045
0.000167045
0.000167045
0.000167045
0.000167045
0.000167045
0.000167045
0.000167045
0.000167045
0.000167045
0.000167045
0.000167045
0.000167045
0.000167045
0.000167045
0.000167045
0.000167045
0.000167045
0.000167045
0.000167045
0.000167045
0.000167045
0.000167045
0.000167045
0.000167045
0.000167045
0.000167045
0.000167045
0.000167045
0.000167045
0.000167045
0.000167045
0.000167045
0.000167045
0.000167045
0.000167045
0.000167045
0.000167045
0.000167045
0.000167045
0.000167045
0.000167045
0.000167045
0.000167045
0.000167045
0.000167045
0.000167045
0.000167045
0.000167045
0.000167045
0.000167045
0.000167045
0.000167045
0.000167045
0.000167045
0.000167045
0.000167045
0.000167045
0.000167045
0.000167045
0.000167045
0.000167045
0.000167045
0.000167045
0.000167045
0.000167045
0.000167045
0.000167045
0.000167045
0.000167045
0.000167045
0.000167045
0.000167045
0.000167045
0.000167045
0.000167045
0.000167045
0.000167045
0.000167045
0.000167045
0.000167045
0.000167045
0.000167045
0.000167045
0.000167045
0.000167045
0.000167045
0.000167045
0.000167045
0.000167045
0.000167045
0.000167045
0.000167045
0.000167045
0.000167045
0.000167045
0.000167045
0.000167045
0.000167045
0.000167045
0.000167045
0.000167045
0.000167045
0.000167045
0.000167045
0.000167045
0.000167045
0.000167045
0.000167045
0.000167045
0.000167045
0.000167045
0.000167045
0.000167045
0.000167045
0.000167045
0.000167045
0.000167045
0.000167045
0.000167045
0.000167045
0.000167045
0.000167045
0.000167045
0.000167045
0.000167045
0.000167045
0.000167045
0.000167045
0.000167045
0.000167045
0.000167045
0.000167045
0.000167045
0.000167045
0.000167045
0.000167045
0.000167045
0.000167045
0.000167045
0.000167045
0.000167045
0.000167045
0.000167045
0.000167045
0.000167045
0.000167045
0.000167045
0.000167045
0.000167045
0.000167045
0.000167045
0.000167045
0.000167045
0.000167045
0.000167045
0.000167045
0.000167045
0.000167045
0.000167045
0.000167045
0.000167045
0.000167045
0.000167045
0.000167045
0.000167045
0.000167045
0.000167045
0.000167045
0.000167045
0.000167045
0.000167045
0.000167045
0.000167045
0.000167045
0.000167045
0.000167045
0.000167045
0.000167045
0.000167045
0.000167045
0.000167045
0.000167045
0.000167045
0.000167045
0.000167045
0.000167045
0.000167045
0.000167045
0.000167045
0.000167045
0.000167045
0.000167045
0.000167045
0.000167045
0.000167045
0.000167045
0.000167045
0.000167045
0.000167045
0.000167045
0.000167045
0.000167045
0.000167045
0.000167045
0.000167045
0.000167045
0.000167045
0.000167045
0.000167045
0.000167045
0.000167045
0.000167045
0.000167045
0.000167045
0.000167045
0.000167045
0.000167045
0.000167045
0.000167045
0.000167045
0.000167045
0.000167045
0.000167045
0.000167045
0.000167045
0.000167045
0.000167045
0.000167045
0.000167045
0.000167045
0.000167045
0.000167045
0.000167045
0.000167045
0.000167045
0.000167045
0.000167045
0.000167045
0.000167045
0.000167045
0.000167045
0.000167045
0.000167045
0.000167045
0.000167045
0.000167045
0.000167045
0.000167045
0.000167045
0.000167045
0.000167045
0.000167045
0.000167045
0.000167045
0.000167045
0.000167045
0.000167045
0.000167045
0.000167045
0.000167045
0.000167045
0.000167045
0.000167045
0.000167045
0.000167045
0.000167045
0.000167045
0.000167045
0.000167045
0.000167045
)
;

boundaryField
{
    hot
    {
        type            calculated;
        value           uniform 1;
    }
    hotTop
    {
        type            calculated;
        value           nonuniform List<scalar> 8(0.821811 0.0423899 0.0108711 0.00212177 0.000167045 0.000167045 0.000167045 0.000167045);
    }
    cold
    {
        type            calculated;
        value           nonuniform List<scalar> 
32
(
1
1
1
1
1
1
1
1
1
1
1
1
1
1
1
1
1
1
1
1
1
1
1
1
1
1
1
1
1
1
1
1
)
;
    }
    coldTop
    {
        type            calculated;
        value           uniform 0.000167045;
    }
    top
    {
        type            calculated;
        value           nonuniform List<scalar> 
120
(
0.000167045
0.000167045
0.000167045
0.000167045
0.000167045
0.000167045
0.000167045
0.000167045
0.000167045
0.000167045
0.000167045
0.000167045
0.000167045
0.000167045
0.000167045
0.000167045
0.000167045
0.000167045
0.000167045
0.000167045
0.000167045
0.000167045
0.000167045
0.000167045
0.000167045
0.000167045
0.000167045
0.000167045
0.000167045
0.000167045
0.000167045
0.000167045
0.000167045
0.000167045
0.000167045
0.000167045
0.000167045
0.000167045
0.000167045
0.000167045
0.000167045
0.000167045
0.000167045
0.000167045
0.000167045
0.000167045
0.000167045
0.000167045
0.000167045
0.000167045
0.000167045
0.000167045
0.000167045
0.000167045
0.000167045
0.000167045
0.000167045
0.000167045
0.000167045
0.000167045
0.000167045
0.000167045
0.000167045
0.000167045
0.000167045
0.000167045
0.000167045
0.000167045
0.000167043
0.000167045
0.000167045
0.000167045
0.000167045
0.000167045
0.000167045
0.000167045
0.000167045
0.000167045
0.000167045
0.000167045
0.000167045
0.000167045
0.000167045
0.000167045
0.000167045
0.000167045
0.000167045
0.000167045
0.000167045
0.000167045
0.000167045
0.000167045
0.000167045
0.000167045
0.000167045
0.000167045
0.000167045
0.000167045
0.000167045
0.000167045
0.000167045
0.000167045
0.000167045
0.000167045
0.000167045
0.000167045
0.000167045
0.000167045
0.000167045
0.000167045
0.000167045
0.000167045
0.000167045
0.000167045
0.000167045
0.000167045
0.000167045
0.000167045
0.000167045
0.000167045
)
;
    }
    btm
    {
        type            calculated;
        value           nonuniform List<scalar> 
120
(
1
1
1
1
1
1
1
1
1
1
1
1
1
1
1
1
1
1
1
1
1
1
1
1
1
1
1
1
1
1
1
1
1
1
1
1
1
1
1
1
1
1
1
1
1
1
1
1
1
1
1
1
1
1
1
1
1
1
1
1
1
1
1
1
1
1
1
1
1
1
1
1
1
1
1
1
1
1
1
1
1
1
1
1
1
1
1
1
1
1
1
1
1
1
1
1
1
1
1
1
1
1
1
1
1
1
1
1
1
1
1
1
1
1
1
1
1
1
1
1
)
;
    }
    frontAndBack
    {
        type            empty;
    }
}


// ************************************************************************* //
