/*--------------------------------*- C++ -*----------------------------------*\
  =========                 |
  \\      /  F ield         | OpenFOAM: The Open Source CFD Toolbox
   \\    /   O peration     | Website:  https://openfoam.org
    \\  /    A nd           | Version:  6
     \\/     M anipulation  |
\*---------------------------------------------------------------------------*/
FoamFile
{
    version     2.0;
    format      ascii;
    class       volScalarField;
    location    "1300";
    object      stFactor;
}
// * * * * * * * * * * * * * * * * * * * * * * * * * * * * * * * * * * * * * //

dimensions      [0 0 0 0 0 0 0];

internalField   nonuniform List<scalar> 
4800
(
1
1
1
1
1
1
1
1
1
1
1
1
1
1
1
1
1
1
1
1
1
1
1
1
1
1
1
1
1
1
1
1
1
1
1
1
1
1
1
1
1
1
1
1
1
1
1
1
1
1
1
1
1
1
1
1
1
1
1
1
1
1
1
1
1
1
1
1
1
1
1
1
1
1
1
1
1
1
1
1
1
0.999992
1
1
1
1
1
1
1
1
1
1
1
1
1
1
1
1
1
1
1
1
1
1
1
1
1
1
1
1
1
1
1
1
1
1
1
1
1
1
1
1
1
1
1
1
1
1
1
1
1
1
1
1
1
1
1
1
1
1
1
1
1
1
1
1
1
1
1
1
1
1
1
1
1
1
1
1
1
1
1
1
1
1
1
1
1
1
1
1
1
1
1
1
1
1
1
1
1
1
1
1
1
1
1
1
1
1
1
1
1
1
1
1
1
1
1
1
1
1
1
0.999991
1
1
1
1
1
1
1
1
1
1
1
1
1
1
1
1
1
1
1
1
1
1
1
1
1
1
1
1
1
1
1
1
1
1
1
1
1
1
1
1
1
1
1
1
1
1
1
1
1
1
1
1
1
1
1
1
1
1
1
1
1
1
1
1
1
1
1
1
1
1
1
1
1
1
1
1
1
1
1
1
1
1
1
1
1
1
1
1
1
1
1
1
1
1
1
1
1
1
1
1
1
1
1
1
1
1
1
1
1
1
1
1
1
1
1
1
1
1
1
0.999988
1
1
1
1
1
1
1
1
1
1
1
1
1
1
1
1
1
1
1
1
1
1
1
1
1
1
1
1
1
1
1
1
1
1
1
1
1
1
1
1
1
1
1
1
1
1
1
1
1
1
1
1
1
1
1
1
1
1
1
1
1
1
1
1
1
1
1
1
1
1
1
1
1
1
1
1
1
1
1
1
1
1
1
1
1
1
1
1
1
1
1
1
1
1
1
1
1
1
1
1
1
1
1
1
1
1
1
1
1
1
1
1
1
1
1
1
1
1
1
0.999985
1
1
1
1
1
1
1
1
1
1
1
1
1
1
1
1
1
1
1
1
1
1
1
1
1
1
1
1
1
1
1
1
1
1
1
1
1
1
1
1
1
1
1
1
1
1
1
1
1
1
1
1
1
1
1
1
1
1
1
1
1
1
1
1
1
1
1
1
1
1
1
1
1
1
1
1
1
1
1
1
1
1
1
1
1
1
1
1
1
1
1
1
1
1
1
1
1
1
1
1
1
1
1
1
1
1
1
1
1
1
1
1
1
1
1
1
1
1
1
0.99998
1
1
1
1
1
1
1
1
1
1
1
1
1
1
1
1
1
1
1
1
1
1
1
1
1
1
1
1
1
1
1
1
1
1
1
1
1
1
1
1
1
1
1
1
1
1
1
1
1
1
1
1
1
1
1
1
1
1
1
1
1
1
1
1
1
1
1
1
1
1
1
1
1
1
1
1
1
1
1
1
1
1
1
1
1
1
1
1
1
1
1
1
1
1
1
1
1
1
1
1
1
1
1
1
1
1
1
1
1
1
1
1
1
1
1
1
1
1
1
0.999973
1
1
1
1
1
1
1
1
1
1
1
1
1
1
1
1
1
1
1
1
1
1
1
1
1
1
1
1
1
1
1
1
1
1
1
1
1
1
1
1
1
1
1
1
1
1
1
1
1
1
1
1
1
1
1
1
1
1
1
1
1
1
1
1
1
1
1
1
1
1
1
1
1
1
1
1
1
1
1
1
1
1
1
1
1
1
1
1
1
1
1
1
1
1
1
1
1
1
1
1
1
1
1
1
1
1
1
1
1
1
1
1
1
1
1
1
1
1
1
0.999961
1
1
1
1
1
1
1
1
1
1
1
1
1
1
1
1
1
1
1
1
1
1
1
1
1
1
1
1
1
1
1
1
1
1
1
1
1
1
1
1
1
1
1
1
1
1
1
1
1
1
1
1
1
1
1
1
1
1
1
1
1
1
1
1
1
1
1
1
1
1
1
1
1
1
1
1
1
1
1
1
1
1
1
1
1
1
1
1
1
1
1
1
1
1
1
1
1
1
1
1
1
1
1
1
1
1
1
1
1
1
1
1
1
1
1
1
1
1
0.999865
0.999943
1
1
1
1
1
1
1
1
1
1
1
1
1
1
1
1
1
1
1
1
1
1
1
1
1
1
1
1
1
1
1
1
1
1
1
1
1
1
1
1
1
1
1
1
1
1
1
1
1
1
1
1
1
1
1
1
1
1
1
1
1
1
1
1
1
1
1
1
1
1
1
1
1
1
1
1
1
1
1
1
1
1
1
1
1
1
1
1
1
1
1
1
1
1
1
1
1
1
1
1
1
1
1
1
1
1
1
1
1
1
1
1
1
1
1
1
1
1
0.999851
0.999933
1
1
1
1
1
1
1
1
1
1
1
1
1
1
1
1
1
1
1
1
1
1
1
1
1
1
1
1
1
1
1
1
1
1
1
1
1
1
1
1
1
1
1
1
1
1
1
1
1
1
1
1
1
1
1
1
1
1
1
1
1
1
1
1
1
1
1
1
1
1
1
1
1
1
1
1
1
1
1
1
1
1
1
1
1
1
1
1
1
1
1
1
1
1
1
1
1
1
1
1
1
1
1
1
1
1
1
1
1
1
1
1
1
1
1
1
1
1
0.999853
0.999933
1
1
1
1
1
1
1
1
1
1
1
1
1
1
1
1
1
1
1
1
1
1
1
1
1
1
1
1
1
1
1
1
1
1
1
1
1
1
1
1
1
1
1
1
1
1
1
1
1
1
1
1
1
1
1
1
1
1
1
1
1
1
1
1
1
1
1
1
1
1
1
1
1
1
1
1
1
1
1
1
1
1
1
1
1
1
1
1
1
1
1
1
1
1
1
1
1
1
1
1
1
1
1
1
1
1
1
1
1
1
1
1
1
1
1
1
1
1
0.999873
0.999941
1
1
1
1
1
1
1
1
1
1
1
1
1
1
1
1
1
1
1
1
1
1
1
1
1
1
1
1
1
1
1
1
1
1
1
1
1
1
1
1
1
1
1
1
1
1
1
1
1
1
1
1
1
1
1
1
1
1
1
1
1
1
1
1
1
1
1
1
1
1
1
1
1
1
1
1
1
1
1
1
1
1
1
1
1
1
1
1
1
1
1
1
1
1
1
1
1
1
1
1
1
1
1
1
1
1
1
1
1
1
1
1
1
1
1
1
1
1
1
0.999952
1
1
1
1
1
1
1
1
1
1
1
1
1
1
1
1
1
1
1
1
1
1
1
1
1
1
1
1
1
1
1
1
1
1
1
1
1
1
1
1
1
1
1
1
1
1
1
1
1
1
1
1
1
1
1
1
1
1
1
1
1
1
1
1
1
1
1
1
1
1
1
1
1
1
1
1
1
1
1
1
1
1
1
1
1
1
1
1
1
1
1
1
1
1
1
1
1
1
1
1
1
1
1
1
1
1
1
1
1
1
1
1
1
1
1
1
1
1
1
0.999929
0.99999
1
1
1
1
1
1
1
1
1
1
1
1
1
1
1
1
1
1
1
1
1
1
1
1
1
1
1
1
1
1
1
1
1
1
1
1
1
1
1
1
1
1
1
1
1
1
1
1
1
1
1
1
1
1
1
1
1
1
1
1
1
1
1
1
1
1
1
1
1
1
1
1
1
1
1
1
1
1
1
1
1
1
1
1
1
1
1
1
1
1
1
1
1
1
1
1
1
1
1
1
1
1
1
1
1
1
1
1
1
1
1
1
1
1
1
1
1
1
0.999903
0.999974
1
1
1
1
1
1
1
1
1
1
1
1
1
1
1
1
1
1
1
1
1
1
1
1
1
1
1
1
1
1
1
1
1
1
1
1
1
1
1
1
1
1
1
1
1
1
1
1
1
1
1
1
1
1
1
1
1
1
1
1
1
1
1
1
1
1
1
1
1
1
1
1
1
1
1
1
1
1
1
1
1
1
1
1
1
1
1
1
1
1
1
1
1
1
1
1
1
1
1
1
1
1
1
1
1
1
1
1
1
1
1
1
1
1
1
1
1
1
0.99988
0.999958
1
1
1
1
1
1
1
1
1
1
1
1
1
1
1
1
1
1
1
1
1
1
1
1
1
1
1
1
1
1
1
1
1
1
1
1
1
1
1
1
1
1
1
1
1
1
1
1
1
1
1
1
1
1
1
1
1
1
1
1
1
1
1
1
1
1
1
1
1
1
1
1
1
1
1
1
1
1
1
1
1
1
1
1
1
1
1
1
1
1
1
1
1
1
1
1
1
1
1
1
1
1
1
1
1
1
1
1
1
1
1
1
1
1
1
1
1
1
0.999861
0.999942
1
1
1
1
1
1
1
1
1
1
1
1
1
1
1
1
1
1
1
1
1
1
1
1
1
1
1
1
1
1
1
1
1
1
1
1
1
1
1
1
1
1
1
1
1
1
1
1
1
1
1
1
1
1
1
1
1
1
1
1
1
1
1
1
1
1
1
1
1
1
1
1
1
1
1
1
1
1
1
1
1
1
1
1
1
1
1
1
1
1
1
1
1
1
1
1
1
1
1
1
1
1
1
1
1
1
1
1
1
1
1
1
1
1
1
1
1
1
0.999841
0.999927
1
1
1
1
1
1
1
1
1
1
1
1
1
1
1
1
1
1
1
1
1
1
1
1
1
1
1
1
1
1
1
1
1
1
1
1
1
1
1
1
1
1
1
1
1
1
1
1
1
1
1
1
1
1
1
1
1
1
1
1
1
1
1
1
1
1
1
1
1
1
1
1
1
1
1
1
1
1
1
1
1
1
1
1
1
1
1
1
1
1
1
1
1
1
1
1
1
1
1
1
1
1
1
1
1
1
1
1
1
1
1
1
1
1
1
1
1
1
0.999821
0.99991
0.999995
1
1
1
1
1
1
1
1
1
1
1
1
1
1
1
1
1
1
1
1
1
1
1
1
1
1
1
1
1
1
1
1
1
1
1
1
1
1
1
1
1
1
1
1
1
1
1
1
1
1
1
1
1
1
1
1
1
1
1
1
1
1
1
1
1
1
1
1
1
1
1
1
1
1
1
1
1
1
1
1
1
1
1
1
1
1
1
1
1
1
1
1
1
1
1
1
1
1
1
1
1
1
1
1
1
1
1
1
1
1
1
1
1
1
1
1
1
0.999799
0.999892
0.999979
1
1
1
1
1
1
1
1
1
1
1
1
1
1
1
1
1
1
1
1
1
1
1
1
1
1
1
1
1
1
1
1
1
1
1
1
1
1
1
1
1
1
1
1
1
1
1
1
1
1
1
1
1
1
1
1
1
1
1
1
1
1
1
1
1
1
1
1
1
1
1
1
1
1
1
1
1
1
1
1
1
1
1
1
1
1
1
1
1
1
1
1
1
1
1
1
1
1
1
1
1
1
1
1
1
1
1
1
1
1
1
1
1
1
1
1
1
0.999714
0.999873
0.999961
1
1
1
1
1
1
1
1
1
1
1
1
1
1
1
1
1
1
1
1
1
1
1
1
1
1
1
1
1
1
1
1
1
1
1
1
1
1
1
1
1
1
1
1
1
1
1
1
1
1
1
1
1
1
1
1
1
1
1
1
1
1
1
1
1
1
1
1
1
1
1
1
1
1
1
1
1
1
1
1
1
1
1
1
1
1
1
1
1
1
1
1
1
1
1
1
1
1
1
1
1
1
1
1
1
1
1
1
1
1
1
1
1
1
1
1
1
1
0.999849
0.999936
1
1
1
1
1
1
1
1
1
1
1
1
1
1
1
1
1
1
1
1
1
1
1
1
1
1
1
1
1
1
1
1
1
1
1
1
1
1
1
1
1
1
1
1
1
1
1
1
1
1
1
1
1
1
1
1
1
1
1
1
1
1
1
1
1
1
1
1
1
1
1
1
1
1
1
1
1
1
1
1
1
1
1
1
1
1
1
1
1
1
1
1
1
1
1
1
1
1
1
1
1
1
1
1
1
1
1
1
1
1
1
1
1
1
1
1
1
1
0.999791
0.999902
1
1
1
1
1
1
1
1
1
1
1
1
1
1
1
1
1
1
1
1
1
1
1
1
1
1
1
1
1
1
1
1
1
1
1
1
1
1
1
1
1
1
1
1
1
1
1
1
1
1
1
1
1
1
1
1
1
1
1
1
1
1
1
1
1
1
1
1
1
1
1
1
1
1
1
1
1
1
1
1
1
1
1
1
1
1
1
1
1
1
1
1
1
1
1
1
1
1
1
1
1
1
1
1
1
1
1
1
1
1
1
1
1
1
1
1
1
1
0.999741
0.999871
0.999981
1
1
1
1
1
1
1
1
1
1
1
1
1
1
1
1
1
1
1
1
1
1
1
1
1
1
1
1
1
1
1
1
1
1
1
1
1
1
1
1
1
1
1
1
1
1
1
1
1
1
1
1
1
1
1
1
1
1
1
1
1
1
1
1
1
1
1
1
1
1
1
1
1
1
1
1
1
1
1
1
1
1
1
1
1
1
1
1
1
1
1
1
1
1
1
1
1
1
1
1
1
1
1
1
1
1
1
1
1
1
1
1
1
1
1
1
1
0.999728
0.999859
0.999967
1
1
1
1
1
1
1
1
1
1
1
1
1
1
1
1
1
1
1
1
1
1
1
1
1
1
1
1
1
1
1
1
1
1
1
1
1
1
1
1
1
1
1
1
1
1
1
1
1
1
1
1
1
1
1
1
1
1
1
1
1
1
1
1
1
1
1
1
1
1
1
1
1
1
1
1
1
1
1
1
1
1
1
1
1
1
1
1
1
1
1
1
1
1
1
1
1
1
1
1
1
1
1
1
1
1
1
1
1
1
1
1
1
1
1
1
1
1
0.999875
0.999962
1
1
1
1
1
1
1
1
1
1
1
1
1
1
1
1
1
1
1
1
1
1
1
1
1
1
1
1
1
1
1
1
1
1
1
1
1
1
1
1
1
1
1
1
1
1
1
1
1
1
1
1
1
1
1
1
1
1
1
1
1
1
1
1
1
1
1
1
1
1
1
1
1
1
1
1
1
1
1
1
1
1
1
1
1
1
1
1
1
1
1
1
1
1
1
1
1
1
1
1
1
1
1
1
1
1
1
1
1
1
1
1
1
1
1
1
1
1
0.999884
0.999957
1
1
1
1
1
1
1
1
1
1
1
1
1
1
1
1
1
1
1
1
1
1
1
1
1
1
1
1
1
1
1
1
1
1
1
1
1
1
1
1
1
1
1
1
1
1
1
1
1
1
1
1
1
1
1
1
1
1
1
1
1
1
1
1
1
1
1
1
1
1
1
1
1
1
1
1
1
1
1
1
1
1
1
1
1
1
1
1
1
1
1
1
1
1
1
1
1
1
1
0.997591
0.996874
0.993744
0.993797
0.990397
0.990563
0.987783
0.987341
0.984777
0.983211
0.980853
0.979743
0.980889
0.976762
0.980492
0.978138
0.986377
0.979551
0.999977
0.999889
0.999949
1
1
1
1
1
1
1
1
1
1
1
1
1
1
1
1
1
1
1
1
1
1
1
1
1
1
1
1
1
1
1
1
1
1
1
1
1
1
1
1
1
1
1
1
1
1
1
1
1
1
1
1
1
1
1
1
1
1
1
1
1
1
1
1
1
1
1
1
1
1
1
1
1
1
1
1
1
1
1
1
1
1
1
1
1
1
1
1
1
1
1
1
1
1
0.996354
0.995284
0.99157
0.991567
0.987992
0.986832
0.985432
0.983899
0.983959
0.982342
0.982225
0.980537
0.979358
0.976442
0.974572
0.96978
0.968168
0.963521
0.963428
0.957418
0.959995
0.948979
0.959863
0.940134
0.999866
0.999937
1
1
1
1
1
1
1
1
1
1
1
1
1
1
1
1
1
1
1
1
1
1
1
1
1
1
1
1
1
1
1
1
1
1
1
1
1
1
1
1
1
1
1
1
1
1
1
1
1
1
1
1
1
1
1
1
1
1
1
1
1
1
1
1
1
1
1
1
1
1
1
1
1
1
1
1
1
1
1
1
1
1
1
1
1
1
0.998927
0.996525
0.992546
0.991791
0.989654
0.988214
0.986899
0.985723
0.983725
0.982675
0.981054
0.97951
0.978075
0.976844
0.974334
0.972964
0.971207
0.970037
0.968464
0.967753
0.966704
0.964866
0.962583
0.958425
0.955255
0.951232
0.949226
0.944573
0.945165
0.941781
0.94095
0.934915
0.999871
0.999938
1
1
1
1
1
1
1
1
1
1
1
1
1
1
1
1
1
1
1
1
1
1
1
1
1
1
1
1
1
1
1
1
1
1
1
1
1
1
1
1
1
1
1
1
1
1
1
1
1
1
1
1
1
1
1
1
1
1
1
1
1
1
1
1
1
1
1
1
1
1
1
1
1
1
1
1
1
1
1
1
1
0.998224
0.997812
0.992992
0.99058
0.984975
0.980788
0.978337
0.973015
0.971447
0.966609
0.966139
0.964676
0.96489
0.96254
0.963503
0.961293
0.959875
0.95751
0.956952
0.952518
0.951128
0.948074
0.946839
0.94443
0.944675
0.940662
0.939701
0.933843
0.930999
0.927319
0.925497
0.923262
0.919726
0.923536
0.919916
0.927383
0.929581
1
0.999965
1
1
1
1
1
1
1
1
1
1
1
1
1
1
1
1
1
1
1
1
1
1
1
1
1
1
1
1
1
1
1
1
1
1
1
1
1
1
1
1
1
1
1
1
1
1
1
1
1
1
1
1
1
1
1
1
1
0.999172
0.999012
0.998625
0.998947
0.998466
0.998999
0.998462
0.998783
0.997906
0.998671
0.997353
0.99803
0.996335
0.997793
0.995848
0.998179
0.993196
0.993934
0.987251
0.987729
0.981445
0.979584
0.971185
0.967663
0.961148
0.961285
0.954012
0.952956
0.947669
0.945395
0.941829
0.937837
0.935102
0.926856
0.927423
0.915252
0.918805
0.905569
0.911979
0.897452
0.906694
0.892716
0.899923
0.885813
0.895901
0.881789
0.888914
0.870906
0.876796
0.861289
0.86888
0.848193
0.861685
0.841779
0.859191
0.838671
0.869481
0.854457
0.904004
0.889925
0.924198
0.999999
0.999991
1
1
1
1
1
1
1
1
1
1
1
1
1
1
1
1
1
1
1
1
1
1
1
1
1
1
1
1
1
1
1
1
1
1
1
1
1
1
1
0.998494
0.995875
0.990962
0.992074
0.988284
0.986788
0.984374
0.984615
0.985551
0.986629
0.987696
0.990436
0.991352
0.99154
0.990726
0.992109
0.991146
0.991047
0.989011
0.987483
0.985319
0.984628
0.981418
0.98257
0.978607
0.979466
0.974188
0.976899
0.968953
0.971631
0.964867
0.965354
0.953754
0.950942
0.938853
0.931496
0.917625
0.917473
0.905249
0.900059
0.878238
0.874882
0.856691
0.865613
0.844064
0.851103
0.83284
0.839975
0.814454
0.832382
0.806803
0.826746
0.797976
0.819011
0.777901
0.790681
0.743729
0.752639
0.701806
0.707191
0.658011
0.663813
0.604069
0.605595
0.545146
0.547056
0.491386
0.498487
0.442218
0.451578
0.399574
0.410005
0.355343
0.361404
0.29174
0.288174
0.197054
0.189467
0.107914
0.192084
0.999847
1
1
1
1
1
1
1
1
1
1
1
1
1
1
1
1
1
1
1
1
1
1
1
1
1
1
1
1
1
1
1
1
1
1
1
0.927656
0.927648
0.918589
0.920958
0.914321
0.9167
0.910523
0.913372
0.912484
0.914905
0.91228
0.916843
0.914999
0.915807
0.913021
0.913446
0.918427
0.922621
0.922827
0.921998
0.921036
0.924462
0.924683
0.920793
0.915022
0.909792
0.903009
0.892792
0.88548
0.875234
0.859497
0.841616
0.826669
0.808002
0.785162
0.763337
0.747647
0.720758
0.69405
0.669113
0.634309
0.603135
0.573577
0.547096
0.527029
0.504924
0.47867
0.44334
0.421096
0.397488
0.378162
0.353571
0.329338
0.314867
0.290844
0.268445
0.238049
0.217367
0.18942
0.174784
0.153825
0.149518
0.133508
0.130022
0.113677
0.112394
0.0998612
0.104972
0.101656
0.099032
0.0944812
0.0945113
0.0882736
0.0830643
0.0698961
0.0694292
0.0523854
0.0488021
0.031809
0.0240947
0.0167704
0.0165605
0.00282401
0.000167045
0.000167045
0.000167045
0.000167045
0.000167045
0.000167045
0.000167045
0.000167045
0.000167045
0.000167045
0.000167045
0.000167045
0.000167045
0.000167045
0.000167045
0.000167045
0.000167045
0.000167045
0.000167045
0.000167045
0.000167045
0.000167045
0.000167045
0.000167045
0.000167045
0.000167045
0.000167045
0.000167045
0.000167045
0.000167045
0.000167045
0.000167045
0.000167045
0.000167045
0.000167045
0.000167045
0.000167045
0.259401
0.263548
0.269478
0.2758
0.285496
0.290882
0.301371
0.301739
0.310082
0.307154
0.317306
0.319601
0.321902
0.314762
0.319678
0.312675
0.306981
0.298111
0.293212
0.284521
0.284121
0.275429
0.263223
0.261174
0.25764
0.246862
0.239075
0.230335
0.211342
0.196847
0.188219
0.172341
0.162686
0.1567
0.152188
0.147424
0.132918
0.124305
0.120991
0.111068
0.111066
0.104795
0.0996972
0.087154
0.0817878
0.0734235
0.070829
0.0632596
0.0589757
0.0561314
0.0550962
0.0488255
0.0480578
0.042961
0.0441169
0.0399533
0.0438731
0.0424899
0.04598
0.043456
0.0451707
0.0428299
0.0443307
0.0390591
0.0407771
0.0359288
0.0366395
0.0352547
0.0345124
0.0305125
0.0265673
0.0221788
0.0199576
0.0158326
0.0127442
0.00962742
0.0101293
0.00748022
0.00580499
0.0037135
0.00157651
0.00353741
0.000167045
0.000167045
0.000167045
0.000167045
0.000167045
0.000167045
0.000167045
0.000167045
0.000167045
0.000167045
0.000167045
0.000167045
0.000167045
0.000167045
0.000167045
0.000167045
0.000167045
0.000167045
0.000167045
0.000167045
0.000167045
0.000167045
0.000167045
0.000167045
0.000167045
0.000167045
0.000167045
0.000167045
0.000167045
0.000167045
0.000167045
0.000167045
0.000167045
0.000167045
0.000167045
0.000167045
0.000167045
0.000167045
0.0160603
0.0156736
0.0174678
0.0191942
0.0219782
0.0251212
0.0276709
0.0309132
0.0332492
0.0368113
0.0390952
0.0442378
0.0462803
0.0520923
0.0532478
0.0561889
0.0615323
0.0645801
0.0699251
0.0706419
0.0762496
0.0761455
0.0791797
0.076648
0.0784811
0.0766329
0.077971
0.0760139
0.0765241
0.0738909
0.0722275
0.0705598
0.0674864
0.0643134
0.0601371
0.0583347
0.0549314
0.0545972
0.0535119
0.0535944
0.0506651
0.0479947
0.0430334
0.0405586
0.0359682
0.0352884
0.032638
0.0293855
0.0277164
0.0260525
0.0233722
0.0219803
0.0203152
0.0189215
0.0186724
0.0176049
0.0161286
0.0147429
0.0142316
0.0131234
0.0124583
0.011677
0.0100488
0.00973499
0.00874563
0.00844408
0.0067
0.00594712
0.00404883
0.00303892
0.00282311
0.00202654
0.00276563
0.00234593
0.00216115
0.00118195
0.00220508
0.00128364
0.000167038
0.000167045
0.000167045
0.000167045
0.000167045
0.000167045
0.000167045
0.000167045
0.000167045
0.000167045
0.000167045
0.000167045
0.000167045
0.000167045
0.000167045
0.000167045
0.000167045
0.000167045
0.000167045
0.000167045
0.000167045
0.000167045
0.000167045
0.000167045
0.000167045
0.000167045
0.000167045
0.000167045
0.000167045
0.000167045
0.000167045
0.000167045
0.000167045
0.000167045
0.000167045
0.000167045
0.000167045
0.000167045
0.000167045
0.000167045
0.000167045
0.000167045
0.00211647
0.00213624
0.00255713
0.00268151
0.00317362
0.00376689
0.00435919
0.00519113
0.00579357
0.00683701
0.0073831
0.00776679
0.00834676
0.0101366
0.0118746
0.0140812
0.0145482
0.0165414
0.0183695
0.0201978
0.0227854
0.0249591
0.027687
0.0280935
0.0300948
0.0307108
0.030947
0.0294495
0.0307128
0.0304881
0.0315968
0.0309681
0.0304167
0.0291887
0.0273717
0.0267611
0.0253549
0.024026
0.0232229
0.0204148
0.0198497
0.0177577
0.0162678
0.015414
0.0144852
0.0132542
0.0111265
0.0113478
0.00864736
0.00725555
0.0058427
0.0056296
0.00499761
0.00461248
0.00400782
0.00365886
0.00428722
0.00370489
0.00317651
0.0029115
0.00295434
0.00278249
0.00219624
0.00238486
0.0019044
0.000166883
0.00150238
0.000166957
0.000167045
0.000167045
0.000167045
0.000167045
0.000167031
0.000167028
0.000167045
0.000167045
0.000167045
0.000167033
0.000167045
0.000167045
0.000167045
0.000167045
0.000167045
0.000167045
0.000167045
0.000167045
0.000167045
0.000167045
0.000167045
0.000167045
0.000167045
0.000167045
0.000167045
0.000167045
0.000167045
0.000167045
0.000167045
0.000167045
0.000167045
0.000167045
0.000167045
0.000167045
0.000167045
0.000167045
0.000167045
0.000167045
0.000167045
0.000167045
0.000167045
0.000167045
0.000167045
0.000167045
0.000167045
0.000167045
0.000167045
0.000167045
0.000167045
0.000167045
0.000167045
0.000167045
0.000167045
0.000167045
0.000167045
0.000167045
0.000167045
0.000167045
0.000167045
0.000167045
0.000167045
0.000167045
0.000167045
0.000167045
0.000167045
0.000167045
0.000167045
0.000167024
0.00224444
0.002127
0.00276755
0.0038251
0.00417557
0.00487222
0.00526201
0.00664779
0.00782232
0.00778648
0.00990115
0.0101349
0.0106546
0.0108158
0.0112491
0.0108121
0.0115782
0.0104379
0.0106739
0.0103825
0.00987069
0.00821425
0.00735735
0.00661856
0.00594122
0.00428728
0.00371493
0.00270018
0.00237604
0.00121315
0.000166886
0.00016697
0.000166906
0.000167045
0.000167045
0.000167025
0.000167033
0.000167045
0.000167045
0.000167038
0.000166995
0.000167035
0.000167045
0.000167045
0.000167035
0.000167045
0.000167045
0.000167014
0.000167028
0.000167045
0.00016703
0.000167045
0.000167045
0.000167045
0.000167045
0.000167045
0.000167045
0.000167045
0.000167045
0.000167045
0.000167045
0.000167045
0.000167045
0.000167045
0.000167045
0.000167045
0.000167045
0.000167045
0.000167045
0.000167045
0.000167045
0.000167045
0.000167045
0.000167045
0.000167045
0.000167045
0.000167045
0.000167045
0.000167045
0.000167045
0.000167045
0.000167045
0.000167045
0.000167045
0.000167045
0.000167045
0.000167045
0.000167045
0.000167045
0.000167045
0.000167045
0.000167045
0.000167045
0.000167045
0.000167045
0.000167045
0.000167045
0.000167045
0.000167045
0.000167045
0.000167045
0.000167045
0.000167045
0.000167045
0.000167045
0.000167045
0.000167045
0.000167045
0.000167045
0.000167045
0.000167045
0.000167045
0.000167045
0.000167045
0.000167045
0.000167045
0.000167045
0.000167045
0.000167045
0.000167045
0.000167044
0.000167044
0.000167034
0.000167044
0.000167005
0.000167045
0.000167045
0.000166997
0.000167033
0.000167045
0.00016701
0.00016698
0.000167011
0.000167045
0.000167032
0.000167045
0.000167044
0.000167045
0.000166983
0.000166971
0.000167045
0.000167045
0.000167032
0.000166978
0.000167025
0.000167045
0.000167045
0.000167042
0.000167036
0.000167045
0.000167045
0.000167045
0.000167045
0.000167045
0.000167045
0.000167045
0.000167045
0.000167045
0.000167045
0.000167045
0.000167045
0.000167045
0.000167045
0.000167045
0.000167045
0.000167045
0.000167045
0.000167045
0.000167045
0.000167045
0.000167045
0.000167045
0.000167045
0.000167045
0.000167045
0.000167045
0.000167045
0.000167045
0.000167045
0.000167045
0.000167045
0.000167045
0.000167045
0.000167045
0.000167045
0.000167045
0.000167045
0.000167045
0.000167045
0.000167045
0.000167045
0.000167045
0.000167045
0.000167045
0.000167045
0.000167045
0.000167045
0.000167045
0.000167045
0.000167045
0.000167045
0.000167045
0.000167045
0.000167045
0.000167045
0.000167045
0.000167045
0.000167045
0.000167045
0.000167045
0.000167045
0.000167045
0.000167045
0.000167045
0.000167045
0.000167045
0.000167045
0.000167045
0.000167045
0.000167045
0.000167045
0.000167045
0.000167045
0.000167045
0.000167045
0.000167045
0.000167045
0.000167045
0.000167045
0.000167045
0.000167045
0.000167045
0.000167045
0.000167045
0.000167045
0.000167045
0.000167045
0.000167045
0.000167045
0.000167045
0.000167045
0.000167045
0.000167045
0.000167045
0.000167045
0.000167045
0.000167045
0.000167045
0.000167045
0.000167045
0.000167045
0.000167045
0.000167045
0.000167045
0.000167045
0.000167045
0.000167045
0.000167045
0.000167045
0.000167045
0.000167045
0.000167045
0.000167045
0.000167045
0.000167045
0.000167045
0.000167045
0.000167045
0.000167045
0.000167045
0.000167045
0.000167045
0.000167045
0.000167045
0.000167045
0.000167045
0.000167045
0.000167045
0.000167045
0.000167045
0.000167045
0.000167045
0.000167045
0.000167045
0.000167045
0.000167045
0.000167045
0.000167045
0.000167045
0.000167045
0.000167045
0.000167045
0.000167045
0.000167045
0.000167045
0.000167045
0.000167045
0.000167045
0.000167045
0.000167045
0.000167045
0.000167045
0.000167045
0.000167045
0.000167045
0.000167045
0.000167045
0.000167045
0.000167045
0.000167045
0.000167045
0.000167045
0.000167045
0.000167045
0.000167045
0.000167045
0.000167045
0.000167045
0.000167045
0.000167045
0.000167045
0.000167045
0.000167045
0.000167045
0.000167045
0.000167045
0.000167045
0.000167045
0.000167045
0.000167045
0.000167045
0.000167045
0.000167045
0.000167045
0.000167045
0.000167045
0.000167045
0.000167045
0.000167045
0.000167045
0.000167045
0.000167045
0.000167045
0.000167045
0.000167045
0.000167045
0.000167045
0.000167045
0.000167045
0.000167045
0.000167045
0.000167045
0.000167045
0.000167045
0.000167045
0.000167045
0.000167045
0.000167045
0.000167045
0.000167045
0.000167045
0.000167045
0.000167045
0.000167045
0.000167045
0.000167045
0.000167045
0.000167045
0.000167045
0.000167045
0.000167045
0.000167045
0.000167045
0.000167045
0.000167045
0.000167045
0.000167045
0.000167045
0.000167045
0.000167045
0.000167045
0.000167045
0.000167045
0.000167045
0.000167045
0.000167045
0.000167045
0.000167045
0.000167045
0.000167045
0.000167045
0.000167045
0.000167045
0.000167045
0.000167045
0.000167045
0.000167045
0.000167045
0.000167045
0.000167045
0.000167045
0.000167045
0.000167045
0.000167045
0.000167045
0.000167045
0.000167045
0.000167045
0.000167045
0.000167045
0.000167045
0.000167045
0.000167045
0.000167045
0.000167045
0.000167045
0.000167045
0.000167045
0.000167045
0.000167045
0.000167045
0.000167045
0.000167045
0.000167045
0.000167045
0.000167045
0.000167045
0.000167045
0.000167045
0.000167045
0.000167045
0.000167045
0.000167045
0.000167045
0.000167045
0.000167045
0.000167045
0.000167045
0.000167045
0.000167045
0.000167045
0.000167045
0.000167045
0.000167045
0.000167045
0.000167045
0.000167045
0.000167045
0.000167045
0.000167045
0.000167045
0.000167045
0.000167045
0.000167045
0.000167045
0.000167045
0.000167045
0.000167045
0.000167045
0.000167045
0.000167045
0.000167045
0.000167045
0.000167045
)
;

boundaryField
{
    hot
    {
        type            calculated;
        value           uniform 1;
    }
    hotTop
    {
        type            calculated;
        value           nonuniform List<scalar> 8(0.927656 0.259401 0.0160603 0.00211647 0.000167045 0.000167045 0.000167045 0.000167045);
    }
    cold
    {
        type            calculated;
        value           uniform 1;
    }
    coldTop
    {
        type            calculated;
        value           nonuniform List<scalar> 8(0.000167047 0.000167045 0.000167045 0.000167045 0.000167045 0.000167045 0.000167045 0.000167045);
    }
    top
    {
        type            calculated;
        value           nonuniform List<scalar> 
120
(
0.000167045
0.000167045
0.000167045
0.000167045
0.000167045
0.000167045
0.000167045
0.000167045
0.000167045
0.000167045
0.000167045
0.000167045
0.000167045
0.000167045
0.000167045
0.000167045
0.000167045
0.000167045
0.000167045
0.000167045
0.000167045
0.000167045
0.000167045
0.000167045
0.000167045
0.000167045
0.000167045
0.000167045
0.000167045
0.000167045
0.000167045
0.000167045
0.000167044
0.000167045
0.000167045
0.000167045
0.000167045
0.000167045
0.000167045
0.000167045
0.000167045
0.000167045
0.000167045
0.000167045
0.000167045
0.000167045
0.000167045
0.000167045
0.000167045
0.000167045
0.000167045
0.000167045
0.000167045
0.000167045
0.000167045
0.000167045
0.000167045
0.000167045
0.000167045
0.000167045
0.000167045
0.000167041
0.000167045
0.000167045
0.000167045
0.000167045
0.000167045
0.000167045
0.000167045
0.000167045
0.000167045
0.000167045
0.000167045
0.000167045
0.000167045
0.000167045
0.000167045
0.000167045
0.000167045
0.000167045
0.000167045
0.000167045
0.000167045
0.000167045
0.000167045
0.000167045
0.000167045
0.000167045
0.000167045
0.000167045
0.000167045
0.000167045
0.000167045
0.000167045
0.000167045
0.000167045
0.000167045
0.000167045
0.000167045
0.000167045
0.000167045
0.000167045
0.000167045
0.000167045
0.000167045
0.000167045
0.000167045
0.000167045
0.000167045
0.000167045
0.000167045
0.000167045
0.000167045
0.000167045
0.000167045
0.000167045
0.000167045
0.000167045
0.000167045
0.000167045
)
;
    }
    btm
    {
        type            calculated;
        value           nonuniform List<scalar> 
120
(
1
1
1
1
1
1
1
1
1
1
1
1
1
1
1
1
1
1
1
1
1
1
1
1
1
1
1
1
1
1
1
1
1
1
1
1
1
1
1
1
1
1
1
1
1
1
1
1
1
1
1
1
1
1
1
1
1
1
1
1
1
1
1
1
1
1
1
1
1
1
1
1
1
1
1
1
1
1
1
1
1
1
1
1
1
1
1
1
1
1
1
1
1
1
1
1
1
1
1
1
1
1
1
1
1
1
1
1
1
1
1
1
1
1
1
1
1
1
1
1
)
;
    }
    frontAndBack
    {
        type            empty;
    }
}


// ************************************************************************* //
