/*--------------------------------*- C++ -*----------------------------------*\
  =========                 |
  \\      /  F ield         | OpenFOAM: The Open Source CFD Toolbox
   \\    /   O peration     | Website:  https://openfoam.org
    \\  /    A nd           | Version:  6
     \\/     M anipulation  |
\*---------------------------------------------------------------------------*/
FoamFile
{
    version     2.0;
    format      ascii;
    class       volScalarField;
    location    "1300";
    object      rho;
}
// * * * * * * * * * * * * * * * * * * * * * * * * * * * * * * * * * * * * * //

dimensions      [1 -3 0 0 0 0 0];

internalField   nonuniform List<scalar> 
4800
(
9780
9780
9780
9780
9780
9780
9780
9780
9780
9780
9780
9780
9780
9780
9780
9780
9780
9780
9780
9780
9780
9780
9780
9780
9780
9780
9780
9780
9780
9780
9780
9780
9780
9780
9780
9780
9780
9780
9780
9780
9780
9780
9780
9780
9780
9780
9780
9780
9780
9780
9780
9780
9780
9780
9780
9780
9780
9780
9780
9780
9780
9780
9780
9780
9780
9780
9780
9780
9780
9780
9780
9780
9780
9780
9780
9780
9780
9780
9780
9780
9780
9777.64
9778.4
9779.15
9779.88
9780
9780
9780
9780
9780
9780
9780
9780
9780
9780
9780
9780
9780
9780
9780
9780
9780
9780
9780
9780
9780
9780
9780
9780
9780
9780
9780
9780
9780
9780
9780
9780
9780
9780
9780
9780
9780
9780
9780
9780
9780
9780
9780
9780
9780
9780
9780
9780
9780
9780
9780
9780
9780
9780
9780
9780
9780
9780
9780
9780
9780
9780
9780
9780
9780
9780
9780
9780
9780
9780
9780
9780
9780
9780
9780
9780
9780
9780
9780
9780
9780
9780
9780
9780
9780
9780
9780
9780
9780
9780
9780
9780
9780
9780
9780
9780
9780
9780
9780
9780
9780
9780
9780
9780
9780
9780
9780
9780
9780
9780
9780
9780
9780
9780
9780
9780
9777.66
9778.42
9779.17
9779.9
9780
9780
9780
9780
9780
9780
9780
9780
9780
9780
9780
9780
9780
9780
9780
9780
9780
9780
9780
9780
9780
9780
9780
9780
9780
9780
9780
9780
9780
9780
9780
9780
9780
9780
9780
9780
9780
9780
9780
9780
9780
9780
9780
9780
9780
9780
9780
9780
9780
9780
9780
9780
9780
9780
9780
9780
9780
9780
9780
9780
9780
9780
9780
9780
9780
9780
9780
9780
9780
9780
9780
9780
9780
9780
9780
9780
9780
9780
9780
9780
9780
9780
9780
9780
9780
9780
9780
9780
9780
9780
9780
9780
9780
9780
9780
9780
9780
9780
9780
9780
9780
9780
9780
9780
9780
9780
9780
9780
9780
9780
9780
9780
9780
9780
9780
9780
9777.7
9778.47
9779.21
9779.93
9780
9780
9780
9780
9780
9780
9780
9780
9780
9780
9780
9780
9780
9780
9780
9780
9780
9780
9780
9780
9780
9780
9780
9780
9780
9780
9780
9780
9780
9780
9780
9780
9780
9780
9780
9780
9780
9780
9780
9780
9780
9780
9780
9780
9780
9780
9780
9780
9780
9780
9780
9780
9780
9780
9780
9780
9780
9780
9780
9780
9780
9780
9780
9780
9780
9780
9780
9780
9780
9780
9780
9780
9780
9780
9780
9780
9780
9780
9780
9780
9780
9780
9780
9780
9780
9780
9780
9780
9780
9780
9780
9780
9780
9780
9780
9780
9780
9780
9780
9780
9780
9780
9780
9780
9780
9780
9780
9780
9780
9780
9780
9780
9780
9780
9780
9780
9777.77
9778.53
9779.27
9779.99
9780
9780
9780
9780
9780
9780
9780
9780
9780
9780
9780
9780
9780
9780
9780
9780
9780
9780
9780
9780
9780
9780
9780
9780
9780
9780
9780
9780
9780
9780
9780
9780
9780
9780
9780
9780
9780
9780
9780
9780
9780
9780
9780
9780
9780
9780
9780
9780
9780
9780
9780
9780
9780
9780
9780
9780
9780
9780
9780
9780
9780
9780
9780
9780
9780
9780
9780
9780
9780
9780
9780
9780
9780
9780
9780
9780
9780
9780
9780
9780
9780
9780
9780
9780
9780
9780
9780
9780
9780
9780
9780
9780
9780
9780
9780
9780
9780
9780
9780
9780
9780
9780
9780
9780
9780
9780
9780
9780
9780
9780
9780
9780
9780
9780
9780
9780
9777.86
9778.61
9779.34
9780
9780
9780
9780
9780
9780
9780
9780
9780
9780
9780
9780
9780
9780
9780
9780
9780
9780
9780
9780
9780
9780
9780
9780
9780
9780
9780
9780
9780
9780
9780
9780
9780
9780
9780
9780
9780
9780
9780
9780
9780
9780
9780
9780
9780
9780
9780
9780
9780
9780
9780
9780
9780
9780
9780
9780
9780
9780
9780
9780
9780
9780
9780
9780
9780
9780
9780
9780
9780
9780
9780
9780
9780
9780
9780
9780
9780
9780
9780
9780
9780
9780
9780
9780
9780
9780
9780
9780
9780
9780
9780
9780
9780
9780
9780
9780
9780
9780
9780
9780
9780
9780
9780
9780
9780
9780
9780
9780
9780
9780
9780
9780
9780
9780
9780
9780
9780
9777.98
9778.72
9779.44
9780
9780
9780
9780
9780
9780
9780
9780
9780
9780
9780
9780
9780
9780
9780
9780
9780
9780
9780
9780
9780
9780
9780
9780
9780
9780
9780
9780
9780
9780
9780
9780
9780
9780
9780
9780
9780
9780
9780
9780
9780
9780
9780
9780
9780
9780
9780
9780
9780
9780
9780
9780
9780
9780
9780
9780
9780
9780
9780
9780
9780
9780
9780
9780
9780
9780
9780
9780
9780
9780
9780
9780
9780
9780
9780
9780
9780
9780
9780
9780
9780
9780
9780
9780
9780
9780
9780
9780
9780
9780
9780
9780
9780
9780
9780
9780
9780
9780
9780
9780
9780
9780
9780
9780
9780
9780
9780
9780
9780
9780
9780
9780
9780
9780
9780
9780
9780
9778.12
9778.85
9779.56
9780
9780
9780
9780
9780
9780
9780
9780
9780
9780
9780
9780
9780
9780
9780
9780
9780
9780
9780
9780
9780
9780
9780
9780
9780
9780
9780
9780
9780
9780
9780
9780
9780
9780
9780
9780
9780
9780
9780
9780
9780
9780
9780
9780
9780
9780
9780
9780
9780
9780
9780
9780
9780
9780
9780
9780
9780
9780
9780
9780
9780
9780
9780
9780
9780
9780
9780
9780
9780
9780
9780
9780
9780
9780
9780
9780
9780
9780
9780
9780
9780
9780
9780
9780
9780
9780
9780
9780
9780
9780
9780
9780
9780
9780
9780
9780
9780
9780
9780
9780
9780
9780
9780
9780
9780
9780
9780
9780
9780
9780
9780
9780
9780
9780
9780
9780
9780
9778.28
9779
9779.69
9780
9780
9780
9780
9780
9780
9780
9780
9780
9780
9780
9780
9780
9780
9780
9780
9780
9780
9780
9780
9780
9780
9780
9780
9780
9780
9780
9780
9780
9780
9780
9780
9780
9780
9780
9780
9780
9780
9780
9780
9780
9780
9780
9780
9780
9780
9780
9780
9780
9780
9780
9780
9780
9780
9780
9780
9780
9780
9780
9780
9780
9780
9780
9780
9780
9780
9780
9780
9780
9780
9780
9780
9780
9780
9780
9780
9780
9780
9780
9780
9780
9780
9780
9780
9780
9780
9780
9780
9780
9780
9780
9780
9780
9780
9780
9780
9780
9780
9780
9780
9780
9780
9780
9780
9780
9780
9780
9780
9780
9780
9780
9780
9780
9780
9780
9780
9780
9778.47
9779.17
9779.84
9780
9780
9780
9780
9780
9780
9780
9780
9780
9780
9780
9780
9780
9780
9780
9780
9780
9780
9780
9780
9780
9780
9780
9780
9780
9780
9780
9780
9780
9780
9780
9780
9780
9780
9780
9780
9780
9780
9780
9780
9780
9780
9780
9780
9780
9780
9780
9780
9780
9780
9780
9780
9780
9780
9780
9780
9780
9780
9780
9780
9780
9780
9780
9780
9780
9780
9780
9780
9780
9780
9780
9780
9780
9780
9780
9780
9780
9780
9780
9780
9780
9780
9780
9780
9780
9780
9780
9780
9780
9780
9780
9780
9780
9780
9780
9780
9780
9780
9780
9780
9780
9780
9780
9780
9780
9780
9780
9780
9780
9780
9780
9780
9780
9780
9780
9780
9780
9778.7
9779.36
9780
9780
9780
9780
9780
9780
9780
9780
9780
9780
9780
9780
9780
9780
9780
9780
9780
9780
9780
9780
9780
9780
9780
9780
9780
9780
9780
9780
9780
9780
9780
9780
9780
9780
9780
9780
9780
9780
9780
9780
9780
9780
9780
9780
9780
9780
9780
9780
9780
9780
9780
9780
9780
9780
9780
9780
9780
9780
9780
9780
9780
9780
9780
9780
9780
9780
9780
9780
9780
9780
9780
9780
9780
9780
9780
9780
9780
9780
9780
9780
9780
9780
9780
9780
9780
9780
9780
9780
9780
9780
9780
9780
9780
9780
9780
9780
9780
9780
9780
9780
9780
9780
9780
9780
9780
9780
9780
9780
9780
9780
9780
9780
9780
9780
9780
9780
9780
9780
9778.95
9779.58
9780
9780
9780
9780
9780
9780
9780
9780
9780
9780
9780
9780
9780
9780
9780
9780
9780
9780
9780
9780
9780
9780
9780
9780
9780
9780
9780
9780
9780
9780
9780
9780
9780
9780
9780
9780
9780
9780
9780
9780
9780
9780
9780
9780
9780
9780
9780
9780
9780
9780
9780
9780
9780
9780
9780
9780
9780
9780
9780
9780
9780
9780
9780
9780
9780
9780
9780
9780
9780
9780
9780
9780
9780
9780
9780
9780
9780
9780
9780
9780
9780
9780
9780
9780
9780
9780
9780
9780
9780
9780
9780
9780
9780
9780
9780
9780
9780
9780
9780
9780
9780
9780
9780
9780
9780
9780
9780
9780
9780
9780
9780
9780
9780
9780
9780
9780
9780
9780
9779.24
9779.8
9780
9780
9780
9780
9780
9780
9780
9780
9780
9780
9780
9780
9780
9780
9780
9780
9780
9780
9780
9780
9780
9780
9780
9780
9780
9780
9780
9780
9780
9780
9780
9780
9780
9780
9780
9780
9780
9780
9780
9780
9780
9780
9780
9780
9780
9780
9780
9780
9780
9780
9780
9780
9780
9780
9780
9780
9780
9780
9780
9780
9780
9780
9780
9780
9780
9780
9780
9780
9780
9780
9780
9780
9780
9780
9780
9780
9780
9780
9780
9780
9780
9780
9780
9780
9780
9780
9780
9780
9780
9780
9780
9780
9780
9780
9780
9780
9780
9780
9780
9780
9780
9780
9780
9780
9780
9780
9780
9780
9780
9780
9780
9780
9780
9780
9780
9780
9780
9780
9779.54
9780
9780
9780
9780
9780
9780
9780
9780
9780
9780
9780
9780
9780
9780
9780
9780
9780
9780
9780
9780
9780
9780
9780
9780
9780
9780
9780
9780
9780
9780
9780
9780
9780
9780
9780
9780
9780
9780
9780
9780
9780
9780
9780
9780
9780
9780
9780
9780
9780
9780
9780
9780
9780
9780
9780
9780
9780
9780
9780
9780
9780
9780
9780
9780
9780
9780
9780
9780
9780
9780
9780
9780
9780
9780
9780
9780
9780
9780
9780
9780
9780
9780
9780
9780
9780
9780
9780
9780
9780
9780
9780
9780
9780
9780
9780
9780
9780
9780
9780
9780
9780
9780
9780
9780
9780
9780
9780
9780
9780
9780
9780
9780
9780
9780
9780
9780
9780
9780
9778.3
9779.6
9780
9780
9780
9780
9780
9780
9780
9780
9780
9780
9780
9780
9780
9780
9780
9780
9780
9780
9780
9780
9780
9780
9780
9780
9780
9780
9780
9780
9780
9780
9780
9780
9780
9780
9780
9780
9780
9780
9780
9780
9780
9780
9780
9780
9780
9780
9780
9780
9780
9780
9780
9780
9780
9780
9780
9780
9780
9780
9780
9780
9780
9780
9780
9780
9780
9780
9780
9780
9780
9780
9780
9780
9780
9780
9780
9780
9780
9780
9780
9780
9780
9780
9780
9780
9780
9780
9780
9780
9780
9780
9780
9780
9780
9780
9780
9780
9780
9780
9780
9780
9780
9780
9780
9780
9780
9780
9780
9780
9780
9780
9780
9780
9780
9780
9780
9780
9780
9780
9779.06
9779.66
9780
9780
9780
9780
9780
9780
9780
9780
9780
9780
9780
9780
9780
9780
9780
9780
9780
9780
9780
9780
9780
9780
9780
9780
9780
9780
9780
9780
9780
9780
9780
9780
9780
9780
9780
9780
9780
9780
9780
9780
9780
9780
9780
9780
9780
9780
9780
9780
9780
9780
9780
9780
9780
9780
9780
9780
9780
9780
9780
9780
9780
9780
9780
9780
9780
9780
9780
9780
9780
9780
9780
9780
9780
9780
9780
9780
9780
9780
9780
9780
9780
9780
9780
9780
9780
9780
9780
9780
9780
9780
9780
9780
9780
9780
9780
9780
9780
9780
9780
9780
9780
9780
9780
9780
9780
9780
9780
9780
9780
9780
9780
9780
9780
9780
9780
9780
9780
9780
9779.14
9779.74
9780
9780
9780
9780
9780
9780
9780
9780
9780
9780
9780
9780
9780
9780
9780
9780
9780
9780
9780
9780
9780
9780
9780
9780
9780
9780
9780
9780
9780
9780
9780
9780
9780
9780
9780
9780
9780
9780
9780
9780
9780
9780
9780
9780
9780
9780
9780
9780
9780
9780
9780
9780
9780
9780
9780
9780
9780
9780
9780
9780
9780
9780
9780
9780
9780
9780
9780
9780
9780
9780
9780
9780
9780
9780
9780
9780
9780
9780
9780
9780
9780
9780
9780
9780
9780
9780
9780
9780
9780
9780
9780
9780
9780
9780
9780
9780
9780
9780
9780
9780
9780
9780
9780
9780
9780
9780
9780
9780
9780
9780
9780
9780
9780
9780
9780
9780
9780
9780
9779.24
9779.84
9780
9780
9780
9780
9780
9780
9780
9780
9780
9780
9780
9780
9780
9780
9780
9780
9780
9780
9780
9780
9780
9780
9780
9780
9780
9780
9780
9780
9780
9780
9780
9780
9780
9780
9780
9780
9780
9780
9780
9780
9780
9780
9780
9780
9780
9780
9780
9780
9780
9780
9780
9780
9780
9780
9780
9780
9780
9780
9780
9780
9780
9780
9780
9780
9780
9780
9780
9780
9780
9780
9780
9780
9780
9780
9780
9780
9780
9780
9780
9780
9780
9780
9780
9780
9780
9780
9780
9780
9780
9780
9780
9780
9780
9780
9780
9780
9780
9780
9780
9780
9780
9780
9780
9780
9780
9780
9780
9780
9780
9780
9780
9780
9780
9780
9780
9780
9780
9780
9779.36
9779.95
9780
9780
9780
9780
9780
9780
9780
9780
9780
9780
9780
9780
9780
9780
9780
9780
9780
9780
9780
9780
9780
9780
9780
9780
9780
9780
9780
9780
9780
9780
9780
9780
9780
9780
9780
9780
9780
9780
9780
9780
9780
9780
9780
9780
9780
9780
9780
9780
9780
9780
9780
9780
9780
9780
9780
9780
9780
9780
9780
9780
9780
9780
9780
9780
9780
9780
9780
9780
9780
9780
9780
9780
9780
9780
9780
9780
9780
9780
9780
9780
9780
9780
9780
9780
9780
9780
9780
9780
9780
9780
9780
9780
9780
9780
9780
9780
9780
9780
9780
9780
9780
9780
9780
9780
9780
9780
9780
9780
9780
9780
9780
9780
9780
9780
9780
9780
9780
9780
9779.49
9780
9780
9780
9780
9780
9780
9780
9780
9780
9780
9780
9780
9780
9780
9780
9780
9780
9780
9780
9780
9780
9780
9780
9780
9780
9780
9780
9780
9780
9780
9780
9780
9780
9780
9780
9780
9780
9780
9780
9780
9780
9780
9780
9780
9780
9780
9780
9780
9780
9780
9780
9780
9780
9780
9780
9780
9780
9780
9780
9780
9780
9780
9780
9780
9780
9780
9780
9780
9780
9780
9780
9780
9780
9780
9780
9780
9780
9780
9780
9780
9780
9780
9780
9780
9780
9780
9780
9780
9780
9780
9780
9780
9780
9780
9780
9780
9780
9780
9780
9780
9780
9780
9780
9780
9780
9780
9780
9780
9780
9780
9780
9780
9780
9780
9780
9780
9780
9780
9780
9779.63
9780
9780
9780
9780
9780
9780
9780
9780
9780
9780
9780
9780
9780
9780
9780
9780
9780
9780
9780
9780
9780
9780
9780
9780
9780
9780
9780
9780
9780
9780
9780
9780
9780
9780
9780
9780
9780
9780
9780
9780
9780
9780
9780
9780
9780
9780
9780
9780
9780
9780
9780
9780
9780
9780
9780
9780
9780
9780
9780
9780
9780
9780
9780
9780
9780
9780
9780
9780
9780
9780
9780
9780
9780
9780
9780
9780
9780
9780
9780
9780
9780
9780
9780
9780
9780
9780
9780
9780
9780
9780
9780
9780
9780
9780
9780
9780
9780
9780
9780
9780
9780
9780
9780
9780
9780
9780
9780
9780
9780
9780
9780
9780
9780
9780
9780
9780
9780
9780
9780
9779.77
9780
9780
9780
9780
9780
9780
9780
9780
9780
9780
9780
9780
9780
9780
9780
9780
9780
9780
9780
9780
9780
9780
9780
9780
9780
9780
9780
9780
9780
9780
9780
9780
9780
9780
9780
9780
9780
9780
9780
9780
9780
9780
9780
9780
9780
9780
9780
9780
9780
9780
9780
9780
9780
9780
9780
9780
9780
9780
9780
9780
9780
9780
9780
9780
9780
9780
9780
9780
9780
9780
9780
9780
9780
9780
9780
9780
9780
9780
9780
9780
9780
9780
9780
9780
9780
9780
9780
9780
9780
9780
9780
9780
9780
9780
9780
9780
9780
9780
9780
9780
9780
9780
9780
9780
9780
9780
9780
9780
9780
9780
9780
9780
9780
9780
9780
9780
9780
9780
9780
9779.94
9780
9780
9780
9780
9780
9780
9780
9780
9780
9780
9780
9780
9780
9780
9780
9780
9780
9780
9780
9780
9780
9780
9780
9780
9780
9780
9780
9780
9780
9780
9780
9780
9780
9780
9780
9780
9780
9780
9780
9780
9780
9780
9780
9780
9780
9780
9780
9780
9780
9780
9780
9780
9780
9780
9780
9780
9780
9780
9780
9780
9780
9780
9780
9780
9780
9780
9780
9780
9780
9780
9780
9780
9780
9780
9780
9780
9780
9780
9780
9780
9780
9780
9780
9780
9780
9780
9780
9780
9780
9780
9780
9780
9780
9780
9780
9780
9780
9780
9780
9780
9780
9780
9780
9780
9780
9780
9780
9780
9780
9780
9780
9780
9780
9780
9780
9780
9780
9780
9780
9780
9780
9780
9780
9780
9780
9780
9780
9780
9780
9780
9780
9780
9780
9780
9780
9780
9780
9780
9780
9780
9780
9780
9780
9780
9780
9780
9780
9780
9780
9780
9780
9780
9780
9780
9780
9780
9780
9780
9780
9780
9780
9780
9780
9780
9780
9780
9780
9780
9780
9780
9780
9780
9780
9780
9780
9780
9780
9780
9780
9780
9780
9780
9780
9780
9780
9780
9780
9780
9780
9780
9780
9780
9780
9780
9780
9780
9780
9780
9780
9780
9780
9780
9780
9780
9780
9780
9780
9780
9780
9780
9780
9780
9780
9780
9780
9780
9780
9780
9780
9780
9780
9780
9780
9780
9780
9780
9780
9780
9780
9780
9780
9780
9780
9780
9780
9780
9780
9780
9780
9779.87
9780
9780
9780
9780
9780
9780
9780
9780
9780
9780
9780
9780
9780
9780
9780
9780
9780
9780
9780
9780
9780
9780
9780
9780
9780
9780
9780
9780
9780
9780
9780
9780
9780
9780
9780
9780
9780
9780
9780
9780
9780
9780
9780
9780
9780
9780
9780
9780
9780
9780
9780
9780
9780
9780
9780
9780
9780
9780
9780
9780
9780
9780
9780
9780
9780
9780
9780
9780
9780
9780
9780
9780
9780
9780
9780
9780
9780
9780
9780
9780
9780
9780
9780
9780
9780
9780
9780
9780
9780
9780
9780
9780
9780
9780
9780
9780
9780
9780
9780
9780
9780
9780
9780
9780
9780
9780
9780
9780
9780
9780
9780
9780
9780
9780
9780
9780
9780
9780
9780
9779.86
9780
9780
9780
9780
9780
9780
9780
9780
9780
9780
9780
9780
9780
9780
9780
9780
9780
9780
9780
9780
9780
9780
9780
9780
9780
9780
9780
9780
9780
9780
9780
9780
9780
9780
9780
9780
9780
9780
9780
9780
9780
9780
9780
9780
9780
9780
9780
9780
9780
9780
9780
9780
9780
9780
9780
9780
9780
9780
9780
9780
9780
9780
9780
9780
9780
9780
9780
9780
9780
9780
9780
9780
9780
9780
9780
9780
9780
9780
9780
9780
9780
9780
9780
9780
9780
9780
9780
9780
9780
9780
9780
9780
9780
9780
9780
9780
9780
9780
9780
9780
9780
9780
9780
9780
9780
9780
9780
9780
9780
9780
9780
9780
9780
9780
9780
9780
9780
9780
9780
9779.83
9780
9780
9780
9780
9780
9780
9780
9780
9780
9780
9780
9780
9780
9780
9780
9780
9780
9780
9780
9780
9780
9780
9780
9780
9780
9780
9780
9780
9780
9780
9780
9780
9780
9780
9780
9780
9780
9780
9780
9780
9780
9780
9780
9780
9780
9780
9780
9780
9780
9780
9780
9780
9780
9780
9780
9780
9780
9780
9780
9780
9780
9780
9780
9780
9780
9780
9780
9780
9780
9780
9780
9780
9780
9780
9780
9780
9780
9780
9780
9780
9780
9780
9780
9780
9780
9780
9780
9780
9780
9780
9780
9780
9780
9780
9780
9780
9780
9780
9780
9780
9780
9780
9780
9780
9780
9780
9780
9780
9780
9780
9780
9780
9780
9780
9780
9780
9780
9780
9780
9779.8
9780
9780
9780
9780
9780
9780
9780
9780
9780
9780
9780
9780
9780
9780
9780
9780
9780
9780
9780
9780
9780
9780
9780
9780
9780
9780
9780
9780
9780
9780
9780
9780
9780
9780
9780
9780
9780
9780
9780
9780
9780
9780
9780
9780
9780
9780
9780
9780
9780
9780
9780
9780
9780
9780
9780
9780
9780
9780
9780
9780
9780
9780
9780
9780
9780
9780
9780
9780
9780
9780
9780
9780
9780
9780
9780
9780
9780
9780
9780
9780
9780
9780
9780
9780
9780
9780
9780
9780
9780
9780
9780
9780
9780
9780
9780
9780
9780
9780
9780
9780
9780
9780
9780
9780
9780
9780
9780
9780
9780
9780
9780
9780
9780
9780
9780
9780
9780
9780
9780
9779.34
9780
9780
9780
9780
9780
9780
9780
9780
9780
9780
9780
9780
9780
9780
9780
9780
9780
9780
9780
9780
9780
9780
9780
9780
9780
9780
9780
9780
9780
9780
9780
9780
9780
9780
9780
9780
9780
9780
9780
9780
9780
9780
9780
9780
9780
9780
9780
9780
9780
9780
9780
9780
9780
9780
9780
9780
9780
9780
9780
9780
9780
9780
9780
9780
9780
9780
9780
9780
9780
9780
9780
9780
9780
9780
9780
9780
9780
9780
9780
9780
9780
9780
9780
9780
9780
9780
9780
9780
9780
9780
9780
9780
9780
9780
9780
9780
9780
9780
9780
9780
9780
9780
9780
9780
9780
9780
9780
9780
9780
9780
9780
9780
9780
9780
9780
9780
9780
9780
9780
9779.99
9780
9780
9780
9780
9780
9780
9780
9780
9780
9780
9780
9780
9780
9780
9780
9780
9780
9780
9780
9780
9780
9780
9780
9780
9780
9780
9780
9780
9780
9780
9780
9780
9780
9780
9780
9780
9780
9780
9780
9780
9780
9780
9780
9780
9780
9780
9780
9780
9780
9780
9780
9780
9780
9780
9780
9780
9780
9780
9780
9780
9780
9780
9780
9780
9780
9780
9780
9766.65
9759.96
9742.38
9734.72
9725.88
9726.87
9713.53
9712.62
9701
9700.56
9691.73
9691.18
9691.62
9695.8
9695.88
9703.04
9701.12
9713.99
9707.64
9725.06
9716.74
9731.6
9724.52
9737.01
9728.66
9740.66
9734.59
9742.16
9736.26
9744.76
9738.4
9747.54
9733.91
9751.47
9743.83
9755.68
9751
9760.92
9756.6
9763.96
9757.6
9760.81
9756.48
9750.85
9754.19
9745.78
9743.82
9703.66
9730.32
9651.83
9716.28
9615.06
9735.08
9780
9780
9780
9780
9780
9780
9780
9780
9780
9780
9780
9780
9780
9780
9780
9780
9780
9780
9780
9780
9780
9780
9780
9780
9780
9780
9780
9780
9780
9780
9780
9780
9780
9780
9780
9780
9780
9780
9780
9780
9780
9780
9780
9780
9780
9780
9780
9780
9780
9780.01
9767.13
9747.61
9723.01
9701.39
9685.12
9654.13
9633.29
9599.79
9583.9
9554.75
9545.53
9514.86
9502.48
9462.75
9462.36
9438.24
9444.64
9425.64
9440.67
9406.83
9427.36
9389.62
9420.82
9375.58
9410.35
9351.75
9407.15
9348.02
9409.42
9338.34
9399.79
9314
9378.15
9272.63
9353.87
9217.39
9327.59
9183.7
9313.51
9150.07
9300.15
9102.65
9293.73
9043.43
9288.88
9008.9
9265.86
8927.33
9209.2
8845.73
9200.92
8758.24
9220.83
8653.07
9191.04
8525.56
9137.15
8436.34
9100.77
8259.13
8953.24
8036.16
8795.39
7768.6
8704.08
7516.2
8583.79
7233.28
8384.5
6797.37
9779.4
9780
9780
9780
9780
9780
9780
9780
9780
9780
9780
9780
9780
9780
9780
9780
9780
9780
9780
9780
9780
9780
9780
9780
9780
9780
9780
9780
9780
9780
9780
9780
9780
9780
9780
9780
9780
9780
9780
9765.86
9717.13
9656.66
9573.69
9484
9371.81
9254.17
9243.17
9187.75
9081.57
9046
8996.05
8944.36
8916.51
8879.28
8853
8842.12
8847.08
8837.11
8834.14
8787.94
8762.36
8725.64
8696.62
8716.14
8685.18
8685.17
8650.86
8615.28
8586.44
8534.17
8507.83
8502.35
8474.35
8425.23
8434.42
8388.89
8297.5
8193.97
8087.49
7995.86
7865.03
7725.97
7589.41
7424.6
7311.3
7039.07
6957.52
6690.22
6619.91
6344.86
6272.68
5979.15
5919.4
5587.07
5584.78
5194.3
5200.34
4793.19
4799.38
4349.59
4320.84
3918.95
3894.35
3521.13
3500.88
3103.97
3080.66
2634.24
2591.5
2145.71
2164.11
1728.92
1725.93
1301.91
1252.78
777.683
765.36
295.755
298.739
64.3983
1563.62
9780
9780
9780
9780
9780
9780
9780
9780
9780
9780
9780
9780
9780
9780
9780
9780
9780
9780
9780
9780
9780
9780
9780
9780
9780
9780
9780
9780
9780
9780
9780
9780
9780
9780
9780
9780
9780
9780
4299.17
4334.61
4387.4
4450.34
4515.57
4572.63
4637.98
4600.1
4617.16
4707.81
4733.09
4704.06
4756.53
4730.42
4737.17
4651.62
4652.47
4549.89
4539.37
4370.04
4355.53
4192.13
4170.2
4006.72
3989.71
3851.86
3794.24
3599.63
3524.19
3307.91
3197.76
2976.23
2894.88
2648.23
2588.14
2293.71
2246.3
2028.16
2037.46
1848.14
1891.51
1683.23
1728.51
1525.59
1583.49
1346.53
1458.4
1205.28
1358.19
1122.61
1295.63
1046.04
1211.02
960.166
1155.17
881.552
1061.58
805.165
987.954
764.813
926.478
684.474
812.548
598.539
733.848
512.389
623.328
460.427
511.454
375.848
446.245
300.937
333.899
210.016
222.054
120.742
129.574
57.6212
57.1939
18.9169
1.6337
1.6337
1.6337
1.6337
1.6337
1.6337
1.6337
1.6337
1.6337
1.6337
1.6337
1.6337
1.6337
1.6337
1.6337
1.6337
1.6337
1.6337
1.6337
1.6337
1.6337
1.6337
1.6337
1.6337
1.6337
1.6337
1.6337
1.6337
1.6337
1.6337
1.6337
1.6337
1.6337
1.6337
1.6337
1.6337
1.6337
1.6337
1.6337
1.6337
1.6337
1.6337
1.6337
1.6337
1.6337
1.6337
1.63336
40.8615
60.6222
43.7254
71.3336
91.9587
102.77
99.4156
127.196
140.441
155.312
181.781
209.659
246.128
250.97
274.348
292.494
317.671
327.829
350.209
373.224
399.597
421.16
455.233
470.679
506.898
518.306
556.494
565.411
635.914
619.251
662.356
617.154
652.79
584.342
620.666
582.691
626.977
563.284
605.025
551.949
584.34
522.716
539.573
480.742
493.994
433.846
453.078
392.731
391.661
342.08
344.708
326.737
327.364
295.923
292.14
259.454
243.841
206.39
176.397
176.21
141.47
127.822
115.837
115.958
82.1131
72.5484
60.3
47.8819
35.2407
30.8159
15.8746
13.4237
1.63316
1.6337
1.6337
1.6337
1.6337
1.6337
1.6337
1.6337
1.6337
1.6337
1.6337
1.6337
1.6337
1.6337
1.6337
1.6337
1.6337
1.6337
1.6337
1.6337
1.6337
1.6337
1.6337
1.6337
1.6337
1.6337
1.6337
1.6337
1.6337
1.6337
1.6337
1.6337
1.6337
1.6337
1.6337
1.6337
1.6337
1.6337
1.6337
1.6337
1.6337
1.6337
1.6337
1.6337
1.6337
1.6337
1.6337
1.6337
1.6337
1.6337
1.6337
1.63325
1.63244
1.63227
11.7892
17.7235
26.8229
35.9208
40.2312
44.0102
54.9641
69.9299
87.3465
90.9864
85.8707
78.1482
76.1335
79.6835
93.2514
106.783
117.512
133.706
136.865
139.521
141.492
140.611
138.867
144.858
146.321
150.707
139.623
149.956
145.12
158.897
147.486
165.212
160.352
175.562
165.435
176.083
156.101
153.093
130.659
132.979
117.993
115.035
104.302
98.7486
91.1808
82.4909
74.8439
70.4796
60.2352
60.7394
48.9375
46.2682
34.8436
32.2384
20.2023
16.9729
12.5737
1.63273
1.63327
1.63242
1.6337
1.63317
1.63366
1.63314
1.6337
1.63344
1.6337
1.6337
1.6337
1.6337
1.6337
1.6337
1.6337
1.6337
1.6337
1.6337
1.6337
1.6337
1.6337
1.6337
1.6337
1.6337
1.6337
1.6337
1.6337
1.6337
1.6337
1.6337
1.6337
1.6337
1.6337
1.6337
1.6337
1.6337
1.6337
1.6337
1.6337
1.6337
1.6337
1.6337
1.6337
1.6337
1.6337
1.6337
1.6337
1.6337
1.6337
1.6337
1.6337
1.6337
1.6337
1.6337
1.6337
1.6337
1.6337
1.6337
1.6337
1.6337
1.6337
1.6337
1.6337
1.6337
1.6337
1.6337
1.63338
1.63353
1.6337
1.6337
1.63365
1.63341
1.63317
1.63332
1.6337
1.6337
1.6337
1.6337
1.6337
1.63317
1.6337
1.6337
1.63348
1.6337
1.63334
1.63303
1.63327
1.6337
1.6337
1.6337
1.6337
1.63335
1.63332
1.63341
1.6337
1.6337
1.63347
1.6337
1.63292
1.63307
1.6337
1.6337
1.6337
1.6336
1.63357
1.63367
1.6337
1.6337
1.6337
1.63347
1.63369
1.63348
1.6337
1.6337
1.6337
1.63357
1.6337
1.6337
1.6337
1.6337
1.6337
1.6337
1.6337
1.6337
1.6337
1.6337
1.6337
1.6337
1.6337
1.6337
1.6337
1.6337
1.6337
1.6337
1.6337
1.6337
1.6337
1.6337
1.6337
1.6337
1.6337
1.6337
1.6337
1.6337
1.6337
1.6337
1.6337
1.6337
1.6337
1.6337
1.6337
1.6337
1.6337
1.6337
1.6337
1.6337
1.6337
1.6337
1.6337
1.6337
1.6337
1.6337
1.6337
1.6337
1.6337
1.6337
1.6337
1.6337
1.6337
1.6337
1.6337
1.6337
1.6337
1.6337
1.6337
1.6337
1.6337
1.6337
1.6337
1.6337
1.6337
1.6337
1.6337
1.6337
1.6337
1.6337
1.6337
1.6337
1.6337
1.6337
1.6337
1.6337
1.6337
1.6337
1.6337
1.6337
1.6337
1.6337
1.6337
1.6337
1.6337
1.6337
1.6337
1.6337
1.6337
1.6337
1.6337
1.6337
1.6337
1.6337
1.6337
1.6337
1.6337
1.6337
1.6337
1.6337
1.6337
1.6337
1.6337
1.6337
1.6337
1.6337
1.6337
1.6337
1.6337
1.6337
1.6337
1.6337
1.6337
1.6337
1.6337
1.6337
1.6337
1.6337
1.6337
1.6337
1.6337
1.6337
1.6337
1.6337
1.6337
1.6337
1.6337
1.6337
1.6337
1.6337
1.6337
1.6337
1.6337
1.6337
1.6337
1.6337
1.6337
1.6337
1.6337
1.6337
1.6337
1.6337
1.6337
1.6337
1.6337
1.6337
1.6337
1.6337
1.6337
1.6337
1.6337
1.6337
1.6337
1.6337
1.6337
1.6337
1.6337
1.6337
1.6337
1.6337
1.6337
1.6337
1.6337
1.6337
1.6337
1.6337
1.6337
1.6337
1.6337
1.6337
1.6337
1.6337
1.6337
1.6337
1.6337
1.6337
1.6337
1.6337
1.6337
1.6337
1.6337
1.6337
1.6337
1.6337
1.6337
1.6337
1.6337
1.6337
1.6337
1.6337
1.6337
1.6337
1.6337
1.6337
1.6337
1.6337
1.6337
1.6337
1.6337
1.6337
1.6337
1.6337
1.6337
1.6337
1.6337
1.6337
1.6337
1.6337
1.6337
1.6337
1.6337
1.6337
1.6337
1.6337
1.6337
1.6337
1.6337
1.6337
1.6337
1.6337
1.6337
1.6337
1.6337
1.6337
1.6337
1.6337
1.6337
1.6337
1.6337
1.6337
1.6337
1.6337
1.6337
1.6337
1.6337
1.6337
1.6337
1.6337
1.6337
1.6337
1.6337
1.6337
1.6337
1.6337
1.6337
1.6337
1.6337
1.6337
1.6337
1.6337
1.6337
1.6337
1.6337
1.6337
1.6337
1.6337
1.6337
1.6337
1.6337
1.6337
1.6337
1.6337
1.6337
1.6337
1.6337
1.6337
1.6337
1.6337
1.6337
1.6337
1.6337
1.6337
1.6337
1.6337
1.6337
1.6337
1.6337
1.6337
1.6337
1.6337
1.6337
1.6337
1.6337
1.6337
1.6337
1.6337
1.6337
1.6337
1.6337
1.6337
1.6337
1.6337
1.6337
1.6337
1.6337
1.6337
1.6337
1.6337
1.6337
1.6337
1.6337
1.6337
1.6337
1.6337
1.6337
1.6337
1.6337
1.6337
1.6337
1.6337
1.6337
1.6337
1.6337
1.6337
1.6337
1.6337
1.6337
1.6337
1.6337
1.6337
1.6337
1.6337
1.6337
1.6337
1.6337
1.6337
1.6337
1.6337
1.6337
1.6337
1.6337
1.6337
1.6337
1.6337
1.6337
1.6337
1.6337
1.6337
1.6337
1.6337
1.6337
1.6337
1.6337
1.6337
1.6337
1.6337
1.6337
1.6337
1.6337
1.6337
1.6337
1.6337
1.6337
1.6337
1.6337
1.6337
1.6337
1.6337
1.6337
1.6337
1.6337
1.6337
1.6337
1.6337
1.6337
1.6337
1.6337
1.6337
1.6337
1.6337
1.6337
1.6337
1.6337
1.6337
1.6337
1.6337
1.6337
1.6337
1.6337
1.6337
1.6337
1.6337
1.6337
1.6337
1.6337
1.6337
1.6337
1.6337
1.6337
1.6337
1.6337
1.6337
1.6337
1.6337
1.6337
1.6337
1.6337
1.6337
1.6337
1.6337
1.6337
1.6337
1.6337
1.6337
1.6337
1.6337
1.6337
1.6337
1.6337
1.6337
1.6337
1.6337
1.6337
1.6337
1.6337
1.6337
1.6337
1.6337
1.6337
1.6337
1.6337
1.6337
1.6337
1.6337
1.6337
1.6337
1.6337
1.6337
1.6337
1.6337
1.6337
1.6337
1.6337
1.6337
1.6337
1.6337
1.6337
1.6337
1.6337
1.6337
1.6337
1.6337
1.6337
1.6337
1.6337
1.6337
1.6337
1.6337
1.6337
1.6337
1.6337
1.6337
1.6337
1.6337
1.6337
1.6337
1.6337
1.6337
1.6337
1.6337
1.6337
1.6337
1.6337
1.6337
1.6337
1.6337
1.6337
1.6337
1.6337
1.6337
1.6337
1.6337
1.6337
1.6337
1.6337
1.6337
1.6337
1.6337
1.6337
1.6337
1.6337
1.6337
1.6337
1.6337
1.6337
1.6337
1.6337
1.6337
1.6337
1.6337
1.6337
1.6337
1.6337
1.6337
1.6337
1.6337
1.6337
1.6337
1.6337
1.6337
1.6337
1.6337
1.6337
1.6337
1.6337
1.6337
1.6337
1.6337
1.6337
1.6337
1.6337
1.6337
1.6337
1.6337
1.6337
1.6337
1.6337
1.6337
1.6337
1.6337
1.6337
1.6337
1.6337
1.6337
1.6337
1.6337
1.6337
1.6337
1.6337
1.6337
1.6337
1.6337
1.6337
)
;

boundaryField
{
    hot
    {
        type            calculated;
        value           nonuniform List<scalar> 
32
(
9780
9780
9780
9780
9780
9780
9780
9780
9780
9780
9780
9780
9780
9780
9780
9780
9780
9780
9780
9780
9780
9780
9780
9780
9780
9780
9780
9780
9780
9780
9780
9780.01
)
;
    }
    hotTop
    {
        type            calculated;
        value           nonuniform List<scalar> 8(4299.18 1.6337 1.6337 1.6337 1.6337 1.6337 1.6337 1.6337);
    }
    cold
    {
        type            calculated;
        value           uniform 9780;
    }
    coldTop
    {
        type            calculated;
        value           nonuniform List<scalar> 8(1.6337 1.6337 1.6337 1.6337 1.6337 1.6337 1.6337 1.6337);
    }
    top
    {
        type            calculated;
        value           nonuniform List<scalar> 
120
(
1.6337
1.6337
1.6337
1.6337
1.6337
1.6337
1.6337
1.6337
1.6337
1.6337
1.6337
1.6337
1.6337
1.6337
1.6337
1.6337
1.6337
1.6337
1.6337
1.6337
1.6337
1.6337
1.63369
1.6337
1.6337
1.6337
1.6337
1.6337
1.6337
1.6337
1.6337
1.6337
1.6337
1.6337
1.6337
1.6337
1.6337
1.6337
1.6337
1.6337
1.6337
1.6337
1.6337
1.6337
1.6337
1.6337
1.6337
1.6337
1.6337
1.6337
1.6337
1.6337
1.6337
1.6337
1.6337
1.6337
1.6337
1.6337
1.6337
1.6337
1.6337
1.6337
1.63369
1.63369
1.6337
1.6337
1.6337
1.6337
1.63369
1.6337
1.6337
1.6337
1.6337
1.6337
1.6337
1.6337
1.6337
1.6337
1.6337
1.6337
1.6337
1.6337
1.6337
1.6337
1.6337
1.6337
1.6337
1.6337
1.6337
1.6337
1.6337
1.6337
1.6337
1.6337
1.6337
1.6337
1.6337
1.6337
1.6337
1.6337
1.6337
1.6337
1.6337
1.6337
1.6337
1.6337
1.6337
1.6337
1.6337
1.6337
1.6337
1.6337
1.6337
1.6337
1.6337
1.6337
1.6337
1.6337
1.6337
1.6337
)
;
    }
    btm
    {
        type            calculated;
        value           nonuniform List<scalar> 
120
(
9780
9780
9780
9780
9780
9780
9780
9780
9780
9780
9780
9780
9780
9780
9780
9780
9780
9780
9780
9780
9780
9780
9780
9780
9780
9780
9780
9780
9780
9780
9780
9780
9780
9780
9780
9780
9780
9780
9780
9780
9780
9780
9780
9780
9780
9780
9780
9780
9780
9780
9780
9780
9780
9780
9780
9780
9780
9780
9780
9780
9780
9780
9780
9780
9780
9780
9780
9780
9780
9780
9780
9780
9780
9780
9780
9780
9780
9780
9780
9780
9780
9780
9780
9780
9780
9780
9780
9780
9780
9780
9780
9780
9780
9780
9780
9780
9780
9780
9780
9780
9780
9780
9780
9780
9780
9780
9780
9780
9780
9780
9780
9780
9780
9780
9780
9780
9780
9780
9780
9780
)
;
    }
    frontAndBack
    {
        type            empty;
    }
}


// ************************************************************************* //
