/*--------------------------------*- C++ -*----------------------------------*\
  =========                 |
  \\      /  F ield         | OpenFOAM: The Open Source CFD Toolbox
   \\    /   O peration     | Website:  https://openfoam.org
    \\  /    A nd           | Version:  6
     \\/     M anipulation  |
\*---------------------------------------------------------------------------*/
FoamFile
{
    version     2.0;
    format      ascii;
    class       volScalarField;
    location    "2950";
    object      S_d;
}
// * * * * * * * * * * * * * * * * * * * * * * * * * * * * * * * * * * * * * //

dimensions      [1 -3 -1 0 0 0 0];

internalField   nonuniform List<scalar> 
4800
(
-0
-0
-0
-0
-0
-0
-0
-0
-0
-0
-0
-0
-0
-0
-0
-0
-0
-0
-0
-0
-0
-0
-0
-0
-0
-0
-0
-0
-0
-0
-0
-0
-0
-0
-0
-0
-0
-0
-0
-0
-0
-0
-0
-0
-0
-0
-0
-0
-0
-0
-0
-0
-0
-0
-0
-0
-0
-0
-0
-0
-0
-0
-0
-0
-0
-0
-0
-0
-0
-0
-0
-0
-0
-0
-0
-0
-0
-0
-0
-0
-0
-7.99632e+11
-7.99696e+11
-7.9976e+11
-7.99821e+11
-7.99882e+11
-7.99941e+11
-7.99999e+11
-8e+11
-8e+11
-8e+11
-8e+11
-8e+11
-8e+11
-8e+11
-8e+11
-8e+11
-8e+11
-8e+11
-8e+11
-8e+11
-8e+11
-8e+11
-8e+11
-8e+11
-8e+11
-8e+11
-8e+11
-8e+11
-8e+11
-8e+11
-8e+11
-8e+11
-8e+11
-8e+11
-8e+11
-8e+11
-8e+11
-8e+11
-8e+11
-0
-0
-0
-0
-0
-0
-0
-0
-0
-0
-0
-0
-0
-0
-0
-0
-0
-0
-0
-0
-0
-0
-0
-0
-0
-0
-0
-0
-0
-0
-0
-0
-0
-0
-0
-0
-0
-0
-0
-0
-0
-0
-0
-0
-0
-0
-0
-0
-0
-0
-0
-0
-0
-0
-0
-0
-0
-0
-0
-0
-0
-0
-0
-0
-0
-0
-0
-0
-0
-0
-0
-0
-0
-0
-0
-0
-0
-0
-0
-0
-0
-7.99633e+11
-7.99698e+11
-7.99761e+11
-7.99822e+11
-7.99883e+11
-7.99942e+11
-8e+11
-8e+11
-8e+11
-8e+11
-8e+11
-8e+11
-8e+11
-8e+11
-8e+11
-8e+11
-8e+11
-8e+11
-8e+11
-8e+11
-8e+11
-8e+11
-8e+11
-8e+11
-8e+11
-8e+11
-8e+11
-8e+11
-8e+11
-8e+11
-8e+11
-8e+11
-8e+11
-8e+11
-8e+11
-8e+11
-8e+11
-8e+11
-8e+11
-0
-0
-0
-0
-0
-0
-0
-0
-0
-0
-0
-0
-0
-0
-0
-0
-0
-0
-0
-0
-0
-0
-0
-0
-0
-0
-0
-0
-0
-0
-0
-0
-0
-0
-0
-0
-0
-0
-0
-0
-0
-0
-0
-0
-0
-0
-0
-0
-0
-0
-0
-0
-0
-0
-0
-0
-0
-0
-0
-0
-0
-0
-0
-0
-0
-0
-0
-0
-0
-0
-0
-0
-0
-0
-0
-0
-0
-0
-0
-0
-0
-7.99636e+11
-7.997e+11
-7.99763e+11
-7.99824e+11
-7.99885e+11
-7.99944e+11
-8e+11
-8e+11
-8e+11
-8e+11
-8e+11
-8e+11
-8e+11
-8e+11
-8e+11
-8e+11
-8e+11
-8e+11
-8e+11
-8e+11
-8e+11
-8e+11
-8e+11
-8e+11
-8e+11
-8e+11
-8e+11
-8e+11
-8e+11
-8e+11
-8e+11
-8e+11
-8e+11
-8e+11
-8e+11
-8e+11
-8e+11
-8e+11
-8e+11
-0
-0
-0
-0
-0
-0
-0
-0
-0
-0
-0
-0
-0
-0
-0
-0
-0
-0
-0
-0
-0
-0
-0
-0
-0
-0
-0
-0
-0
-0
-0
-0
-0
-0
-0
-0
-0
-0
-0
-0
-0
-0
-0
-0
-0
-0
-0
-0
-0
-0
-0
-0
-0
-0
-0
-0
-0
-0
-0
-0
-0
-0
-0
-0
-0
-0
-0
-0
-0
-0
-0
-0
-0
-0
-0
-0
-0
-0
-0
-0
-0
-7.9964e+11
-7.99704e+11
-7.99767e+11
-7.99828e+11
-7.99887e+11
-7.99946e+11
-8e+11
-8e+11
-8e+11
-8e+11
-8e+11
-8e+11
-8e+11
-8e+11
-8e+11
-8e+11
-8e+11
-8e+11
-8e+11
-8e+11
-8e+11
-8e+11
-8e+11
-8e+11
-8e+11
-8e+11
-8e+11
-8e+11
-8e+11
-8e+11
-8e+11
-8e+11
-8e+11
-8e+11
-8e+11
-8e+11
-8e+11
-8e+11
-8e+11
-0
-0
-0
-0
-0
-0
-0
-0
-0
-0
-0
-0
-0
-0
-0
-0
-0
-0
-0
-0
-0
-0
-0
-0
-0
-0
-0
-0
-0
-0
-0
-0
-0
-0
-0
-0
-0
-0
-0
-0
-0
-0
-0
-0
-0
-0
-0
-0
-0
-0
-0
-0
-0
-0
-0
-0
-0
-0
-0
-0
-0
-0
-0
-0
-0
-0
-0
-0
-0
-0
-0
-0
-0
-0
-0
-0
-0
-0
-0
-0
-0
-7.99646e+11
-7.99709e+11
-7.99771e+11
-7.99832e+11
-7.99891e+11
-7.9995e+11
-8e+11
-8e+11
-8e+11
-8e+11
-8e+11
-8e+11
-8e+11
-8e+11
-8e+11
-8e+11
-8e+11
-8e+11
-8e+11
-8e+11
-8e+11
-8e+11
-8e+11
-8e+11
-8e+11
-8e+11
-8e+11
-8e+11
-8e+11
-8e+11
-8e+11
-8e+11
-8e+11
-8e+11
-8e+11
-8e+11
-8e+11
-8e+11
-8e+11
-0
-0
-0
-0
-0
-0
-0
-0
-0
-0
-0
-0
-0
-0
-0
-0
-0
-0
-0
-0
-0
-0
-0
-0
-0
-0
-0
-0
-0
-0
-0
-0
-0
-0
-0
-0
-0
-0
-0
-0
-0
-0
-0
-0
-0
-0
-0
-0
-0
-0
-0
-0
-0
-0
-0
-0
-0
-0
-0
-0
-0
-0
-0
-0
-0
-0
-0
-0
-0
-0
-0
-0
-0
-0
-0
-0
-0
-0
-0
-0
-0
-7.99653e+11
-7.99715e+11
-7.99777e+11
-7.99837e+11
-7.99896e+11
-7.99954e+11
-8e+11
-8e+11
-8e+11
-8e+11
-8e+11
-8e+11
-8e+11
-8e+11
-8e+11
-8e+11
-8e+11
-8e+11
-8e+11
-8e+11
-8e+11
-8e+11
-8e+11
-8e+11
-8e+11
-8e+11
-8e+11
-8e+11
-8e+11
-8e+11
-8e+11
-8e+11
-8e+11
-8e+11
-8e+11
-8e+11
-8e+11
-8e+11
-8e+11
-0
-0
-0
-0
-0
-0
-0
-0
-0
-0
-0
-0
-0
-0
-0
-0
-0
-0
-0
-0
-0
-0
-0
-0
-0
-0
-0
-0
-0
-0
-0
-0
-0
-0
-0
-0
-0
-0
-0
-0
-0
-0
-0
-0
-0
-0
-0
-0
-0
-0
-0
-0
-0
-0
-0
-0
-0
-0
-0
-0
-0
-0
-0
-0
-0
-0
-0
-0
-0
-0
-0
-0
-0
-0
-0
-0
-0
-0
-0
-0
-0
-7.9966e+11
-7.99722e+11
-7.99783e+11
-7.99843e+11
-7.99901e+11
-7.99959e+11
-8e+11
-8e+11
-8e+11
-8e+11
-8e+11
-8e+11
-8e+11
-8e+11
-8e+11
-8e+11
-8e+11
-8e+11
-8e+11
-8e+11
-8e+11
-8e+11
-8e+11
-8e+11
-8e+11
-8e+11
-8e+11
-8e+11
-8e+11
-8e+11
-8e+11
-8e+11
-8e+11
-8e+11
-8e+11
-8e+11
-8e+11
-8e+11
-8e+11
-0
-0
-0
-0
-0
-0
-0
-0
-0
-0
-0
-0
-0
-0
-0
-0
-0
-0
-0
-0
-0
-0
-0
-0
-0
-0
-0
-0
-0
-0
-0
-0
-0
-0
-0
-0
-0
-0
-0
-0
-0
-0
-0
-0
-0
-0
-0
-0
-0
-0
-0
-0
-0
-0
-0
-0
-0
-0
-0
-0
-0
-0
-0
-0
-0
-0
-0
-0
-0
-0
-0
-0
-0
-0
-0
-0
-0
-0
-0
-0
-0
-7.99669e+11
-7.9973e+11
-7.9979e+11
-7.99849e+11
-7.99907e+11
-7.99965e+11
-8e+11
-8e+11
-8e+11
-8e+11
-8e+11
-8e+11
-8e+11
-8e+11
-8e+11
-8e+11
-8e+11
-8e+11
-8e+11
-8e+11
-8e+11
-8e+11
-8e+11
-8e+11
-8e+11
-8e+11
-8e+11
-8e+11
-8e+11
-8e+11
-8e+11
-8e+11
-8e+11
-8e+11
-8e+11
-8e+11
-8e+11
-8e+11
-8e+11
-0
-0
-0
-0
-0
-0
-0
-0
-0
-0
-0
-0
-0
-0
-0
-0
-0
-0
-0
-0
-0
-0
-0
-0
-0
-0
-0
-0
-0
-0
-0
-0
-0
-0
-0
-0
-0
-0
-0
-0
-0
-0
-0
-0
-0
-0
-0
-0
-0
-0
-0
-0
-0
-0
-0
-0
-0
-0
-0
-0
-0
-0
-0
-0
-0
-0
-0
-0
-0
-0
-0
-0
-0
-0
-0
-0
-0
-0
-0
-0
-0
-7.99678e+11
-7.99739e+11
-7.99798e+11
-7.99857e+11
-7.99914e+11
-7.99971e+11
-8e+11
-8e+11
-8e+11
-8e+11
-8e+11
-8e+11
-8e+11
-8e+11
-8e+11
-8e+11
-8e+11
-8e+11
-8e+11
-8e+11
-8e+11
-8e+11
-8e+11
-8e+11
-8e+11
-8e+11
-8e+11
-8e+11
-8e+11
-8e+11
-8e+11
-8e+11
-8e+11
-8e+11
-8e+11
-8e+11
-8e+11
-8e+11
-8e+11
-0
-0
-0
-0
-0
-0
-0
-0
-0
-0
-0
-0
-0
-0
-0
-0
-0
-0
-0
-0
-0
-0
-0
-0
-0
-0
-0
-0
-0
-0
-0
-0
-0
-0
-0
-0
-0
-0
-0
-0
-0
-0
-0
-0
-0
-0
-0
-0
-0
-0
-0
-0
-0
-0
-0
-0
-0
-0
-0
-0
-0
-0
-0
-0
-0
-0
-0
-0
-0
-0
-0
-0
-0
-0
-0
-0
-0
-0
-0
-0
-0
-7.99688e+11
-7.99748e+11
-7.99807e+11
-7.99865e+11
-7.99922e+11
-7.99978e+11
-8e+11
-8e+11
-8e+11
-8e+11
-8e+11
-8e+11
-8e+11
-8e+11
-8e+11
-8e+11
-8e+11
-8e+11
-8e+11
-8e+11
-8e+11
-8e+11
-8e+11
-8e+11
-8e+11
-8e+11
-8e+11
-8e+11
-8e+11
-8e+11
-8e+11
-8e+11
-8e+11
-8e+11
-8e+11
-8e+11
-8e+11
-8e+11
-8e+11
-0
-0
-0
-0
-0
-0
-0
-0
-0
-0
-0
-0
-0
-0
-0
-0
-0
-0
-0
-0
-0
-0
-0
-0
-0
-0
-0
-0
-0
-0
-0
-0
-0
-0
-0
-0
-0
-0
-0
-0
-0
-0
-0
-0
-0
-0
-0
-0
-0
-0
-0
-0
-0
-0
-0
-0
-0
-0
-0
-0
-0
-0
-0
-0
-0
-0
-0
-0
-0
-0
-0
-0
-0
-0
-0
-0
-0
-0
-0
-0
-0
-7.99699e+11
-7.99758e+11
-7.99817e+11
-7.99874e+11
-7.9993e+11
-7.99986e+11
-8e+11
-8e+11
-8e+11
-8e+11
-8e+11
-8e+11
-8e+11
-8e+11
-8e+11
-8e+11
-8e+11
-8e+11
-8e+11
-8e+11
-8e+11
-8e+11
-8e+11
-8e+11
-8e+11
-8e+11
-8e+11
-8e+11
-8e+11
-8e+11
-8e+11
-8e+11
-8e+11
-8e+11
-8e+11
-8e+11
-8e+11
-8e+11
-8e+11
-0
-0
-0
-0
-0
-0
-0
-0
-0
-0
-0
-0
-0
-0
-0
-0
-0
-0
-0
-0
-0
-0
-0
-0
-0
-0
-0
-0
-0
-0
-0
-0
-0
-0
-0
-0
-0
-0
-0
-0
-0
-0
-0
-0
-0
-0
-0
-0
-0
-0
-0
-0
-0
-0
-0
-0
-0
-0
-0
-0
-0
-0
-0
-0
-0
-0
-0
-0
-0
-0
-0
-0
-0
-0
-0
-0
-0
-0
-0
-0
-0
-7.99711e+11
-7.99769e+11
-7.99827e+11
-7.99883e+11
-7.99939e+11
-7.99994e+11
-8e+11
-8e+11
-8e+11
-8e+11
-8e+11
-8e+11
-8e+11
-8e+11
-8e+11
-8e+11
-8e+11
-8e+11
-8e+11
-8e+11
-8e+11
-8e+11
-8e+11
-8e+11
-8e+11
-8e+11
-8e+11
-8e+11
-8e+11
-8e+11
-8e+11
-8e+11
-8e+11
-8e+11
-8e+11
-8e+11
-8e+11
-8e+11
-8e+11
-0
-0
-0
-0
-0
-0
-0
-0
-0
-0
-0
-0
-0
-0
-0
-0
-0
-0
-0
-0
-0
-0
-0
-0
-0
-0
-0
-0
-0
-0
-0
-0
-0
-0
-0
-0
-0
-0
-0
-0
-0
-0
-0
-0
-0
-0
-0
-0
-0
-0
-0
-0
-0
-0
-0
-0
-0
-0
-0
-0
-0
-0
-0
-0
-0
-0
-0
-0
-0
-0
-0
-0
-0
-0
-0
-0
-0
-0
-0
-0
-0
-7.99723e+11
-7.9978e+11
-7.99837e+11
-7.99893e+11
-7.99949e+11
-8e+11
-8e+11
-8e+11
-8e+11
-8e+11
-8e+11
-8e+11
-8e+11
-8e+11
-8e+11
-8e+11
-8e+11
-8e+11
-8e+11
-8e+11
-8e+11
-8e+11
-8e+11
-8e+11
-8e+11
-8e+11
-8e+11
-8e+11
-8e+11
-8e+11
-8e+11
-8e+11
-8e+11
-8e+11
-8e+11
-8e+11
-8e+11
-8e+11
-8e+11
-0
-0
-0
-0
-0
-0
-0
-0
-0
-0
-0
-0
-0
-0
-0
-0
-0
-0
-0
-0
-0
-0
-0
-0
-0
-0
-0
-0
-0
-0
-0
-0
-0
-0
-0
-0
-0
-0
-0
-0
-0
-0
-0
-0
-0
-0
-0
-0
-0
-0
-0
-0
-0
-0
-0
-0
-0
-0
-0
-0
-0
-0
-0
-0
-0
-0
-0
-0
-0
-0
-0
-0
-0
-0
-0
-0
-0
-0
-0
-0
-0
-7.99736e+11
-7.99792e+11
-7.99849e+11
-7.99904e+11
-7.99958e+11
-8e+11
-8e+11
-8e+11
-8e+11
-8e+11
-8e+11
-8e+11
-8e+11
-8e+11
-8e+11
-8e+11
-8e+11
-8e+11
-8e+11
-8e+11
-8e+11
-8e+11
-8e+11
-8e+11
-8e+11
-8e+11
-8e+11
-8e+11
-8e+11
-8e+11
-8e+11
-8e+11
-8e+11
-8e+11
-8e+11
-8e+11
-8e+11
-8e+11
-8e+11
-0
-0
-0
-0
-0
-0
-0
-0
-0
-0
-0
-0
-0
-0
-0
-0
-0
-0
-0
-0
-0
-0
-0
-0
-0
-0
-0
-0
-0
-0
-0
-0
-0
-0
-0
-0
-0
-0
-0
-0
-0
-0
-0
-0
-0
-0
-0
-0
-0
-0
-0
-0
-0
-0
-0
-0
-0
-0
-0
-0
-0
-0
-0
-0
-0
-0
-0
-0
-0
-0
-0
-0
-0
-0
-0
-0
-0
-0
-0
-0
-0
-7.99749e+11
-7.99805e+11
-7.9986e+11
-7.99915e+11
-7.99969e+11
-8e+11
-8e+11
-8e+11
-8e+11
-8e+11
-8e+11
-8e+11
-8e+11
-8e+11
-8e+11
-8e+11
-8e+11
-8e+11
-8e+11
-8e+11
-8e+11
-8e+11
-8e+11
-8e+11
-8e+11
-8e+11
-8e+11
-8e+11
-8e+11
-8e+11
-8e+11
-8e+11
-8e+11
-8e+11
-8e+11
-8e+11
-8e+11
-8e+11
-8e+11
-0
-0
-0
-0
-0
-0
-0
-0
-0
-0
-0
-0
-0
-0
-0
-0
-0
-0
-0
-0
-0
-0
-0
-0
-0
-0
-0
-0
-0
-0
-0
-0
-0
-0
-0
-0
-0
-0
-0
-0
-0
-0
-0
-0
-0
-0
-0
-0
-0
-0
-0
-0
-0
-0
-0
-0
-0
-0
-0
-0
-0
-0
-0
-0
-0
-0
-0
-0
-0
-0
-0
-0
-0
-0
-0
-0
-0
-0
-0
-0
-0
-7.99763e+11
-7.99818e+11
-7.99873e+11
-7.99927e+11
-7.9998e+11
-8e+11
-8e+11
-8e+11
-8e+11
-8e+11
-8e+11
-8e+11
-8e+11
-8e+11
-8e+11
-8e+11
-8e+11
-8e+11
-8e+11
-8e+11
-8e+11
-8e+11
-8e+11
-8e+11
-8e+11
-8e+11
-8e+11
-8e+11
-8e+11
-8e+11
-8e+11
-8e+11
-8e+11
-8e+11
-8e+11
-8e+11
-8e+11
-8e+11
-8e+11
-0
-0
-0
-0
-0
-0
-0
-0
-0
-0
-0
-0
-0
-0
-0
-0
-0
-0
-0
-0
-0
-0
-0
-0
-0
-0
-0
-0
-0
-0
-0
-0
-0
-0
-0
-0
-0
-0
-0
-0
-0
-0
-0
-0
-0
-0
-0
-0
-0
-0
-0
-0
-0
-0
-0
-0
-0
-0
-0
-0
-0
-0
-0
-0
-0
-0
-0
-0
-0
-0
-0
-0
-0
-0
-0
-0
-0
-0
-0
-0
-0
-7.99777e+11
-7.99831e+11
-7.99885e+11
-7.99939e+11
-7.99991e+11
-8e+11
-8e+11
-8e+11
-8e+11
-8e+11
-8e+11
-8e+11
-8e+11
-8e+11
-8e+11
-8e+11
-8e+11
-8e+11
-8e+11
-8e+11
-8e+11
-8e+11
-8e+11
-8e+11
-8e+11
-8e+11
-8e+11
-8e+11
-8e+11
-8e+11
-8e+11
-8e+11
-8e+11
-8e+11
-8e+11
-8e+11
-8e+11
-8e+11
-8e+11
-0
-0
-0
-0
-0
-0
-0
-0
-0
-0
-0
-0
-0
-0
-0
-0
-0
-0
-0
-0
-0
-0
-0
-0
-0
-0
-0
-0
-0
-0
-0
-0
-0
-0
-0
-0
-0
-0
-0
-0
-0
-0
-0
-0
-0
-0
-0
-0
-0
-0
-0
-0
-0
-0
-0
-0
-0
-0
-0
-0
-0
-0
-0
-0
-0
-0
-0
-0
-0
-0
-0
-0
-0
-0
-0
-0
-0
-0
-0
-0
-0
-7.99792e+11
-7.99845e+11
-7.99899e+11
-7.99951e+11
-8e+11
-8e+11
-8e+11
-8e+11
-8e+11
-8e+11
-8e+11
-8e+11
-8e+11
-8e+11
-8e+11
-8e+11
-8e+11
-8e+11
-8e+11
-8e+11
-8e+11
-8e+11
-8e+11
-8e+11
-8e+11
-8e+11
-8e+11
-8e+11
-8e+11
-8e+11
-8e+11
-8e+11
-8e+11
-8e+11
-8e+11
-8e+11
-8e+11
-8e+11
-8e+11
-0
-0
-0
-0
-0
-0
-0
-0
-0
-0
-0
-0
-0
-0
-0
-0
-0
-0
-0
-0
-0
-0
-0
-0
-0
-0
-0
-0
-0
-0
-0
-0
-0
-0
-0
-0
-0
-0
-0
-0
-0
-0
-0
-0
-0
-0
-0
-0
-0
-0
-0
-0
-0
-0
-0
-0
-0
-0
-0
-0
-0
-0
-0
-0
-0
-0
-0
-0
-0
-0
-0
-0
-0
-0
-0
-0
-0
-0
-0
-0
-0
-7.99807e+11
-7.9986e+11
-7.99912e+11
-7.99964e+11
-8e+11
-8e+11
-8e+11
-8e+11
-8e+11
-8e+11
-8e+11
-8e+11
-8e+11
-8e+11
-8e+11
-8e+11
-8e+11
-8e+11
-8e+11
-8e+11
-8e+11
-8e+11
-8e+11
-8e+11
-8e+11
-8e+11
-8e+11
-8e+11
-8e+11
-8e+11
-8e+11
-8e+11
-8e+11
-8e+11
-8e+11
-8e+11
-8e+11
-8e+11
-8e+11
-0
-0
-0
-0
-0
-0
-0
-0
-0
-0
-0
-0
-0
-0
-0
-0
-0
-0
-0
-0
-0
-0
-0
-0
-0
-0
-0
-0
-0
-0
-0
-0
-0
-0
-0
-0
-0
-0
-0
-0
-0
-0
-0
-0
-0
-0
-0
-0
-0
-0
-0
-0
-0
-0
-0
-0
-0
-0
-0
-0
-0
-0
-0
-0
-0
-0
-0
-0
-0
-0
-0
-0
-0
-0
-0
-0
-0
-0
-0
-0
-0
-7.99632e+11
-7.99874e+11
-7.99926e+11
-7.99977e+11
-8e+11
-8e+11
-8e+11
-8e+11
-8e+11
-8e+11
-8e+11
-8e+11
-8e+11
-8e+11
-8e+11
-8e+11
-8e+11
-8e+11
-8e+11
-8e+11
-8e+11
-8e+11
-8e+11
-8e+11
-8e+11
-8e+11
-8e+11
-8e+11
-8e+11
-8e+11
-8e+11
-8e+11
-8e+11
-8e+11
-8e+11
-8e+11
-8e+11
-8e+11
-8e+11
-0
-0
-0
-0
-0
-0
-0
-0
-0
-0
-0
-0
-0
-0
-0
-0
-0
-0
-0
-0
-0
-0
-0
-0
-0
-0
-0
-0
-0
-0
-0
-0
-0
-0
-0
-0
-0
-0
-0
-0
-0
-0
-0
-0
-0
-0
-0
-0
-0
-0
-0
-0
-0
-0
-0
-0
-0
-0
-0
-0
-0
-0
-0
-0
-0
-0
-0
-0
-0
-0
-0
-0
-0
-0
-0
-0
-0
-0
-0
-0
-0
-312113
-7.99889e+11
-7.9994e+11
-7.99991e+11
-8e+11
-8e+11
-8e+11
-8e+11
-8e+11
-8e+11
-8e+11
-8e+11
-8e+11
-8e+11
-8e+11
-8e+11
-8e+11
-8e+11
-8e+11
-8e+11
-8e+11
-8e+11
-8e+11
-8e+11
-8e+11
-8e+11
-8e+11
-8e+11
-8e+11
-8e+11
-8e+11
-8e+11
-8e+11
-8e+11
-8e+11
-8e+11
-8e+11
-8e+11
-8e+11
-0
-0
-0
-0
-0
-0
-0
-0
-0
-0
-0
-0
-0
-0
-0
-0
-0
-0
-0
-0
-0
-0
-0
-0
-0
-0
-0
-0
-0
-0
-0
-0
-0
-0
-0
-0
-0
-0
-0
-0
-0
-0
-0
-0
-0
-0
-0
-0
-0
-0
-0
-0
-0
-0
-0
-0
-0
-0
-0
-0
-0
-0
-0
-0
-0
-0
-0
-0
-0
-0
-0
-0
-0
-0
-0
-0
-0
-0
-0
-0
-0
-0
-7.99904e+11
-7.99954e+11
-8e+11
-8e+11
-8e+11
-8e+11
-8e+11
-8e+11
-8e+11
-8e+11
-8e+11
-8e+11
-8e+11
-8e+11
-8e+11
-8e+11
-8e+11
-8e+11
-8e+11
-8e+11
-8e+11
-8e+11
-8e+11
-8e+11
-8e+11
-8e+11
-8e+11
-8e+11
-8e+11
-8e+11
-8e+11
-8e+11
-8e+11
-8e+11
-8e+11
-8e+11
-8e+11
-8e+11
-0
-0
-0
-0
-0
-0
-0
-0
-0
-0
-0
-0
-0
-0
-0
-0
-0
-0
-0
-0
-0
-0
-0
-0
-0
-0
-0
-0
-0
-0
-0
-0
-0
-0
-0
-0
-0
-0
-0
-0
-0
-0
-0
-0
-0
-0
-0
-0
-0
-0
-0
-0
-0
-0
-0
-0
-0
-0
-0
-0
-0
-0
-0
-0
-0
-0
-0
-0
-0
-0
-0
-0
-0
-0
-0
-0
-0
-0
-0
-0
-0
-0
-7.99919e+11
-7.99969e+11
-8e+11
-8e+11
-8e+11
-8e+11
-8e+11
-8e+11
-8e+11
-8e+11
-8e+11
-8e+11
-8e+11
-8e+11
-8e+11
-8e+11
-8e+11
-8e+11
-8e+11
-8e+11
-8e+11
-8e+11
-8e+11
-8e+11
-8e+11
-8e+11
-8e+11
-8e+11
-8e+11
-8e+11
-8e+11
-8e+11
-8e+11
-8e+11
-8e+11
-8e+11
-8e+11
-8e+11
-0
-0
-0
-0
-0
-0
-0
-0
-0
-0
-0
-0
-0
-0
-0
-0
-0
-0
-0
-0
-0
-0
-0
-0
-0
-0
-0
-0
-0
-0
-0
-0
-0
-0
-0
-0
-0
-0
-0
-0
-0
-0
-0
-0
-0
-0
-0
-0
-0
-0
-0
-0
-0
-0
-0
-0
-0
-0
-0
-0
-0
-0
-0
-0
-0
-0
-0
-0
-0
-0
-0
-0
-0
-0
-0
-0
-0
-0
-0
-0
-0
-0
-7.99934e+11
-7.99985e+11
-8e+11
-8e+11
-8e+11
-8e+11
-8e+11
-8e+11
-8e+11
-8e+11
-8e+11
-8e+11
-8e+11
-8e+11
-8e+11
-8e+11
-8e+11
-8e+11
-8e+11
-8e+11
-8e+11
-8e+11
-8e+11
-8e+11
-8e+11
-8e+11
-8e+11
-8e+11
-8e+11
-8e+11
-8e+11
-8e+11
-8e+11
-8e+11
-8e+11
-8e+11
-8e+11
-8e+11
-0
-0
-0
-0
-0
-0
-0
-0
-0
-0
-0
-0
-0
-0
-0
-0
-0
-0
-0
-0
-0
-0
-0
-0
-0
-0
-0
-0
-0
-0
-0
-0
-0
-0
-0
-0
-0
-0
-0
-0
-0
-0
-0
-0
-0
-0
-0
-0
-0
-0
-0
-0
-0
-0
-0
-0
-0
-0
-0
-0
-0
-0
-0
-0
-0
-0
-0
-0
-0
-0
-0
-0
-0
-0
-0
-0
-0
-0
-0
-0
-0
-0
-7.99888e+11
-8e+11
-8e+11
-8e+11
-8e+11
-8e+11
-8e+11
-8e+11
-8e+11
-8e+11
-8e+11
-8e+11
-8e+11
-8e+11
-8e+11
-8e+11
-8e+11
-8e+11
-8e+11
-8e+11
-8e+11
-8e+11
-8e+11
-8e+11
-8e+11
-8e+11
-8e+11
-8e+11
-8e+11
-8e+11
-8e+11
-8e+11
-8e+11
-8e+11
-8e+11
-8e+11
-8e+11
-8e+11
-0
-0
-0
-0
-0
-0
-0
-0
-0
-0
-0
-0
-0
-0
-0
-0
-0
-0
-0
-0
-0
-0
-0
-0
-0
-0
-0
-0
-0
-0
-0
-0
-0
-0
-0
-0
-0
-0
-0
-0
-0
-0
-0
-0
-0
-0
-0
-0
-0
-0
-0
-0
-0
-0
-0
-0
-0
-0
-0
-0
-0
-0
-0
-0
-0
-0
-0
-0
-0
-0
-0
-0
-0
-0
-0
-0
-0
-0
-0
-0
-0
-0
-371779
-8e+11
-8e+11
-8e+11
-8e+11
-8e+11
-8e+11
-8e+11
-8e+11
-8e+11
-8e+11
-8e+11
-8e+11
-8e+11
-8e+11
-8e+11
-8e+11
-8e+11
-8e+11
-8e+11
-8e+11
-8e+11
-8e+11
-8e+11
-8e+11
-8e+11
-8e+11
-8e+11
-8e+11
-8e+11
-8e+11
-8e+11
-8e+11
-8e+11
-8e+11
-8e+11
-8e+11
-8e+11
-0
-0
-0
-0
-0
-0
-0
-0
-0
-0
-0
-0
-0
-0
-0
-0
-0
-0
-0
-0
-0
-0
-0
-0
-0
-0
-0
-0
-0
-0
-0
-0
-0
-0
-0
-0
-0
-0
-0
-0
-0
-0
-0
-0
-0
-0
-0
-0
-0
-0
-0
-0
-0
-0
-0
-0
-0
-0
-0
-0
-0
-0
-0
-0
-0
-0
-0
-0
-0
-0
-0
-0
-0
-0
-0
-0
-0
-0
-0
-0
-0
-0
-0
-7.9986e+11
-8e+11
-8e+11
-8e+11
-8e+11
-8e+11
-8e+11
-8e+11
-8e+11
-8e+11
-8e+11
-8e+11
-8e+11
-8e+11
-8e+11
-8e+11
-8e+11
-8e+11
-8e+11
-8e+11
-8e+11
-8e+11
-8e+11
-8e+11
-8e+11
-8e+11
-8e+11
-8e+11
-8e+11
-8e+11
-8e+11
-8e+11
-8e+11
-8e+11
-8e+11
-8e+11
-8e+11
-0
-0
-0
-0
-0
-0
-0
-0
-0
-0
-0
-0
-0
-0
-0
-0
-0
-0
-0
-0
-0
-0
-0
-0
-0
-0
-0
-0
-0
-0
-0
-0
-0
-0
-0
-0
-0
-0
-0
-0
-0
-0
-0
-0
-0
-0
-0
-0
-0
-0
-0
-0
-0
-0
-0
-0
-0
-0
-0
-0
-0
-0
-0
-0
-0
-0
-0
-0
-0
-0
-0
-0
-0
-0
-0
-0
-0
-0
-0
-0
-0
-0
-955.699
-5.32507e+07
-7.99969e+11
-8e+11
-8e+11
-8e+11
-8e+11
-8e+11
-8e+11
-8e+11
-8e+11
-8e+11
-8e+11
-8e+11
-8e+11
-8e+11
-8e+11
-8e+11
-8e+11
-8e+11
-8e+11
-8e+11
-8e+11
-8e+11
-8e+11
-8e+11
-8e+11
-8e+11
-8e+11
-8e+11
-8e+11
-8e+11
-8e+11
-8e+11
-8e+11
-8e+11
-8e+11
-8e+11
-0
-0
-0
-0
-0
-0
-0
-0
-0
-0
-0
-0
-0
-0
-0
-0
-0
-0
-0
-0
-0
-0
-0
-0
-0
-0
-0
-0
-0
-0
-0
-0
-0
-0
-0
-0
-0
-0
-0
-0
-0
-0
-0
-0
-0
-0
-0
-0
-0
-0
-0
-0
-0
-0
-0
-0
-0
-0
-0
-0
-0
-0
-0
-0
-0
-0
-0
-0
-0
-0
-0
-0
-0
-0
-0
-0
-0
-0
-0
-0
-0
-0
-0
-0
-1.00905e+06
-4.22769e+08
-8e+11
-8e+11
-8e+11
-8e+11
-8e+11
-8e+11
-8e+11
-8e+11
-8e+11
-8e+11
-8e+11
-8e+11
-8e+11
-8e+11
-8e+11
-8e+11
-8e+11
-8e+11
-8e+11
-8e+11
-8e+11
-8e+11
-8e+11
-8e+11
-8e+11
-8e+11
-8e+11
-8e+11
-8e+11
-8e+11
-8e+11
-8e+11
-8e+11
-8e+11
-0
-0
-0
-0
-0
-0
-0
-0
-0
-0
-0
-0
-0
-0
-0
-0
-0
-0
-0
-0
-0
-0
-0
-0
-0
-0
-0
-0
-0
-0
-0
-0
-0
-0
-0
-0
-0
-0
-0
-0
-0
-0
-0
-0
-0
-0
-0
-0
-0
-0
-0
-0
-0
-0
-0
-0
-0
-0
-0
-0
-0
-0
-0
-0
-0
-0
-0
-0
-0
-0
-0
-0
-0
-0
-0
-0
-0
-0
-0
-0
-0
-0
-0
-0
-1279.01
-154493
-1.69719e+07
-7.99946e+11
-8e+11
-8e+11
-8e+11
-8e+11
-8e+11
-8e+11
-8e+11
-8e+11
-8e+11
-8e+11
-8e+11
-8e+11
-8e+11
-8e+11
-8e+11
-8e+11
-8e+11
-8e+11
-8e+11
-8e+11
-8e+11
-8e+11
-8e+11
-8e+11
-8e+11
-8e+11
-8e+11
-8e+11
-8e+11
-8e+11
-8e+11
-8e+11
-0
-0
-0
-0
-0
-0
-0
-0
-0
-0
-0
-0
-0
-0
-0
-0
-0
-0
-0
-0
-0
-0
-0
-0
-0
-0
-0
-0
-0
-0
-0
-0
-0
-0
-0
-0
-0
-0
-0
-0
-0
-0
-0
-0
-0
-0
-0
-0
-0
-0
-0
-0
-0
-0
-0
-0
-0
-0
-0
-0
-0
-0
-0
-0
-0
-0
-0
-0
-0
-0
-0
-0
-0
-0
-0
-0
-0
-0
-0
-0
-0
-0
-0
-0
-0
-0
-73814.5
-3.06069e+06
-7.99597e+11
-8e+11
-8e+11
-8e+11
-8e+11
-8e+11
-8e+11
-8e+11
-8e+11
-8e+11
-8e+11
-8e+11
-8e+11
-8e+11
-8e+11
-8e+11
-8e+11
-8e+11
-8e+11
-8e+11
-8e+11
-8e+11
-8e+11
-8e+11
-8e+11
-8e+11
-8e+11
-8e+11
-8e+11
-8e+11
-8e+11
-8e+11
-0
-0
-0
-0
-0
-0
-0
-0
-0
-0
-0
-0
-0
-0
-0
-0
-0
-0
-0
-0
-0
-0
-0
-0
-0
-0
-0
-0
-0
-0
-0
-0
-0
-0
-0
-0
-0
-0
-0
-0
-0
-0
-0
-0
-0
-0
-0
-0
-0
-0
-0
-0
-0
-0
-0
-0
-0
-0
-0
-0
-0
-0
-0
-0
-0
-0
-0
-0
-0
-0
-0
-0
-0
-0
-0
-0
-0
-0
-0
-0
-0
-0
-0
-0
-0
-0
-0
-0
-2375.85
-8.84416e+06
-1.52062e+08
-8e+11
-8e+11
-8e+11
-8e+11
-8e+11
-8e+11
-8e+11
-8e+11
-8e+11
-8e+11
-8e+11
-8e+11
-8e+11
-8e+11
-8e+11
-8e+11
-8e+11
-8e+11
-8e+11
-8e+11
-8e+11
-8e+11
-8e+11
-8e+11
-8e+11
-8e+11
-8e+11
-8e+11
-8e+11
-0
-0
-0
-0
-0
-0
-0
-0
-0
-0
-0
-0
-0
-0
-0
-0
-0
-0
-0
-0
-0
-0
-0
-0
-0
-0
-0
-0
-0
-0
-0
-0
-0
-0
-0
-0
-0
-0
-0
-0
-0
-0
-0
-0
-0
-0
-0
-0
-0
-0
-0
-0
-0
-0
-0
-0
-0
-0
-0
-0
-0
-0
-0
-0
-0
-0
-0
-0
-0
-0
-0
-0
-0
-0
-0
-0
-0
-0
-0
-0
-0
-0
-0
-0
-0
-0
-0
-0
-0
-0
-0
-0
-0
-0
-0
-0
-0
-0
-0
-0
-0
-0
-0
-0
-0
-0
-0
-0
-0
-0
-0
-0
-0
-0
-0
-0
-0
-0
-0
-0
-0
-0
-0
-0
-0
-0
-0
-0
-0
-0
-0
-0
-0
-0
-0
-0
-0
-0
-0
-0
-0
-0
-0
-0
-0
-0
-0
-0
-0
-0
-0
-0
-0
-0
-0
-0
-0
-0
-0
-0
-0
-0
-0
-0
-0
-0
-0
-0
-0
-0
-0
-0
-0
-0
-0
-0
-0
-0
-0
-0
-0
-0
-0
-0
-0
-0
-0
-0
-0
-0
-0
-0
-0
-0
-0
-0
-0
-0
-0
-0
-0
-0
-0
-0
-0
-0
-0
-0
-0
-0
-0
-0
-0
-0
-0
-0
-0
-0
-0
-0
-0
-0
-0
-0
-0
-0
-0
-0
-0
-0
-0
-0
-0
-0
-0
-0
-0
-0
-0
-0
-0
-0
-0
-0
-0
-0
-0
-0
-0
-0
-0
-0
-0
-0
-0
-0
-0
-0
-0
-0
-0
-0
-0
-0
-0
-0
-0
-0
-0
-0
-0
-0
-0
-0
-0
-0
-0
-0
-0
-0
-0
-0
-0
-0
-0
-0
-0
-0
-0
-0
-0
-0
-0
-0
-0
-0
-0
-0
-0
-0
-0
-0
-0
-0
-0
-0
-0
-0
-0
-0
-0
-0
-0
-0
-0
-0
-0
-0
-0
-0
-0
-0
-0
-0
-0
-0
-0
-0
-0
-0
-0
-0
-0
-0
-0
-0
-0
-0
-0
-0
-0
-0
-0
-0
-0
-0
-0
-0
-0
-0
-0
-0
-0
-0
-0
-0
-0
-0
-0
-0
-0
-0
-0
-0
-0
-0
-0
-0
-0
-0
-0
-0
-0
-0
-0
-0
-0
-0
-0
-0
-0
-0
-0
-0
-0
-0
-0
-0
-0
-0
-0
-0
-0
-0
-0
-0
-0
-0
-0
-0
-0
-0
-0
-0
-0
-0
-0
-0
-0
-0
-0
-0
-0
-0
-0
-0
-0
-0
-0
-0
-0
-0
-0
-0
-0
-0
-0
-0
-0
-0
-0
-0
-0
-0
-0
-0
-0
-0
-0
-0
-0
-0
-0
-0
-0
-0
-0
-0
-0
-0
-0
-0
-0
-0
-0
-0
-0
-0
-0
-0
-0
-0
-0
-0
-0
-0
-0
-0
-0
-0
-0
-0
-0
-0
-0
-0
-0
-0
-0
-0
-0
-0
-0
-0
-0
-0
-0
-0
-0
-0
-0
-0
-0
-0
-0
-0
-0
-0
-0
-0
-0
-0
-0
-0
-0
-0
-0
-0
-0
-0
-0
-0
-0
-0
-0
-0
-0
-0
-0
-0
-0
-0
-0
-0
-0
-0
-0
-0
-0
-0
-0
-0
-0
-0
-0
-0
-0
-0
-0
-0
-0
-0
-0
-0
-0
-0
-0
-0
-0
-0
-0
-0
-0
-0
-0
-0
-0
-0
-0
-0
-0
-0
-0
-0
-0
-0
-0
-0
-0
-0
-0
-0
-0
-0
-0
-0
-0
-0
-0
-0
-0
-0
-0
-0
-0
-0
-0
-0
-0
-0
-0
-0
-0
-0
-0
-0
-0
-0
-0
-0
-0
-0
-0
-0
-0
-0
-0
-0
-0
-0
-0
-0
-0
-0
-0
-0
-0
-0
-0
-0
-0
-0
-0
-0
-0
-0
-0
-0
-0
-0
-0
-0
-0
-0
-0
-0
-0
-0
-0
-0
-0
-0
-0
-0
-0
-0
-0
-0
-0
-0
-0
-0
-0
-0
-0
-0
-0
-0
-0
-0
-0
-0
-0
-0
-0
-0
-0
-0
-0
-0
-0
-0
-0
-0
-0
-0
-0
-0
-0
-0
-0
-0
-0
-0
-0
-0
-0
-0
-0
-0
-0
-0
-0
-0
-0
-0
-0
-0
-0
-0
-0
-0
-0
-0
-0
-0
-0
-0
-0
-0
-0
-0
-0
-0
-0
-0
-0
-0
-0
-0
-0
-0
-0
-0
-0
-0
-0
-0
-0
-0
-0
-0
-0
-0
-0
-0
-0
-0
-0
-0
-0
-0
-0
-0
-0
-0
-0
-0
-0
-0
-0
-0
-0
-0
-0
-0
-0
-0
-0
-0
-0
-0
-0
-0
-0
-0
-0
-0
-0
-0
-0
-0
-0
-0
-0
-0
-0
-0
-0
-0
-0
-0
-0
-0
-0
-0
-0
-0
-0
-0
-0
-0
-0
-0
-0
-0
-0
-0
-0
-0
-0
-0
-0
-0
-0
-0
-0
-0
-0
-0
-0
-0
-0
-0
-0
-0
-0
-0
-0
-0
-0
-0
-0
-0
-0
-0
-0
-0
-0
-0
-0
-0
-0
-0
-0
-0
-0
-0
-0
-0
-0
-0
-0
-0
-0
-0
-0
-0
-0
-0
-0
-0
-0
-0
-0
-0
-0
-0
-0
-0
-0
-0
-0
-0
-0
-0
-0
-0
-0
-0
-0
-0
-0
-0
-0
-0
-0
-0
-0
-0
-0
-0
-0
-0
-0
-0
-0
-0
-0
-0
-0
-0
-0
-0
-0
-0
-0
-0
-0
-0
-0
-0
-0
-0
-0
-0
-0
-0
-0
-0
-0
-0
-0
-0
-0
-0
-0
-0
-0
-0
-0
-0
-0
-0
-0
-0
-0
-0
-0
-0
-0
-0
-0
-0
-0
-0
-0
-0
-0
-0
-0
-0
-0
-0
-0
-0
-0
-0
-0
-0
-0
-0
-0
-0
-0
-0
-0
-0
-0
-0
)
;

boundaryField
{
    hot
    {
        type            calculated;
        value           uniform -0;
    }
    hotTop
    {
        type            calculated;
        value           uniform -0;
    }
    cold
    {
        type            calculated;
        value           uniform -8e+11;
    }
    coldTop
    {
        type            calculated;
        value           nonuniform List<scalar> 8(-4.29056e-11 -0 -0 -0 -0 -0 -0 -0);
    }
    top
    {
        type            calculated;
        value           uniform -0;
    }
    btm
    {
        type            calculated;
        value           nonuniform List<scalar> 
120
(
-0
-0
-0
-0
-0
-0
-0
-0
-0
-0
-0
-0
-0
-0
-0
-0
-0
-0
-0
-0
-0
-0
-0
-0
-0
-0
-0
-0
-0
-0
-0
-0
-0
-0
-0
-0
-0
-0
-0
-0
-0
-0
-0
-0
-0
-0
-0
-0
-0
-0
-0
-0
-0
-0
-0
-0
-0
-0
-0
-0
-0
-0
-0
-0
-0
-0
-0
-0
-0
-0
-0
-0
-0
-0
-0
-0
-0
-0
-0
-0
-0
-7.99632e+11
-7.99696e+11
-7.9976e+11
-7.99821e+11
-7.99882e+11
-7.99941e+11
-7.99999e+11
-8e+11
-8e+11
-8e+11
-8e+11
-8e+11
-8e+11
-8e+11
-8e+11
-8e+11
-8e+11
-8e+11
-8e+11
-8e+11
-8e+11
-8e+11
-8e+11
-8e+11
-8e+11
-8e+11
-8e+11
-8e+11
-8e+11
-8e+11
-8e+11
-8e+11
-8e+11
-8e+11
-8e+11
-8e+11
-8e+11
-8e+11
-8e+11
)
;
    }
    frontAndBack
    {
        type            empty;
    }
}


// ************************************************************************* //
