/*--------------------------------*- C++ -*----------------------------------*\
  =========                 |
  \\      /  F ield         | OpenFOAM: The Open Source CFD Toolbox
   \\    /   O peration     | Website:  https://openfoam.org
    \\  /    A nd           | Version:  6
     \\/     M anipulation  |
\*---------------------------------------------------------------------------*/
FoamFile
{
    version     2.0;
    format      ascii;
    class       volScalarField;
    location    "9700";
    object      rho;
}
// * * * * * * * * * * * * * * * * * * * * * * * * * * * * * * * * * * * * * //

dimensions      [1 -3 0 0 0 0 0];

internalField   nonuniform List<scalar> 
4800
(
9780
9780
9780
9780
9780
9780
9780
9780
9780
9780
9780
9780
9780
9780
9780
9780
9780
9780
9780
9780
9780
9780
9780
9780
9780
9780
9780
9780
9780
9780
9780
9780
9780
9780
9780
9780
9780
9780
9780
9780
9780
9780
9780
9780
9780
9780
9780
9780
9780
9780
9780
9780
9780
9780
9780
9780
9780
9780
9780
9780
9780
9780
9780
9780
9780
9780
9780
9780
9780
9780
9780
9780
9780
9780
9780
9780
9780
9780
9780
9780
9780
9780
9780
9780
9780
9780
9780
9780
9780
9780
9780
9780
9780
9780
9780
9780
9780
9780
9780
9780
9780
9780
9780
9780
9780
9780
9780
9780
9780
9780
9780
9780
9780
9780
9780
9780
9780
9780
9780
9780
9780
9780
9780
9780
9780
9780
9780
9780
9780
9780
9780
9780
9780
9780
9780
9780
9780
9780
9780
9780
9780
9780
9780
9780
9780
9780
9780
9780
9780
9780
9780
9780
9780
9780
9780
9780
9780
9780
9780
9780
9780
9780
9780
9780
9780
9780
9780
9780
9780
9780
9780
9780
9780
9780
9780
9780
9780
9780
9780
9780
9780
9780
9780
9780
9780
9780
9780
9780
9780
9780
9780
9780
9780
9780
9780
9780
9780
9780
9780
9780
9780
9780
9780
9780
9780
9780
9780
9780
9780
9780
9780
9780
9780
9780
9780
9780
9780
9780
9780
9780
9780
9780
9780
9780
9780
9780
9780
9780
9780
9780
9780
9780
9780
9780
9780
9780
9780
9780
9780
9780
9780
9780
9780
9780
9780
9780
9780
9780
9780
9780
9780
9780
9780
9780
9780
9780
9780
9780
9780
9780
9780
9780
9780
9780
9780
9780
9780
9780
9780
9780
9780
9780
9780
9780
9780
9780
9780
9780
9780
9780
9780
9780
9780
9780
9780
9780
9780
9780
9780
9780
9780
9780
9780
9780
9780
9780
9780
9780
9780
9780
9780
9780
9780
9780
9780
9780
9780
9780
9780
9780
9780
9780
9780
9780
9780
9780
9780
9780
9780
9780
9780
9780
9780
9780
9780
9780
9780
9780
9780
9780
9780
9780
9780
9780
9780
9780
9780
9780
9780
9780
9780
9780
9780
9780
9780
9780
9780
9780
9780
9780
9780
9780
9780
9780
9780
9780
9780
9780
9780
9780
9780
9780
9780
9780
9780
9780
9780
9780
9780
9780
9780
9780
9780
9780
9780
9780
9780
9780
9780
9780
9780
9780
9780
9780
9780
9780
9780
9780
9780
9780
9780
9780
9780
9780
9780
9780
9780
9780
9780
9780
9780
9780
9780
9780
9780
9780
9780
9780
9780
9780
9780
9780
9780
9780
9780
9780
9780
9780
9780
9780
9780
9780
9780
9780
9780
9780
9780
9780
9780
9780
9780
9780
9780
9780
9780
9780
9780
9780
9780
9780
9780
9780
9780
9780
9780
9780
9780
9780
9780
9780
9780
9780
9780
9780
9780
9780
9780
9780
9780
9780
9780
9780
9780
9780
9780
9780
9780
9780
9780
9780
9780
9780
9780
9780
9780
9780
9780
9780
9780
9780
9780
9780
9780
9780
9780
9780
9780
9780
9780
9780
9780
9780
9780
9780
9780
9780
9780
9780
9780
9780
9780
9780
9780
9780
9780
9780
9780
9780
9780
9780
9780
9780
9780
9780
9780
9780
9780
9780
9780
9780
9780
9780
9780
9780
9780
9780
9780
9780
9780
9780
9780
9780
9780
9780
9780
9780
9780
9780
9780
9780
9780
9780
9780
9780
9780
9780
9780
9780
9780
9780
9780
9780
9780
9780
9780
9780
9780
9780
9780
9780
9780
9780
9780
9780
9780
9780
9780
9780
9780
9780
9780
9780
9780
9780
9780
9780
9780
9780
9780
9780
9780
9780
9780
9780
9780
9780
9780
9780
9780
9780
9780
9780
9780
9780
9780
9780
9780
9780
9780
9780
9780
9780
9780
9780
9780
9780
9780
9780
9780
9780
9780
9780
9780
9780
9780
9780
9780
9780
9780
9780
9780
9780
9780
9780
9780
9780
9780
9780
9780
9780
9780
9780
9780
9780
9780
9780
9780
9780
9780
9780
9780
9780
9780
9780
9780
9780
9780
9780
9780
9780
9780
9780
9780
9780
9780
9780
9780
9780
9780
9780
9780
9780
9780
9780
9780
9780
9780
9780
9780
9780
9780
9780
9780
9780
9780
9780
9780
9780
9780
9780
9780
9780
9780
9780
9780
9780
9780
9780
9780
9780
9780
9780
9780
9780
9780
9780
9780
9780
9780
9780
9780
9780
9780
9780
9780
9780
9780
9780
9780
9780
9780
9780
9780
9780
9780
9780
9780
9780
9780
9780
9780
9780
9780
9780
9780
9780
9780
9780
9780
9780
9780
9780
9780
9780
9780
9780
9780
9780
9780
9780
9780
9780
9780
9780
9780
9780
9780
9780
9780
9780
9780
9780
9780
9780
9780
9780
9780
9780
9780
9780
9780
9780
9780
9780
9780
9780
9780
9780
9780
9780
9780
9780
9780
9780
9780
9780
9780
9780
9780
9780
9780
9780
9780
9780
9780
9780
9780
9780
9780
9780
9780
9780
9780
9780
9780
9780
9780
9780
9780
9780
9780
9780
9780
9780
9780
9780
9780
9780
9780
9780
9780
9780
9780
9780
9780
9780
9780
9780
9780
9780
9780
9780
9780
9780
9780
9780
9780
9780
9780
9780
9780
9780
9780
9780
9780
9780
9780
9780
9780
9780
9780
9780
9780
9780
9780
9780
9780
9780
9780
9780
9780
9780
9780
9780
9780
9780
9780
9780
9780
9780
9780
9780
9780
9780
9780
9780
9780
9780
9780
9780
9780
9780
9780
9780
9780
9780
9780
9780
9780
9780
9780
9780
9780
9780
9780
9780
9780
9780
9780
9780
9780
9780
9780
9780
9780
9780
9780
9780
9780
9780
9780
9780
9780
9780
9780
9780
9780
9780
9780
9780
9780
9780
9780
9780
9780
9780
9780
9780
9780
9780
9780
9780
9780
9780
9780
9780
9780
9780
9780
9780
9780
9780
9780
9780
9780
9780
9780
9780
9780
9780
9780
9780
9780
9780
9780
9780
9780
9780
9780
9780
9780
9780
9780
9780
9780
9780
9780
9780
9780
9780
9780
9780
9780
9780
9780
9780
9780
9780
9780
9780
9780
9780
9780
9780
9780
9780
9780
9780
9780
9780
9780
9780
9780
9780
9780
9780
9780
9780
9780
9780
9780
9780
9780
9780
9780
9780
9780
9780
9780
9780
9780
9780
9780
9780
9780
9780
9780
9780
9780
9780
9780
9780
9780
9780
9780
9780
9780
9780
9780
9780
9780
9780
9780
9780
9780
9780
9780
9780
9780
9780
9780
9780
9780
9780
9780
9780
9780
9780
9780
9780
9780
9780
9780
9780
9780
9780
9780
9780
9780
9780
9780
9780
9780
9780
9780
9780
9780
9780
9780
9780
9780
9780
9780
9780
9780
9780
9780
9780
9780
9780
9780
9780
9780
9780
9780
9780
9780
9780
9780
9780
9780
9780
9780
9780
9780
9780
9780
9780
9780
9780
9780
9780
9780
9780
9780
9780
9780
9780
9780
9780
9780
9780
9780
9780
9780
9780
9780
9780
9780
9780
9780
9780
9780
9780
9780
9780
9780
9780
9780
9780
9780
9780
9780
9780
9780
9780
9780
9780
9780
9780
9780
9780
9780
9780
9780
9780
9780
9780
9780
9780
9780
9780
9780
9780
9780
9780
9780
9780
9780
9780
9780
9780
9780
9780
9780
9780
9780
9780
9780
9780
9780
9780
9780
9780
9780
9780
9780
9780
9780
9780
9780
9780
9780
9780
9780
9780
9780
9780
9780
9780
9780
9780
9780
9780
9780
9780
9780
9780
9780
9780
9780
9780
9780
9780
9780
9780
9780
9780
9780
9780
9780
9780
9780
9780
9780
9780
9780
9780
9780
9780
9780
9780
9780
9780
9780
9780
9780
9780
9780
9780
9780
9780
9780
9780
9780
9780
9780
9780
9780
9780
9780
9780
9780
9780
9780
9780
9780
9780
9780
9780
9780
9780
9780
9780
9780
9780
9780
9780
9780
9780
9780
9780
9780
9780
9780
9780
9780
9780
9780
9780
9780
9780
9780
9780
9780
9780
9780
9780
9780
9780
9780
9780
9780
9780
9780
9780
9780
9780
9780
9780
9780
9780
9780
9780
9780
9780
9780
9780
9780
9780
9780
9780
9780
9780
9780
9780
9780
9780
9780
9780
9780
9780
9780
9780
9780
9780
9780
9780
9780
9780
9780
9780
9780
9780
9780
9780
9780
9780
9780
9780
9780
9780
9780
9780
9780
9780
9780
9780
9780
9780
9780
9780
9780
9780
9780
9780
9780
9780
9780
9780
9780
9780
9780
9780
9780
9780
9780
9780
9780
9780
9780
9780
9780
9780
9780
9780
9780
9780
9780
9780
9780
9780
9780
9780
9780
9780
9780
9780
9780
9780
9780
9780
9780
9780
9780
9780
9780
9780
9780
9780
9780
9780
9780
9780
9780
9780
9780
9780
9780
9780
9780
9780
9780
9780
9780
9780
9780
9780
9780
9780
9780
9780
9780
9780
9780
9780
9780
9780
9780
9780
9780
9780
9780
9780
9780
9780
9780
9780
9780
9780
9780
9780
9780
9780
9780
9780
9780
9780
9780
9780
9780
9780
9780
9780
9780
9780
9780
9780
9780
9780
9780
9780
9780
9780
9780
9780
9780
9780
9780
9780
9780
9780
9780
9780
9780
9780
9780
9780
9780
9780
9780
9780
9780
9780
9780
9780
9780
9780
9780
9780
9780
9780
9780
9780
9780
9780
9780
9780
9780
9780
9780
9780
9780
9780
9780
9780
9780
9780
9780
9780
9780
9780
9780
9780
9780
9780
9780
9780
9780
9780
9780
9780
9780
9780
9780
9780
9780
9780
9780
9780
9780
9780
9780
9780
9780
9780
9780
9780
9780
9780
9780
9780
9780
9780
9780
9780
9780
9780
9780
9780
9780
9780
9780
9780
9780
9780
9780
9780
9780
9780
9780
9780
9780
9780
9780
9780
9780
9780
9780
9780
9780
9780
9780
9780
9780
9780
9780
9780
9780
9780
9780
9780
9780
9780
9780
9780
9780
9780
9780
9780
9780
9780
9780
9780
9780
9780
9780
9780
9780
9780
9780
9780
9780
9780
9780
9780
9780
9780
9780
9780
9780
9780
9780
9780
9780
9780
9780
9780
9780
9780
9780
9780
9780
9780
9780
9780
9780
9780
9780
9780
9780
9780
9780
9780
9780
9780
9780
9780
9780
9780
9780
9780
9780
9780
9780
9780
9780
9780
9780
9780
9780
9780
9780
9780
9780
9780
9780
9780
9780
9780
9780
9780
9780
9780
9780
9780
9780
9780
9780
9780
9780
9780
9780
9780
9780
9780
9780
9780
9780
9780
9780
9780
9780
9780
9780
9780
9780
9780
9780
9780
9780
9780
9780
9780
9780
9780
9780
9780
9780
9780
9780
9780
9780
9780
9780
9780
9780
9780
9780
9780
9780
9780
9780
9780
9780
9780
9780
9780
9780
9780
9780
9780
9780
9780
9780
9780
9780
9780
9780
9780
9780
9780
9780
9780
9780
9780
9780
9780
9780
9780
9780
9780
9780
9780
9780
9780
9780
9780
9780
9780
9780
9780
9780
9780
9780
9780
9780
9780
9780
9780
9780
9780
9780
9780
9780
9780
9780
9780
9780
9780
9780
9780
9780
9780
9780
9780
9780
9780
9780
9780
9780
9780
9780
9780
9780
9780
9780
9780
9780
9780
9780
9780
9780
9780
9780
9780
9780
9780
9780
9780
9780
9780
9780
9780
9780
9780
9780
9780
9780
9780
9780
9780
9780
9780
9780
9780
9780
9780
9780
9780
9780
9780
9780
9780
9780
9780
9780
9780
9780
9780
9780
9780
9780
9780
9780
9780
9780
9780
9780
9780
9780
9780
9780
9780
9780
9780
9780
9780
9780
9780
9780
9780
9780
9780
9780
9780
9780
9780
9780
9780
9780
9780
9780
9780
9780
9780
9780
9780
9780
9780
9780
9780
9780
9780
9780
9780
9780
9780
9780
9780
9780
9780
9780
9780
9780
9780
9780
9780
9780
9780
9780
9780
9780
9780
9780
9780
9780
9780
9780
9780
9780
9780
9780
9780
9780
9780
9780
9780
9780
9780
9780
9780
9780
9780
9780
9780
9780
9780
9780
9780
9780
9780
9780
9780
9780
9780
9780
9780
9780
9780
9780
9780
9780
9780
9780
9780
9780
9780
9780
9780
9780
9780
9780
9780
9780
9780
9780
9780
9780
9780
9780
9780
9780
9780
9780
9780
9780
9780
9780
9780
9780
9780
9780
9780
9780
9780
9780
9780
9780
9780
9780
9780
9780
9780
9780
9780
9780
9780
9780
9780
9780
9780
9780
9780
9780
9780
9780
9780
9780
9780
9780
9780
9780
9780
9780
9780
9780
9780
9780
9780
9780
9780
9780
9780
9780
9780
9780
9780
9780
9780
9780
9780
9780
9780
9780
9780
9780
9780
9780
9780
9780
9780
9780
9780
9780
9780
9780
9780
9780
9780
9780
9780
9780
9780
9780
9780
9780
9780
9780
9780
9780
9780
9780
9780
9780
9780
9780
9780
9780
9780
9780
9780
9780
9780
9780
9780
9780
9780
9780
9780
9780
9780
9780
9780
9780
9780
9780
9780
9780
9780
9780
9780
9780
9780
9780
9780
9780
9780
9780
9780
9780
9780
9780
9780
9780
9780
9780
9780
9780
9780
9780
9780
9780
9780
9780
9780
9780
9780
9780
9780
9780
9780
9780
9780
9780
9780
9780
9780
9780
9780
9780
9780
9780
9780
9780
9780
9780
9780
9780
9780
9780
9780
9780
9780
9780
9780
9780
9780
9780
9780
9780
9780
9780
9780
9780
9780
9780
9780
9780
9780
9780
9780
9780
9780
9780
9780
9780
9780
9780
9780
9780
9780
9780
9780
9780
9780
9780
9780
9780
9780
9780
9780
9780
9780
9780
9780
9780
9780
9780
9780
9780
9780
9780
9780
9780
9780
9780
9780
9780
9780
9780
9780
9780
9780
9780
9780
9780
9780
9780
9780
9780
9780
9780
9780
9780
9780
9780
9780
9780
9780
9780
9780
9780
9780
9780
9780
9780
9780
9780
9780
9780
9780
9780
9780
9780
9780
9780
9780
9780
9780
9780
9780
9780
9780
9780
9780
9780
9780
9780
9780
9780
9780
9780
9780
9780
9780
9780
9780
9780
9780
9780
9780
9780
9780
9780
9780
9780
9780
9780
9780
9780
9780
9780
9780
9780
9780
9780
9780
9780
9780
9780
9780
9780
9780
9780
9780
9780
9780
9780
9780
9780
9780
9780
9780
9780
9780
9780
9780
9780
9780
9780
9780
9780
9780
9780
9780
9780
9780
9780
9780
9780
9780
9780
9780
9780
9780
9780
9780
9780
9780
9780
9780
9780
9780
9780
9780
9780
9780
9780
9780
9780
9780
9780
9780
9780
9780
9780
9780
9780
9780
9780
9780
9780
9780
9780
9780
9780
9780
9780
9780
9780
9780
9780
9780
9780
9780
9780
9780
9780
9780
9780
9780
9780
9780
9780
9780
9780
9780
9780
9780
9780
9780
9780
9780
9780
9780
9780
9780
9780
9780
9780
9780
9780
9780
9780
9780
9780
9780
9780
9780
9780
9780
9780
9780
9780
9780
9780
9780
9780
9780
9780
9780
9780
9780
9780
9780
9780
9780
9780
9780
9780
9780
9780
9780
9780
9780
9780
9780
9780
9780
9780
9780
9780
9780
9780
9780
9780
9780
9780
9780
9780
9780
9780
9780
9780
9780
9780
9780
9780
9780
9780
9780
9780
9780
9780
9780
9780
9780
9780
9780
9780
9780
9780
9780
9780
9780
9780
9780
9780
9780
9780
9780
9780
9780
9780
9780
9780
9780
9780
9780
9780
9780
9780
9780
9780
9780
9780
9780
9780
9780
9780
9780
9780
9780
9780
9780
9780
9780
9780
9780
9780
9780
9780
9780
9780
9780
9780
9780
9780
9780
9780
9780
9780
9780
9780
9780
9780
9780
9780
9780
9780
9780
9780
9780
9780
9780
9780
9780
9780
9780
9780
9780
9780
9780
9780
9780
9780
9780
9780
9780
9780
9780
9780
9780
9780
9780
9780
9780
9780
9780
9780
9780
9780
9780
9780
9780
9780
9780
9780
9780
9780
9780
9780
9780
9780
9780
9780
9780
9780
9780
9780
9780
9780
9780
9780
9780
9780
9780
9780
9780
9780
9780
9780
9780
9780
9780
9780
9780
9780
9780
9780
9780
9780
9780
9780
9780
9780
9780
9780
9780
9780
9780
9780
9780
9780
9780
9780
9780
9780
9780
9780
9780
9780
9780
9780
9780
9780
9780
9780
9780
9780
9780
9780
9780
9780
9780
9780
9780
9780
9780
9780
9780
9780
9780
9780
9780
9780
9780
9780
9780
9780
9780
9780
9780
9780
9780
9780
9780
9780
9780
9780
9780
9780
9780
9780
9780
9780
9780
9780
9780
9780
9780
9780
9780
9780
9780
9780
9780
9780
9780
9780
9780
9780
9780
9780
9780
9780
9780
9780
9780
9780
9780
9780
9780
9780
9780
9780
9780
9780
9780
9780
9780
9780
9780
9780
9780
9780
9780
9780
9780
9780
9780
9780
9780
9780
9780
9780
9780
9780
9780
9780
9780
9780
9780
9780
9780
9780
9780
9780
9780
9780
9780
9780
9780
9780
9780
9780
9780
9780
9780
9780
9780
9780
9780
9780
9780
9780
9780
9780
9780
9780
9780
9780
9780
9780
9780
9780
9780
9780
9780
9780
9780
9780
9780
9780
9780
9780
9780
9780
9780
9780
9780
9780
9780
9780
9780
9780
9780
9780
9780
9780
9780
9780
9780
9780
9780
9780
9780
9780
9780
9780
9780
9780
9780
9780
9780
9780
9780
9780
9780
9780
9780
9780
9780
9780
9780
9780
9780
9780
9780
9780
9780
9780
9780
9780
9780
9780
9780
9780
9780
9780
9780
9780
9780
9780
9780
9780
9780
9780
9780
9780
9780
9780
9780
9780
9780
9780
9780
9780
9780
9780
9780
9780
9780
9780
9780
9780
9780
9780
9780
9780
9780
9780
9780
9780
9780
9780
9780
9780
9780
9780
9780
9780
9780
9780
9780
9780
9780
9780
9780
9780
9780
9780
9780
9780
9780
9780
9780
9780
9780
9780
9780
9780
9780
9780
9780
9780
9780
9780
9780
9780
9780
9780
9780
9780
9780
9780
9780
9780
9780
9780
9780
9780
9780
9780
9780
9780
9780
9780
9780
9780
9780
9780
9780
9780
9780
9780
9780
9780
9780
9780
9780
9780
9780
9780
9780
9780
9780
9780
9780
9780
9780
9780
9780
9780
9780
9780
9780
9780
9780
9780
9780
9780
9780
9780
9780
9780
9780
9780
9780
9780
9780
9780
9780
9780
9780
9780
9780
9780
9780
9780
9780
9780
9780
9780
9780
9780
9780
9780
9780
9780
9780
9780
9780
9780
9780
9780
9780
9780
9780
9780
9780
9780
9780
9780
9780
9780
9780
9780
9780
9780
9780
9780
9780
9780
9780
9780
9780
9780
9780
9780
9780
9780
9780
9780
9780
9780
9780
9780
9780
9780
9780
9780
9780
9780
9780
9780
9780
9780
9780
9780
9780
9780
9780
9780
9780
9780
9780
9780
9780
9780
9780
9780
9780
9780
9780
9780
9780
9780
9780
9780
9780
9780
9780
9780
9780
9780
9780
9780
9780
9780
9780
9780
9780
9780
9780
9780
9780
9780
9780
9780
9780
9780
9780
9780
9780
9780
9780
9780
9780
9780
9780
9780
9780
9780
9780
9780
9780
9780
9780
9780
9780
9780
9780
9780
9780
9780
9780
9780
9780
9780
9780
9780
9780
9780
9780
9780
9780
9780
9780
9780
9780
9780
9780
9780
9780
9780
9780
9780
9780
9780
9780
9780
9780
9780
9780
9780
9780
9780
9780
9780
9780
9780
9780
9780
9780
9780
9780
9780
9780
9780
9780
9780
9780
9780
9780
9780
9780
9780
9780
9780
9780
9780
9780
9780
9780
9780
9780
9780
9780
9780
9780
9780
9780
9780
9780
9780
9780
9780
9780
9780
9780
9780
9780
9780
9780
9780
9780
9780
9780
9780
9780
9780
9780
9780
9780
9780
9780
9780
9780
9780
9780
9780
9780
9780
9780
9780
9780
9780
9780
9780
9780
9780
9780
9780
9780
9780
9780
9780
9780
9780
9780
9780
9780
9780
9780
9780
9780
9780
9780
9780
9780
9780
9780
9780
9780
9780
9780
9780
9780
9780
9780
9780
9780
9780
9780
9780
9780
9780
9780
9780
9780
9780
9780
9780
9780
9780
9780
9780
9780
9780
9780
9780
9780
9780
9780
9780
9780
9780
9780
9780
9780
9780
9780
9780
9780
9780
9780
9780
9780
9780
9780
9780
9780
9780
9780
9780
9780
9780
9780
9780
9780
9780
9780
9780
9780
9780
9780
9780
9780
9780
9780
9780
9780
9780
9780
9780
9780
9780
9780
9780
9780
9780
9780
9780
9780
9780
9780
9780
9780
9780
9780
9780
9780
9780
9780
9780
9780
9780
9780
9780
9780
9780
9780
9780
9780
9780
9780
9780
9780
9780
9780
9780
9780
9780
9780
9780
9780
9780
9780
9780
9780
9780
9780
9780
9780
9780
9780
9780
9780
9780
9780
9780
9780
9780
9780
9780
9780
9780
9780
9780
9780
9780
9780
9780
9780
9780
9780
9780
9780
9780
9780
9780
9780
9780
9780
9780
9780
9780
9780
9780
9780
9780
9780
9780
9780
9780
9780
9780
9780
9780
9780
9780
9780
9780
9780
9780
9780
9780
9780
9780
9780
9780
9780
9780
9780
9780
9780
9780
9780
9780
9780
9780
9780
9780
9780
9780
9780
9780
9780
9780
9780
9780
9780
9780
9780
9780
9780
9780
9780
9780
9780
9780
9780
9780
9780
9780
9780
9780
9780
9780
9780
9780
9780
9780
9780
9780
9780
9780
9780
9780
9780
9780
9780
9780
9780
9780
9780
9780
9780
9780
9780
9780
9780
9780
9780
9780
9780
9780
9780
9780
9780
9780
9780
9780
9780
9780
9780
9780
9780
9780
9780
9780
9780
9780
9780
9780
9780
9780
9780
9780
9780
9780
9780
9780
9780
9780
9780
9780
9780
9780
9780
9780
9780
9780
9780
9780
9780
9780
9780
9780
9780
9780
9780
9780
9780
9780
9780
9780
9780
9780
9780
9780
9780
9780
9780
9780
9780
9780
9780
9780
9780
9780
9780
9780
9780
9780
9780
9780
9780
9780
9780
9780
9780
9780
9780
9780
9780
9780
9780
9780
9780
9780
9780
9780
9780
9780
9780
9780
9780
9780
9780
9780
9780
9780
9780
9780
9780
9780
9780
9780
9780
9780
9780
9780
9780
9780
9780
9780
9780
9780
9780
9780
9780
9780
9780
9780
9780
9780
9780
9780
9780
9780
9780
9780
9780
9780
9780
9780
9780
9780
9780
9780
9780
9780
9780
9780
9780
9780
9780
9780
9780
9780
9780
9780
9780
9780
9780
9780
9780
9780
9780
9780
9780
9780
9780
9780
9780
9780
9780
9780
9780
9780
9780
9780
9780
9780
9780
9780
9780
9780
9780
9780
9780
9780
9780
9780
9780
9780
9780
9780
9780
9780
9780
9780
9780
9780
9780
9780
9780
9780
9780
9780
9780
9780
9780
9780
9780
9780
9780
9780
9780
9780
9780
9780
9780
9780
9780
9780
9780
9780
9780
9780
9780
9780
9780
9780
9780
9780
9780
9780
9780
9780
9780
9780
9780
9780
9780
9780
9780
9780
9780
9780
9780
9780
9780
9780
9780
9780
9780
9780
9780
9780
9780
9780
9780
9780
9780
9780
9780
9780
9780
9780
9780
9780
9780
9780
9780
9780
9780
9780
9780
9780
9780
9780
9780
9780
9780
9780
9780
9780
9780
9780
9780
9780
9780
9780
9780
9780
9780
9780
9780
9780
9780
9780
9780
9780
9780
9780
9780
9780
9780
9780
9780
9780
9780
9780
9780
9780
9780
9780
9780
9780
9780
9780
9780
9780
9780
9780
9780
9780
9780
9780
9780
9780
9780
9780
9780
9780
9780
9780
9780
9780
9780
9780
9780
9780
9780
9780
9780
9780
9780
9780
9780
9780.04
9780.02
9780
9780
9780
9780
9780
9780
9780
9780
9780
9780
9780
9780
9780
9780
9780
9780
9780
9780
9780
9780
9780
9780
9780
9780.02
9780.02
9780.02
9780.02
9780.01
9780
9780
9780
9780
9780
9780
9780
9780
9780
9780
9780
9780
9780
9780
9780
9780
9780
9780
9780
9780
9780
9780
9780
9780
9780
9780
9780
9780
9780
9780
9780
9780
9780
9780
9780
9780
9780
9780
9780
9780
9780
9780
9780
9780
9780
9780
9780
9780
9780
9780
9780
9780
9780
9780
9780
9780
9780
9780
9780
9780
9780
9780
9780
9780
9780
9780
9780
9780
9780
9780
9780
9780
9780
9780
9780
9780.01
102.878
22.3119
21.3956
22.6982
21.7887
21.91
20.7521
20.7955
20.8672
20.8915
21.2669
21.3425
21.2314
21.1251
21.0313
21.1261
21.5077
21.5591
21.8458
22.1642
21.7986
22.2871
22.1283
22.1934
22.8615
21.8125
22.0908
22.1786
22.2559
22.3619
22.3067
22.0284
22.0676
21.9192
21.949
22.0068
22.0682
22.0924
22.1381
22.1337
22.1282
22.1493
22.0462
22.0424
22.3568
21.9808
22.1203
22.1468
22.0457
22.2349
22.042
22.3781
22.0834
22.0489
21.8284
22.2131
22.4815
21.9957
22.2415
22.0487
22.0485
22.033
21.9376
21.8684
21.7801
21.9288
22.1916
22.0515
22.0874
22.3498
21.9117
21.5872
22.0427
22.1327
22.1319
22.2591
22.3466
22.5509
22.6786
21.7817
1.63354
1.6337
1.6337
1.6337
1.6337
1.6337
1.6337
1.6337
1.6337
1.6337
1.6337
1.6337
1.6337
1.6337
1.6337
1.6337
1.6337
1.6337
1.6337
1.6337
1.6337
1.6337
1.6337
1.6337
1.6337
1.6337
1.6337
1.6337
1.6337
1.6337
1.6337
1.6337
1.6337
1.6337
1.6337
1.6337
1.6337
1.6337
1.63366
15.2831
1.6337
1.6337
1.6337
1.6337
1.6337
1.6337
1.6337
1.6337
1.63369
1.63367
1.63368
1.6337
1.6337
1.6337
1.6337
1.6337
1.6337
1.6337
1.6337
1.6337
1.6337
1.6337
1.6337
1.6337
1.6337
1.6337
1.6337
1.6337
1.6337
1.6337
1.6337
1.6337
1.6337
1.6337
1.6337
1.6337
1.63369
1.6337
1.6337
1.6337
1.6337
1.6337
1.6337
1.6337
1.6337
1.6337
1.6337
1.63369
1.6337
1.6337
1.6337
1.6337
1.6337
1.6337
1.6337
1.6337
1.6337
1.6337
1.6337
1.6337
1.6337
1.6337
1.6337
1.6337
1.6337
1.6337
1.6337
1.6337
1.6337
1.6337
1.6337
1.6337
1.6337
1.6337
1.6337
1.6337
1.6337
1.6337
1.6337
1.6337
1.6337
1.6337
1.6337
1.6337
1.6337
1.6337
1.6337
1.6337
1.6337
1.6337
1.6337
1.6337
1.6337
1.6337
1.6337
1.6337
1.6337
1.6337
1.6337
1.6337
1.6337
1.6337
1.6337
1.6337
1.6337
1.6337
1.6337
1.6337
1.6337
1.6337
1.6337
1.6337
1.6337
1.6337
1.6337
1.6337
1.6337
1.6337
1.6337
1.6337
1.6337
1.6337
1.6337
1.6337
1.6337
1.6337
1.6337
1.6337
1.6337
1.6337
1.6337
1.6337
1.6337
1.6337
1.6337
1.6337
1.6337
1.6337
1.6337
1.6337
1.6337
1.6337
1.6337
1.6337
1.6337
1.6337
1.6337
1.6337
1.6337
1.6337
1.6337
1.6337
1.6337
1.6337
1.6337
1.6337
1.6337
1.6337
1.6337
1.6337
1.6337
1.6337
1.6337
1.6337
1.6337
1.6337
1.6337
1.6337
1.6337
1.6337
1.6337
1.6337
1.6337
1.6337
1.6337
1.6337
1.6337
1.6337
1.6337
1.6337
1.6337
1.6337
1.6337
1.6337
1.6337
1.6337
1.6337
1.6337
1.6337
1.6337
1.6337
1.6337
1.6337
1.6337
1.6337
1.6337
1.6337
1.6337
1.6337
1.6337
1.6337
1.6337
1.6337
1.6337
1.6337
1.6337
1.6337
1.6337
1.6337
1.6337
1.6337
1.6337
1.6337
1.6337
1.6337
1.6337
1.6337
1.6337
1.6337
1.6337
1.6337
1.6337
1.6337
1.6337
1.6337
1.6337
1.6337
1.6337
1.6337
1.6337
1.6337
1.6337
1.6337
1.6337
1.6337
1.6337
1.6337
1.63369
1.6337
1.6337
1.6337
1.6337
1.6337
1.6337
1.6337
1.6337
1.6337
1.6337
1.6337
1.6337
1.6337
1.6337
1.6337
1.6337
1.6337
1.6337
1.6337
1.6337
1.6337
1.6337
1.6337
1.6337
1.6337
1.6337
1.6337
1.6337
1.6337
1.6337
1.6337
1.6337
1.6337
1.6337
1.6337
1.6337
1.6337
1.6337
1.6337
1.6337
1.6337
1.6337
1.6337
1.6337
1.6337
1.6337
1.6337
1.6337
1.6337
1.6337
1.6337
1.6337
1.6337
1.6337
1.6337
1.6337
1.6337
1.6337
1.6337
1.6337
1.6337
1.6337
1.6337
1.6337
1.6337
1.6337
1.6337
1.6337
1.6337
1.6337
1.6337
1.6337
1.6337
1.6337
1.6337
1.6337
1.6337
1.6337
1.6337
1.6337
1.6337
1.6337
1.6337
1.6337
1.6337
1.6337
1.6337
1.6337
1.6337
1.6337
1.6337
1.6337
1.6337
1.6337
1.6337
1.6337
1.6337
1.6337
1.6337
1.6337
1.6337
1.6337
1.6337
1.6337
1.6337
1.6337
1.6337
1.6337
1.6337
1.6337
1.6337
1.6337
1.6337
1.6337
1.6337
1.6337
1.6337
1.6337
1.6337
1.6337
1.6337
1.6337
1.6337
1.6337
1.6337
1.6337
1.6337
1.6337
1.6337
1.6337
1.6337
1.6337
1.6337
1.6337
1.6337
1.6337
1.6337
1.6337
1.6337
1.6337
1.6337
1.6337
1.6337
1.6337
1.6337
1.6337
1.6337
1.6337
1.6337
1.6337
1.6337
1.6337
1.6337
1.6337
1.6337
1.6337
1.6337
1.6337
1.6337
1.6337
1.6337
1.6337
1.6337
1.6337
1.6337
1.6337
1.6337
1.6337
1.6337
1.6337
1.6337
1.6337
1.6337
1.6337
1.6337
1.6337
1.6337
1.6337
1.6337
1.6337
1.6337
1.6337
1.6337
1.6337
1.6337
1.6337
1.6337
1.6337
1.6337
1.6337
1.6337
1.6337
1.6337
1.6337
1.6337
1.6337
1.6337
1.6337
1.6337
1.6337
1.6337
1.6337
1.6337
1.6337
1.6337
1.6337
1.6337
1.6337
1.6337
1.6337
1.6337
1.6337
1.6337
1.6337
1.6337
1.6337
1.6337
1.6337
1.6337
1.6337
1.6337
1.6337
1.6337
1.6337
1.6337
1.6337
1.6337
1.6337
1.6337
1.6337
1.6337
1.6337
1.6337
1.6337
1.6337
1.6337
1.6337
1.6337
1.6337
1.6337
1.6337
1.6337
1.6337
1.6337
1.6337
1.6337
1.6337
1.6337
1.6337
1.6337
1.6337
1.6337
1.6337
1.6337
1.6337
1.6337
1.6337
1.6337
1.6337
1.6337
1.6337
1.6337
1.6337
1.6337
1.6337
1.6337
1.6337
1.6337
1.6337
1.6337
1.6337
1.6337
1.6337
1.6337
1.6337
1.6337
1.6337
1.6337
1.6337
1.6337
1.6337
1.6337
1.6337
1.6337
1.6337
1.6337
1.6337
1.6337
1.6337
1.6337
1.6337
1.6337
1.6337
1.6337
1.6337
1.6337
1.6337
1.6337
1.6337
1.6337
1.6337
1.6337
1.6337
1.6337
1.6337
1.6337
1.6337
1.6337
1.6337
1.6337
1.6337
1.6337
1.6337
1.6337
1.6337
1.6337
1.6337
1.6337
1.6337
1.6337
1.6337
1.6337
1.6337
1.6337
1.6337
1.6337
1.6337
1.6337
1.6337
1.6337
1.6337
1.6337
1.6337
1.6337
1.6337
1.6337
1.6337
1.6337
1.6337
1.6337
1.6337
1.6337
1.6337
1.6337
1.6337
1.6337
1.6337
1.6337
1.6337
1.6337
1.6337
1.6337
1.6337
1.6337
1.6337
1.6337
1.6337
1.6337
1.6337
1.6337
1.6337
1.6337
1.6337
1.6337
1.6337
1.6337
1.6337
1.6337
1.6337
1.6337
1.6337
1.6337
1.6337
1.6337
1.6337
1.6337
1.6337
1.6337
1.6337
1.6337
1.6337
1.6337
1.6337
1.6337
1.6337
1.6337
1.6337
1.6337
1.6337
1.6337
1.6337
1.6337
1.6337
1.6337
1.6337
1.6337
1.6337
1.6337
1.6337
1.6337
1.6337
1.6337
1.6337
1.6337
1.6337
1.6337
1.6337
1.6337
1.6337
1.6337
1.6337
1.6337
1.6337
1.6337
1.6337
1.6337
1.6337
1.6337
1.6337
1.6337
1.6337
1.6337
1.6337
1.6337
1.6337
1.6337
1.6337
1.6337
1.6337
1.6337
1.6337
1.6337
1.6337
1.6337
1.6337
1.6337
1.6337
1.6337
1.6337
1.6337
1.6337
1.6337
1.6337
1.6337
1.6337
1.6337
1.6337
1.6337
1.6337
1.6337
1.6337
1.6337
1.6337
1.6337
1.6337
1.6337
1.6337
1.6337
1.6337
1.6337
1.6337
1.6337
1.6337
1.6337
1.6337
1.6337
1.6337
1.6337
1.6337
1.6337
1.6337
1.6337
1.6337
1.6337
1.6337
1.6337
1.6337
1.6337
1.6337
1.6337
1.6337
1.6337
1.6337
1.6337
1.6337
1.6337
1.6337
1.6337
1.6337
1.6337
1.6337
1.6337
1.6337
1.6337
1.6337
1.6337
1.6337
1.6337
1.6337
1.6337
1.6337
1.6337
1.6337
1.6337
1.6337
1.6337
1.6337
1.6337
1.6337
1.6337
1.6337
1.6337
1.6337
1.6337
1.6337
1.6337
1.6337
1.6337
1.6337
1.6337
1.6337
1.6337
1.6337
1.6337
1.6337
1.6337
1.6337
1.6337
1.6337
1.6337
1.6337
1.6337
1.6337
1.6337
1.6337
1.6337
1.6337
1.6337
1.6337
1.6337
1.6337
1.6337
1.6337
1.6337
1.6337
1.6337
1.6337
1.6337
1.6337
1.6337
1.6337
1.6337
1.6337
1.6337
1.6337
1.6337
1.6337
1.6337
1.6337
1.6337
1.6337
1.6337
1.6337
1.6337
1.6337
1.6337
1.6337
1.6337
1.6337
1.6337
1.6337
1.6337
1.6337
1.6337
1.6337
1.6337
1.6337
1.6337
1.6337
1.6337
1.6337
1.6337
1.6337
1.6337
1.6337
1.6337
1.6337
1.6337
1.6337
1.6337
1.6337
1.6337
1.6337
1.6337
1.6337
1.6337
1.6337
1.6337
1.6337
1.6337
1.6337
1.6337
)
;

boundaryField
{
    hot
    {
        type            calculated;
        value           uniform 9780;
    }
    hotTop
    {
        type            calculated;
        value           nonuniform List<scalar> 8(102.878 1.6337 1.6337 1.6337 1.6337 1.6337 1.6337 1.6337);
    }
    cold
    {
        type            calculated;
        value           nonuniform List<scalar> 
32
(
9780
9780
9780
9780
9780
9780
9780
9780
9780
9780
9780
9780
9780
9780
9780
9780
9780
9780
9780
9780
9780
9780
9780
9780
9780
9780
9780
9780
9780
9780
9780
9780.01
)
;
    }
    coldTop
    {
        type            calculated;
        value           nonuniform List<scalar> 8(15.2834 1.6321 1.6337 1.6337 1.6337 1.63363 1.63365 1.6337);
    }
    top
    {
        type            calculated;
        value           nonuniform List<scalar> 
120
(
1.6337
1.6337
1.6337
1.6337
1.6337
1.6337
1.6337
1.6337
1.6337
1.6337
1.6337
1.6337
1.6337
1.6337
1.6337
1.6337
1.6337
1.6337
1.6337
1.6337
1.6337
1.6337
1.6337
1.6337
1.6337
1.6337
1.6337
1.6337
1.6337
1.6337
1.6337
1.6337
1.6337
1.6337
1.6337
1.6337
1.6337
1.6337
1.6337
1.6337
1.6337
1.6337
1.6337
1.6337
1.6337
1.6337
1.6337
1.6337
1.6337
1.6337
1.6337
1.6337
1.6337
1.6337
1.6337
1.6337
1.6337
1.6337
1.6337
1.6337
1.6337
1.6337
1.6337
1.6337
1.6337
1.6337
1.6337
1.6337
1.6337
1.6337
1.6337
1.6337
1.6337
1.6337
1.6337
1.6337
1.6337
1.6337
1.6337
1.6337
1.6337
1.6337
1.6337
1.6337
1.6337
1.6337
1.6337
1.6337
1.6337
1.6337
1.6337
1.6337
1.6337
1.6337
1.6337
1.6337
1.6337
1.6337
1.6337
1.6337
1.6337
1.6337
1.6337
1.6337
1.6337
1.6337
1.6337
1.63369
1.63368
1.6337
1.63356
1.63344
1.63332
1.63323
1.6337
1.6337
1.6337
1.6337
1.63369
1.6337
)
;
    }
    btm
    {
        type            calculated;
        value           uniform 9780;
    }
    frontAndBack
    {
        type            empty;
    }
}


// ************************************************************************* //
