/*--------------------------------*- C++ -*----------------------------------*\
  =========                 |
  \\      /  F ield         | OpenFOAM: The Open Source CFD Toolbox
   \\    /   O peration     | Website:  https://openfoam.org
    \\  /    A nd           | Version:  6
     \\/     M anipulation  |
\*---------------------------------------------------------------------------*/
FoamFile
{
    version     2.0;
    format      ascii;
    class       volScalarField;
    location    "480";
    object      T;
}
// * * * * * * * * * * * * * * * * * * * * * * * * * * * * * * * * * * * * * //

dimensions      [0 0 0 1 0 0 0];

internalField   nonuniform List<scalar> 
5964
(
310.513
309.58
308.759
308.081
307.541
307.114
306.772
306.49
306.256
306.054
305.868
305.693
305.53
305.375
305.229
305.094
304.969
304.857
304.762
304.68
304.61
304.548
304.492
304.44
304.393
304.348
304.306
304.266
304.228
304.192
304.158
304.125
304.093
304.063
304.033
304.005
303.977
303.95
303.924
303.898
303.873
303.849
303.825
303.801
303.777
303.754
303.731
303.709
303.686
303.664
303.642
303.62
303.598
303.576
303.554
303.532
303.51
303.489
303.467
303.445
303.423
303.402
303.38
303.358
303.336
303.315
303.293
303.271
303.249
303.227
303.205
303.183
303.161
303.138
303.116
303.094
303.072
303.049
303.027
303.005
302.983
302.963
302.948
302.939
310.503
309.562
308.746
308.073
307.534
307.105
306.762
306.485
306.254
306.052
305.867
305.694
305.53
305.372
305.221
305.081
304.954
304.842
304.748
304.67
304.602
304.542
304.487
304.436
304.39
304.345
304.304
304.264
304.226
304.191
304.156
304.123
304.092
304.062
304.032
304.004
303.976
303.949
303.923
303.898
303.873
303.848
303.824
303.801
303.777
303.754
303.731
303.709
303.686
303.664
303.642
303.62
303.598
303.576
303.554
303.532
303.51
303.489
303.467
303.445
303.424
303.402
303.38
303.358
303.336
303.315
303.293
303.271
303.249
303.227
303.205
303.183
303.161
303.138
303.116
303.094
303.072
303.049
303.027
303.005
302.983
302.963
302.947
302.938
310.503
309.559
308.735
308.057
307.516
307.086
306.748
306.478
306.254
306.057
305.875
305.702
305.533
305.366
305.204
305.053
304.92
304.81
304.722
304.649
304.586
304.53
304.478
304.429
304.384
304.34
304.299
304.26
304.223
304.187
304.153
304.121
304.09
304.059
304.03
304.002
303.975
303.948
303.922
303.897
303.872
303.848
303.824
303.8
303.777
303.754
303.731
303.708
303.686
303.664
303.642
303.619
303.598
303.576
303.554
303.532
303.51
303.489
303.467
303.445
303.424
303.402
303.38
303.358
303.337
303.315
303.293
303.271
303.249
303.227
303.205
303.183
303.161
303.138
303.116
303.094
303.072
303.049
303.027
303.005
302.983
302.962
302.945
302.936
310.503
309.558
308.727
308.039
307.493
307.068
306.739
306.483
306.271
306.081
305.9
305.725
305.545
305.362
305.181
305.01
304.862
304.757
304.681
304.62
304.565
304.514
304.466
304.419
304.375
304.333
304.293
304.254
304.217
304.182
304.149
304.117
304.086
304.056
304.027
303.999
303.972
303.946
303.92
303.895
303.871
303.846
303.823
303.799
303.776
303.753
303.73
303.708
303.686
303.663
303.641
303.619
303.597
303.576
303.554
303.532
303.51
303.489
303.467
303.445
303.424
303.402
303.38
303.358
303.337
303.315
303.293
303.271
303.249
303.227
303.205
303.183
303.161
303.139
303.116
303.094
303.072
303.049
303.027
303.005
302.982
302.961
302.943
302.933
310.508
309.564
308.726
308.03
307.481
307.066
306.757
306.518
306.319
306.134
305.954
305.773
305.577
305.371
305.158
304.946
304.761
304.678
304.628
304.585
304.541
304.496
304.451
304.407
304.364
304.323
304.284
304.246
304.21
304.176
304.143
304.112
304.081
304.052
304.023
303.996
303.969
303.943
303.918
303.893
303.869
303.845
303.821
303.798
303.775
303.752
303.73
303.707
303.685
303.663
303.641
303.619
303.597
303.576
303.554
303.532
303.511
303.489
303.467
303.445
303.424
303.402
303.38
303.359
303.337
303.315
303.293
303.271
303.249
303.227
303.205
303.183
303.161
303.139
303.116
303.094
303.072
303.05
303.027
303.005
302.982
302.96
302.942
302.93
310.504
309.559
308.723
308.033
307.498
307.104
306.818
306.602
306.415
306.236
306.054
305.86
305.643
305.406
305.147
304.859
304.563
304.567
304.57
304.55
304.517
304.477
304.436
304.393
304.352
304.312
304.274
304.237
304.202
304.168
304.136
304.105
304.075
304.047
304.019
303.992
303.966
303.94
303.915
303.891
303.867
303.843
303.82
303.797
303.774
303.751
303.729
303.707
303.685
303.663
303.641
303.619
303.597
303.576
303.554
303.532
303.511
303.489
303.467
303.446
303.424
303.402
303.381
303.359
303.337
303.315
303.293
303.271
303.249
303.227
303.205
303.183
303.161
303.139
303.117
303.094
303.072
303.05
303.028
303.005
302.982
302.96
302.94
302.928
310.513
309.57
308.732
308.056
307.548
307.185
306.924
306.731
306.556
306.384
306.199
305.988
305.751
305.486
305.179
304.785
304.091
304.452
304.531
304.528
304.499
304.461
304.42
304.379
304.339
304.3
304.262
304.226
304.192
304.159
304.128
304.097
304.068
304.04
304.013
303.987
303.961
303.936
303.912
303.888
303.864
303.841
303.818
303.795
303.773
303.75
303.728
303.706
303.684
303.662
303.641
303.619
303.597
303.576
303.554
303.532
303.511
303.489
303.467
303.446
303.424
303.402
303.381
303.359
303.337
303.315
303.293
303.271
303.25
303.227
303.205
303.183
303.161
303.139
303.117
303.095
303.072
303.05
303.028
303.005
302.982
302.959
302.938
302.925
310.502
309.563
308.758
308.115
307.639
307.304
307.07
306.897
306.735
306.568
306.377
306.154
305.903
305.619
305.303
304.959
304.631
304.584
304.563
304.53
304.491
304.448
304.406
304.364
304.324
304.286
304.249
304.214
304.18
304.148
304.118
304.089
304.06
304.033
304.007
303.981
303.956
303.932
303.908
303.884
303.861
303.838
303.816
303.793
303.771
303.749
303.727
303.705
303.684
303.662
303.64
303.619
303.597
303.576
303.554
303.532
303.511
303.489
303.468
303.446
303.424
303.403
303.381
303.359
303.337
303.316
303.294
303.272
303.25
303.228
303.206
303.184
303.161
303.139
303.117
303.095
303.073
303.05
303.028
303.005
302.982
302.958
302.936
302.922
310.516
309.601
308.818
308.208
307.767
307.458
307.245
307.09
306.937
306.77
306.573
306.341
306.075
305.777
305.455
305.131
304.855
304.702
304.608
304.541
304.485
304.436
304.39
304.348
304.308
304.27
304.234
304.2
304.168
304.137
304.107
304.079
304.051
304.025
304
303.975
303.951
303.927
303.904
303.881
303.858
303.836
303.814
303.792
303.77
303.748
303.726
303.705
303.683
303.662
303.64
303.619
303.597
303.576
303.554
303.533
303.511
303.49
303.468
303.446
303.425
303.403
303.381
303.36
303.338
303.316
303.294
303.272
303.25
303.228
303.206
303.184
303.162
303.139
303.117
303.095
303.073
303.051
303.028
303.006
302.982
302.958
302.936
302.922
310.539
309.664
308.914
308.337
307.924
307.637
307.439
307.294
307.146
306.977
306.772
306.527
306.241
305.922
305.584
305.256
304.976
304.773
304.636
304.543
304.476
304.421
304.373
304.33
304.29
304.253
304.218
304.185
304.153
304.124
304.095
304.068
304.042
304.016
303.992
303.968
303.944
303.922
303.899
303.877
303.855
303.833
303.811
303.79
303.768
303.747
303.725
303.704
303.682
303.661
303.64
303.618
303.597
303.576
303.554
303.533
303.511
303.49
303.468
303.447
303.425
303.403
303.382
303.36
303.338
303.316
303.294
303.272
303.25
303.228
303.206
303.184
303.162
303.14
303.117
303.095
303.073
303.051
303.028
303.006
302.983
302.96
302.939
302.925
310.55
309.714
309.02
308.486
308.1
307.832
307.642
307.497
307.344
307.164
306.942
306.679
306.375
306.037
305.682
305.334
305.026
304.785
304.627
304.526
304.456
304.4
304.352
304.31
304.27
304.234
304.2
304.168
304.138
304.109
304.082
304.056
304.031
304.007
303.983
303.96
303.938
303.916
303.894
303.872
303.851
303.83
303.809
303.787
303.766
303.745
303.724
303.703
303.682
303.661
303.64
303.618
303.597
303.576
303.554
303.533
303.512
303.49
303.469
303.447
303.425
303.404
303.382
303.36
303.338
303.317
303.295
303.273
303.251
303.229
303.207
303.184
303.162
303.14
303.118
303.095
303.073
303.051
303.029
303.006
302.984
302.961
302.942
302.929
310.593
309.821
309.16
308.652
308.288
308.032
307.841
307.684
307.514
307.311
307.066
306.783
306.463
306.111
305.739
305.363
305.01
304.721
304.571
304.485
304.423
304.373
304.327
304.286
304.248
304.213
304.18
304.15
304.121
304.094
304.068
304.043
304.019
303.997
303.974
303.952
303.931
303.91
303.889
303.868
303.847
303.827
303.806
303.785
303.765
303.744
303.723
303.702
303.681
303.66
303.639
303.618
303.597
303.576
303.555
303.533
303.512
303.491
303.469
303.448
303.426
303.404
303.383
303.361
303.339
303.317
303.295
303.273
303.251
303.229
303.207
303.185
303.162
303.14
303.118
303.096
303.073
303.051
303.029
303.007
302.984
302.963
302.944
302.932
310.617
309.893
309.279
308.809
308.466
308.219
308.022
307.841
307.645
307.414
307.145
306.841
306.506
306.143
305.755
305.348
304.927
304.531
304.46
304.422
304.383
304.341
304.3
304.261
304.224
304.19
304.159
304.13
304.103
304.077
304.053
304.03
304.007
303.986
303.965
303.944
303.924
303.904
303.883
303.864
303.844
303.824
303.803
303.783
303.763
303.743
303.722
303.702
303.681
303.66
303.639
303.618
303.597
303.576
303.555
303.534
303.513
303.491
303.47
303.448
303.426
303.405
303.383
303.361
303.339
303.318
303.296
303.274
303.252
303.229
303.207
303.185
303.163
303.14
303.118
303.096
303.073
303.051
303.029
303.006
302.984
302.963
302.943
302.931
310.641
309.967
309.4
308.962
308.635
308.387
308.171
307.956
307.721
307.457
307.166
306.848
306.503
306.132
305.736
305.305
304.801
304.058
304.322
304.363
304.344
304.308
304.27
304.233
304.198
304.166
304.136
304.109
304.083
304.059
304.037
304.015
303.995
303.974
303.955
303.935
303.916
303.897
303.878
303.859
303.84
303.82
303.801
303.781
303.761
303.742
303.721
303.701
303.681
303.66
303.64
303.619
303.598
303.577
303.556
303.534
303.513
303.492
303.47
303.449
303.427
303.405
303.384
303.362
303.34
303.318
303.296
303.274
303.252
303.23
303.208
303.185
303.163
303.141
303.118
303.096
303.073
303.051
303.029
303.006
302.984
302.961
302.94
302.926
310.667
310.044
309.518
309.102
308.778
308.514
308.262
308.006
307.737
307.444
307.129
306.795
306.444
306.075
305.686
305.277
304.849
304.424
304.388
304.358
304.32
304.279
304.24
304.203
304.17
304.139
304.111
304.086
304.063
304.041
304.02
304
303.981
303.963
303.945
303.927
303.909
303.891
303.873
303.854
303.836
303.817
303.799
303.779
303.76
303.741
303.721
303.701
303.681
303.66
303.64
303.619
303.598
303.577
303.556
303.535
303.514
303.492
303.471
303.449
303.428
303.406
303.384
303.363
303.341
303.319
303.297
303.275
303.253
303.23
303.208
303.186
303.164
303.141
303.119
303.096
303.074
303.051
303.029
303.006
302.984
302.961
302.939
302.924
310.693
310.115
309.617
309.208
308.875
308.578
308.288
307.991
307.681
307.36
307.031
306.689
306.335
305.969
305.599
305.231
304.88
304.586
304.444
304.359
304.298
304.248
304.207
304.171
304.139
304.11
304.085
304.062
304.041
304.021
304.003
303.985
303.968
303.951
303.934
303.918
303.901
303.884
303.867
303.85
303.832
303.815
303.796
303.778
303.759
303.74
303.72
303.701
303.681
303.661
303.64
303.62
303.599
303.578
303.557
303.536
303.515
303.493
303.472
303.45
303.429
303.407
303.385
303.363
303.341
303.319
303.297
303.275
303.253
303.231
303.209
303.186
303.164
303.142
303.119
303.096
303.074
303.051
303.029
303.006
302.984
302.963
302.943
302.929
310.715
310.174
309.694
309.279
308.917
308.577
308.237
307.893
307.55
307.212
306.875
306.535
306.188
305.838
305.495
305.161
304.855
304.607
304.444
304.337
304.264
304.211
304.169
304.134
304.105
304.079
304.057
304.037
304.018
304.001
303.985
303.969
303.954
303.939
303.924
303.909
303.894
303.878
303.862
303.846
303.829
303.812
303.794
303.776
303.758
303.739
303.72
303.701
303.681
303.661
303.641
303.62
303.6
303.579
303.558
303.537
303.516
303.494
303.473
303.451
303.43
303.408
303.386
303.364
303.342
303.32
303.298
303.276
303.254
303.232
303.209
303.187
303.164
303.142
303.119
303.097
303.074
303.051
303.029
303.007
302.985
302.965
302.947
302.931
310.731
310.213
309.74
309.31
308.902
308.503
308.11
307.728
307.366
307.026
306.697
306.367
306.03
305.693
305.367
305.056
304.772
304.543
304.386
304.283
304.213
304.163
304.125
304.094
304.068
304.046
304.027
304.01
303.994
303.98
303.966
303.953
303.94
303.927
303.914
303.9
303.887
303.872
303.857
303.842
303.826
303.81
303.793
303.775
303.758
303.739
303.72
303.701
303.682
303.662
303.642
303.621
303.601
303.58
303.559
303.538
303.517
303.495
303.474
303.452
303.431
303.409
303.387
303.365
303.343
303.321
303.299
303.277
303.255
303.232
303.21
303.187
303.165
303.142
303.12
303.097
303.074
303.052
303.029
303.007
302.986
302.966
302.945
302.812
310.742
310.237
309.758
309.299
308.833
308.369
307.924
307.513
307.145
306.818
306.512
306.201
305.878
305.551
305.231
304.918
304.628
304.395
304.269
304.195
304.144
304.105
304.074
304.049
304.028
304.011
303.996
303.983
303.97
303.959
303.948
303.937
303.927
303.916
303.904
303.892
303.88
303.867
303.853
303.839
303.824
303.808
303.792
303.775
303.757
303.739
303.721
303.702
303.683
303.663
303.643
303.623
303.602
303.582
303.561
303.539
303.518
303.497
303.475
303.454
303.432
303.41
303.388
303.366
303.344
303.322
303.3
303.278
303.255
303.233
303.21
303.188
303.165
303.143
303.12
303.097
303.075
303.052
303.029
303.007
302.985
302.966
302.948
302.929
310.747
310.242
309.742
309.241
308.709
308.178
307.691
307.265
306.906
306.603
306.327
306.041
305.736
305.418
305.092
304.753
304.409
304.11
304.085
304.078
304.06
304.038
304.018
304.001
303.986
303.974
303.964
303.955
303.946
303.938
303.93
303.922
303.914
303.905
303.895
303.885
303.874
303.862
303.85
303.836
303.822
303.807
303.791
303.775
303.758
303.74
303.722
303.703
303.684
303.664
303.645
303.624
303.604
303.583
303.562
303.541
303.52
303.498
303.477
303.455
303.433
303.411
303.389
303.367
303.345
303.323
303.301
303.278
303.256
303.234
303.211
303.189
303.166
303.143
303.121
303.098
303.075
303.052
303.029
303.007
302.985
302.963
302.94
302.921
310.742
310.224
309.688
309.123
308.521
307.933
307.417
306.991
306.653
306.383
306.142
305.888
305.607
305.301
304.969
304.593
304.132
303.512
303.838
303.948
303.971
303.968
303.959
303.951
303.943
303.937
303.932
303.927
303.922
303.918
303.913
303.907
303.901
303.894
303.887
303.878
303.869
303.858
303.847
303.834
303.821
303.806
303.791
303.775
303.759
303.741
303.723
303.705
303.686
303.666
303.646
303.626
303.606
303.585
303.564
303.543
303.521
303.5
303.478
303.457
303.435
303.413
303.391
303.369
303.346
303.324
303.302
303.279
303.257
303.234
303.212
303.189
303.167
303.144
303.121
303.098
303.075
303.052
303.029
303.007
302.984
302.96
302.932
302.904
310.729
310.178
309.591
308.951
308.28
307.649
307.118
306.708
306.399
306.167
305.962
305.744
305.494
305.211
304.894
304.522
304.034
303.228
303.709
303.854
303.892
303.899
303.9
303.9
303.9
303.9
303.9
303.9
303.899
303.898
303.896
303.894
303.89
303.885
303.88
303.873
303.865
303.855
303.845
303.833
303.82
303.807
303.792
303.777
303.76
303.743
303.725
303.707
303.688
303.668
303.649
303.628
303.608
303.587
303.566
303.545
303.523
303.502
303.48
303.458
303.436
303.414
303.392
303.37
303.348
303.325
303.303
303.28
303.258
303.235
303.213
303.19
303.167
303.144
303.122
303.099
303.076
303.053
303.03
303.007
302.984
302.96
302.934
302.911
310.706
310.105
309.465
308.773
308.073
307.443
306.909
306.494
306.19
305.972
305.79
305.606
305.39
305.136
304.842
304.502
304.117
303.731
303.758
303.8
303.821
303.832
303.842
303.85
303.857
303.864
303.869
303.874
303.877
303.88
303.881
303.881
303.88
303.878
303.874
303.868
303.862
303.853
303.844
303.833
303.821
303.808
303.794
303.778
303.762
303.745
303.728
303.709
303.691
303.671
303.651
303.631
303.61
303.59
303.568
303.547
303.526
303.504
303.482
303.46
303.438
303.416
303.394
303.371
303.349
303.326
303.304
303.281
303.259
303.236
303.213
303.191
303.168
303.145
303.122
303.099
303.076
303.053
303.03
303.007
302.984
302.959
302.934
302.914
310.682
310.031
309.342
308.611
307.879
307.233
306.711
306.321
306.036
305.826
305.652
305.484
305.297
305.071
304.801
304.479
304.107
303.735
303.704
303.722
303.744
303.765
303.784
303.802
303.817
303.83
303.841
303.85
303.858
303.864
303.868
303.871
303.872
303.872
303.87
303.866
303.86
303.853
303.844
303.834
303.823
303.81
303.796
303.781
303.765
303.749
303.731
303.713
303.694
303.674
303.654
303.634
303.613
303.592
303.571
303.55
303.528
303.506
303.484
303.462
303.44
303.418
303.395
303.373
303.35
303.328
303.305
303.283
303.26
303.237
303.214
303.191
303.169
303.146
303.123
303.1
303.077
303.054
303.031
303.007
302.983
302.958
302.932
302.912
310.655
309.951
309.216
308.452
307.71
307.074
306.573
306.207
305.944
305.742
305.57
305.404
305.226
305.019
304.768
304.453
304.033
303.371
303.562
303.621
303.661
303.697
303.729
303.757
303.78
303.799
303.815
303.829
303.84
303.85
303.857
303.863
303.866
303.868
303.867
303.865
303.86
303.854
303.846
303.837
303.826
303.813
303.8
303.785
303.769
303.752
303.735
303.716
303.697
303.678
303.658
303.637
303.617
303.595
303.574
303.552
303.531
303.509
303.486
303.464
303.442
303.419
303.397
303.374
303.352
303.329
303.306
303.284
303.261
303.238
303.215
303.192
303.169
303.146
303.123
303.1
303.077
303.054
303.031
303.008
302.984
302.959
302.935
302.917
310.629
309.879
309.11
308.329
307.586
306.967
306.498
306.163
305.92
305.729
305.561
305.395
305.218
305.018
304.781
304.49
304.127
303.684
303.524
303.531
303.579
303.633
303.679
303.717
303.748
303.772
303.793
303.81
303.825
303.838
303.848
303.857
303.862
303.866
303.867
303.866
303.862
303.857
303.85
303.841
303.83
303.818
303.804
303.79
303.774
303.757
303.739
303.721
303.702
303.682
303.662
303.641
303.62
303.599
303.577
303.555
303.533
303.511
303.489
303.467
303.444
303.422
303.399
303.376
303.353
303.331
303.308
303.285
303.262
303.239
303.216
303.193
303.17
303.147
303.124
303.101
303.078
303.055
303.032
303.008
302.984
302.961
302.939
302.925
310.623
309.85
309.044
308.244
307.509
306.914
306.478
306.177
305.967
305.799
305.645
305.484
305.31
305.113
304.88
304.605
304.276
303.875
303.338
303.401
303.491
303.575
303.638
303.685
303.722
303.75
303.774
303.795
303.813
303.829
303.842
303.853
303.861
303.866
303.869
303.869
303.866
303.862
303.855
303.846
303.836
303.824
303.81
303.795
303.779
303.762
303.745
303.726
303.707
303.687
303.666
303.645
303.624
303.603
303.581
303.559
303.537
303.514
303.492
303.469
303.446
303.424
303.401
303.378
303.355
303.332
303.309
303.286
303.263
303.24
303.217
303.194
303.171
303.148
303.125
303.102
303.078
303.055
303.032
303.008
302.985
302.961
302.941
302.928
310.598
309.78
308.949
308.154
307.454
306.901
306.506
306.247
306.072
305.934
305.803
305.661
305.499
305.311
305.086
304.821
304.519
304.152
303.689
303.253
303.409
303.534
303.61
303.664
303.703
303.734
303.76
303.783
303.804
303.823
303.839
303.852
303.862
303.869
303.873
303.874
303.873
303.868
303.862
303.853
303.843
303.831
303.817
303.802
303.786
303.769
303.751
303.732
303.712
303.692
303.671
303.65
303.629
303.607
303.585
303.562
303.54
303.517
303.495
303.472
303.449
303.426
303.403
303.38
303.357
303.334
303.311
303.288
303.264
303.241
303.218
303.195
303.172
303.149
303.125
303.102
303.079
303.056
303.032
303.009
302.985
302.961
302.94
302.926
310.587
309.765
308.955
308.171
307.465
306.926
306.57
306.354
306.217
306.113
306.015
305.902
305.762
305.595
305.386
305.137
304.861
304.53
304.143
303.741
303.361
303.535
303.602
303.657
303.694
303.723
303.749
303.774
303.797
303.819
303.838
303.854
303.866
303.875
303.88
303.882
303.881
303.877
303.871
303.862
303.852
303.839
303.825
303.81
303.794
303.776
303.758
303.738
303.718
303.698
303.677
303.655
303.633
303.611
303.589
303.566
303.543
303.521
303.498
303.475
303.452
303.428
303.405
303.382
303.359
303.336
303.312
303.289
303.266
303.243
303.219
303.196
303.173
303.149
303.126
303.103
303.079
303.056
303.033
303.009
302.985
302.96
302.937
302.922
310.572
309.711
308.865
308.091
307.439
306.958
306.653
306.482
306.384
306.316
306.253
306.176
306.066
305.931
305.751
305.536
305.285
304.986
304.634
304.276
303.912
303.62
303.599
303.665
303.693
303.715
303.74
303.766
303.792
303.817
303.839
303.858
303.873
303.883
303.89
303.893
303.892
303.888
303.882
303.873
303.862
303.849
303.835
303.819
303.802
303.784
303.765
303.746
303.725
303.704
303.683
303.661
303.638
303.616
303.593
303.57
303.547
303.524
303.501
303.478
303.454
303.431
303.408
303.384
303.361
303.337
303.314
303.291
303.267
303.244
303.22
303.197
303.173
303.15
303.127
303.103
303.08
303.057
303.033
303.009
302.985
302.96
302.936
302.919
310.549
309.649
308.78
308.019
307.425
307.011
306.758
306.625
306.561
306.528
306.494
306.459
306.379
306.284
306.138
305.963
305.735
305.467
305.14
304.788
304.382
303.944
303.506
303.702
303.694
303.701
303.728
303.759
303.789
303.817
303.843
303.865
303.882
303.895
303.902
303.906
303.905
303.901
303.895
303.885
303.874
303.861
303.846
303.829
303.812
303.793
303.774
303.754
303.733
303.711
303.689
303.667
303.644
303.621
303.598
303.575
303.551
303.528
303.504
303.481
303.457
303.434
303.41
303.386
303.363
303.339
303.316
303.292
303.269
303.245
303.221
303.198
303.174
303.151
303.127
303.104
303.08
303.057
303.033
303.01
302.986
302.961
302.936
302.917
310.536
309.622
308.771
308.036
307.471
307.097
306.879
306.777
306.74
306.735
306.723
306.727
306.681
306.623
306.514
306.379
306.18
305.943
305.644
305.296
304.9
304.504
304.129
303.911
303.673
303.653
303.703
303.748
303.785
303.819
303.849
303.875
303.895
303.909
303.918
303.922
303.921
303.917
303.91
303.9
303.888
303.874
303.858
303.841
303.823
303.803
303.783
303.762
303.741
303.719
303.696
303.673
303.65
303.627
303.603
303.579
303.556
303.532
303.508
303.484
303.46
303.436
303.413
303.389
303.365
303.341
303.317
303.294
303.27
303.246
303.223
303.199
303.175
303.152
303.128
303.104
303.081
303.057
303.034
303.01
302.986
302.96
302.933
302.912
310.54
309.635
308.798
308.091
307.558
307.211
307.013
306.93
306.91
306.926
306.94
306.961
306.954
306.93
306.854
306.76
306.595
306.391
306.119
305.788
305.413
305.016
304.576
304.113
303.43
303.502
303.652
303.733
303.782
303.821
303.857
303.887
303.91
303.927
303.936
303.94
303.94
303.935
303.927
303.916
303.903
303.888
303.871
303.853
303.834
303.814
303.793
303.771
303.749
303.726
303.703
303.68
303.656
303.632
303.608
303.584
303.56
303.536
303.512
303.488
303.464
303.439
303.415
303.391
303.367
303.343
303.319
303.295
303.271
303.248
303.224
303.2
303.176
303.153
303.129
303.105
303.081
303.058
303.034
303.011
302.986
302.96
302.931
302.906
310.544
309.657
308.849
308.17
307.66
307.33
307.147
307.079
307.07
307.099
307.136
307.168
307.189
307.193
307.148
307.089
306.965
306.79
306.55
306.244
305.885
305.474
304.998
304.477
303.839
303.208
303.602
303.722
303.779
303.825
303.867
303.903
303.93
303.948
303.958
303.962
303.961
303.955
303.946
303.934
303.92
303.904
303.886
303.867
303.847
303.826
303.804
303.781
303.758
303.735
303.711
303.687
303.663
303.638
303.614
303.589
303.565
303.54
303.516
303.491
303.467
303.442
303.418
303.394
303.37
303.345
303.321
303.297
303.273
303.249
303.225
303.201
303.177
303.153
303.13
303.106
303.082
303.058
303.035
303.011
302.987
302.961
302.933
302.911
310.549
309.683
308.909
308.258
307.766
307.45
307.282
307.223
307.221
307.258
307.307
307.351
307.388
307.409
307.397
307.362
307.28
307.137
306.936
306.662
306.328
305.926
305.454
304.928
304.343
303.818
303.731
303.739
303.78
303.832
303.881
303.923
303.953
303.973
303.984
303.987
303.985
303.978
303.967
303.954
303.938
303.921
303.902
303.881
303.86
303.838
303.815
303.792
303.768
303.744
303.719
303.695
303.67
303.645
303.62
303.595
303.57
303.545
303.52
303.495
303.47
303.446
303.421
303.396
303.372
303.347
303.323
303.299
303.275
303.25
303.226
303.202
303.178
303.154
303.13
303.106
303.083
303.059
303.035
303.011
302.986
302.96
302.934
302.914
310.556
309.707
308.949
308.324
307.862
307.57
307.414
307.361
307.365
307.406
307.459
307.511
307.556
307.59
307.604
307.591
307.544
307.437
307.273
307.038
306.738
306.361
305.904
305.376
304.777
304.18
303.746
303.722
303.775
303.841
303.901
303.948
303.982
304.002
304.013
304.015
304.011
304.003
303.99
303.975
303.958
303.939
303.918
303.897
303.874
303.851
303.827
303.803
303.778
303.753
303.728
303.702
303.677
303.651
303.626
303.6
303.575
303.549
303.524
303.499
303.474
303.449
303.424
303.399
303.374
303.35
303.325
303.301
303.276
303.252
303.228
303.203
303.179
303.155
303.131
303.107
303.083
303.059
303.035
303.011
302.986
302.959
302.931
302.911
310.566
309.736
309
308.401
307.965
307.691
307.546
307.498
307.505
307.547
307.6
307.654
307.703
307.744
307.774
307.781
307.761
307.69
307.565
307.376
307.12
306.778
306.343
305.806
305.157
304.376
303.412
303.658
303.771
303.858
303.929
303.981
304.016
304.037
304.046
304.046
304.04
304.03
304.015
303.998
303.979
303.958
303.936
303.913
303.889
303.865
303.84
303.814
303.789
303.763
303.737
303.71
303.684
303.658
303.632
303.606
303.58
303.554
303.528
303.503
303.477
303.452
303.427
303.402
303.377
303.352
303.327
303.302
303.278
303.253
303.229
303.204
303.18
303.156
303.132
303.108
303.084
303.06
303.035
303.011
302.985
302.958
302.93
302.91
310.58
309.775
309.063
308.49
308.078
307.817
307.679
307.633
307.643
307.684
307.737
307.789
307.838
307.882
307.919
307.942
307.944
307.907
307.823
307.681
307.469
307.167
306.763
306.245
305.61
304.87
304.133
303.754
303.808
303.896
303.97
304.023
304.058
304.076
304.083
304.081
304.072
304.059
304.042
304.022
304.001
303.978
303.954
303.93
303.904
303.879
303.852
303.826
303.799
303.772
303.746
303.719
303.692
303.665
303.638
303.612
303.585
303.559
303.533
303.507
303.481
303.455
303.43
303.404
303.379
303.354
303.329
303.304
303.279
303.255
303.23
303.205
303.181
303.157
303.132
303.108
303.084
303.06
303.036
303.011
302.985
302.958
302.931
302.911
310.593
309.814
309.131
308.585
308.193
307.943
307.811
307.767
307.779
307.82
307.872
307.921
307.967
308.01
308.05
308.083
308.102
308.093
308.044
307.94
307.766
307.507
307.146
306.67
306.073
305.355
304.541
303.487
303.829
303.951
304.025
304.075
304.106
304.121
304.124
304.118
304.106
304.089
304.069
304.047
304.024
303.999
303.973
303.947
303.92
303.893
303.866
303.838
303.81
303.782
303.755
303.727
303.699
303.672
303.645
303.617
303.59
303.564
303.537
303.511
303.485
303.458
303.433
303.407
303.381
303.356
303.331
303.306
303.281
303.256
303.231
303.207
303.182
303.158
303.133
303.109
303.085
303.06
303.036
303.011
302.986
302.96
302.935
302.918
310.605
309.856
309.203
308.683
308.307
308.067
307.941
307.9
307.914
307.954
308.005
308.052
308.095
308.135
308.173
308.211
308.242
308.252
308.231
308.158
308.021
307.81
307.499
307.07
306.518
305.843
305.065
304.275
304.059
304.051
304.095
304.135
304.16
304.169
304.168
304.157
304.141
304.121
304.098
304.073
304.047
304.02
303.993
303.964
303.936
303.907
303.879
303.85
303.821
303.793
303.764
303.735
303.707
303.679
303.651
303.623
303.596
303.569
303.542
303.515
303.488
303.462
303.436
303.41
303.384
303.358
303.333
303.308
303.282
303.257
303.232
303.208
303.183
303.158
303.134
303.109
303.085
303.061
303.036
303.012
302.987
302.962
302.94
302.925
310.62
309.902
309.278
308.781
308.421
308.19
308.069
308.032
308.047
308.087
308.137
308.182
308.223
308.259
308.295
308.333
308.369
308.394
308.392
308.348
308.248
308.077
307.809
307.427
306.929
306.309
305.56
304.749
304.131
304.116
304.165
304.2
304.218
304.221
304.214
304.199
304.178
304.154
304.127
304.1
304.071
304.041
304.012
303.982
303.952
303.922
303.892
303.862
303.832
303.803
303.773
303.744
303.715
303.686
303.657
303.629
303.601
303.573
303.546
303.519
303.492
303.465
303.439
303.412
303.386
303.36
303.335
303.309
303.284
303.259
303.234
303.209
303.184
303.159
303.134
303.11
303.085
303.061
303.037
303.012
302.988
302.964
302.944
302.93
310.638
309.954
309.358
308.88
308.532
308.31
308.195
308.16
308.177
308.218
308.266
308.311
308.35
308.383
308.416
308.453
308.491
308.523
308.537
308.516
308.445
308.306
308.076
307.742
307.289
306.702
305.966
305.046
303.712
304.142
304.244
304.272
304.279
304.274
304.261
304.24
304.215
304.187
304.157
304.126
304.094
304.063
304.031
303.999
303.968
303.936
303.905
303.874
303.843
303.813
303.782
303.752
303.722
303.693
303.664
303.635
303.606
303.578
303.55
303.523
303.495
303.468
303.442
303.415
303.389
303.363
303.337
303.311
303.285
303.26
303.235
303.21
303.185
303.16
303.135
303.11
303.086
303.061
303.037
303.012
302.988
302.965
302.945
302.929
310.656
310.003
309.431
308.973
308.638
308.425
308.316
308.285
308.303
308.346
308.394
308.438
308.476
308.506
308.537
308.571
308.61
308.647
308.67
308.666
308.619
308.509
308.316
308.024
307.613
307.062
306.371
305.558
304.789
304.485
304.384
304.353
304.341
304.327
304.308
304.282
304.252
304.22
304.186
304.152
304.117
304.083
304.05
304.016
303.983
303.95
303.918
303.886
303.854
303.822
303.791
303.76
303.73
303.7
303.67
303.641
303.612
303.583
303.555
303.527
303.499
303.472
303.444
303.418
303.391
303.365
303.338
303.313
303.287
303.261
303.236
303.211
303.185
303.16
303.136
303.111
303.086
303.062
303.037
303.013
302.989
302.965
302.94
302.915
310.672
310.047
309.5
309.059
308.738
308.534
308.433
308.405
308.426
308.47
308.519
308.563
308.599
308.628
308.657
308.69
308.727
308.766
308.797
308.805
308.776
308.692
308.532
308.274
307.887
307.349
306.67
305.884
305.127
304.617
304.452
304.41
304.394
304.378
304.354
304.323
304.288
304.251
304.214
304.176
304.139
304.103
304.067
304.032
303.998
303.964
303.93
303.897
303.864
303.832
303.8
303.768
303.737
303.707
303.676
303.646
303.617
303.588
303.559
303.531
303.503
303.475
303.447
303.42
303.393
303.367
303.34
303.314
303.288
303.262
303.237
303.211
303.186
303.161
303.136
303.111
303.086
303.062
303.037
303.013
302.989
302.963
302.932
302.892
310.686
310.087
309.563
309.141
308.833
308.639
308.544
308.52
308.543
308.588
308.639
308.683
308.718
308.747
308.776
308.807
308.844
308.884
308.918
308.935
308.923
308.861
308.728
308.497
308.129
307.596
306.891
306.052
305.18
304.407
304.399
304.435
304.443
304.428
304.4
304.364
304.324
304.282
304.24
304.2
304.16
304.122
304.084
304.048
304.012
303.977
303.942
303.908
303.874
303.841
303.808
303.776
303.744
303.713
303.682
303.652
303.622
303.592
303.563
303.534
303.506
303.478
303.45
303.423
303.396
303.369
303.342
303.316
303.289
303.264
303.238
303.212
303.187
303.162
303.136
303.111
303.087
303.062
303.037
303.013
302.989
302.965
302.938
302.902
310.699
310.126
309.623
309.218
308.925
308.741
308.652
308.63
308.654
308.701
308.752
308.797
308.833
308.862
308.892
308.923
308.959
308.999
309.036
309.06
309.059
309.016
308.905
308.696
308.352
307.838
307.132
306.241
305.157
303.48
304.298
304.485
304.509
304.487
304.449
304.404
304.357
304.31
304.265
304.221
304.179
304.139
304.1
304.062
304.025
303.989
303.953
303.918
303.884
303.85
303.816
303.784
303.751
303.719
303.688
303.657
303.627
303.597
303.567
303.538
303.509
303.481
303.453
303.425
303.398
303.371
303.344
303.317
303.291
303.265
303.239
303.213
303.187
303.162
303.137
303.112
303.087
303.062
303.037
303.013
302.989
302.966
302.936
302.849
310.712
310.164
309.684
309.297
309.017
308.841
308.755
308.735
308.76
308.808
308.86
308.905
308.942
308.974
309.004
309.036
309.072
309.112
309.15
309.179
309.187
309.158
309.069
308.886
308.578
308.103
307.432
306.583
305.663
304.896
304.747
304.68
304.618
304.558
304.499
304.442
304.388
304.336
304.287
304.24
304.196
304.154
304.114
304.075
304.037
304
303.963
303.928
303.892
303.858
303.824
303.791
303.758
303.726
303.694
303.662
303.631
303.601
303.571
303.542
303.512
303.484
303.455
303.427
303.4
303.372
303.345
303.318
303.292
303.266
303.239
303.214
303.188
303.162
303.137
303.112
303.087
303.062
303.037
303.013
302.989
302.968
302.948
302.925
310.726
310.204
309.746
309.377
309.109
308.94
308.856
308.836
308.86
308.908
308.96
309.007
309.046
309.08
309.112
309.145
309.181
309.221
309.26
309.292
309.306
309.29
309.218
309.06
308.788
308.358
307.746
306.991
306.217
305.569
305.126
304.88
304.731
304.627
304.545
304.476
304.414
304.357
304.305
304.256
304.211
304.168
304.126
304.086
304.047
304.01
303.973
303.936
303.901
303.866
303.831
303.797
303.764
303.731
303.699
303.667
303.636
303.605
303.575
303.545
303.516
303.487
303.458
303.43
303.402
303.374
303.347
303.32
303.293
303.266
303.24
303.214
303.188
303.163
303.137
303.112
303.087
303.061
303.037
303.012
302.989
302.968
302.951
302.939
310.74
310.244
309.809
309.458
309.202
309.038
308.955
308.932
308.954
309.002
309.054
309.102
309.144
309.181
309.215
309.25
309.286
309.326
309.365
309.398
309.417
309.409
309.351
309.214
308.972
308.576
308.009
307.307
306.561
305.881
305.334
305.006
304.809
304.677
304.58
304.501
304.433
304.373
304.319
304.269
304.222
304.178
304.136
304.096
304.057
304.018
303.981
303.944
303.908
303.873
303.838
303.804
303.77
303.737
303.704
303.672
303.64
303.609
303.578
303.548
303.519
303.489
303.46
303.432
303.404
303.376
303.348
303.321
303.294
303.267
303.241
303.215
303.188
303.163
303.137
303.112
303.086
303.061
303.036
303.012
302.988
302.967
302.949
302.935
310.755
310.288
309.878
309.545
309.3
309.139
309.053
309.027
309.044
309.089
309.141
309.191
309.235
309.275
309.313
309.349
309.387
309.426
309.464
309.497
309.518
309.515
309.469
309.35
309.129
308.763
308.235
307.551
306.766
305.989
305.348
305.028
304.834
304.699
304.597
304.515
304.445
304.383
304.328
304.278
304.231
304.187
304.145
304.104
304.064
304.026
303.988
303.951
303.915
303.879
303.844
303.809
303.775
303.742
303.709
303.676
303.644
303.613
303.582
303.551
303.521
303.492
303.463
303.434
303.405
303.377
303.349
303.322
303.295
303.268
303.241
303.215
303.189
303.163
303.137
303.111
303.086
303.061
303.036
303.011
302.988
302.965
302.942
302.918
310.77
310.332
309.947
309.633
309.398
309.241
309.152
309.121
309.132
309.171
309.222
309.273
309.319
309.363
309.403
309.442
309.48
309.519
309.557
309.589
309.61
309.609
309.567
309.458
309.252
308.907
308.386
307.682
306.852
305.976
305.079
304.95
304.812
304.694
304.598
304.517
304.448
304.388
304.333
304.283
304.237
304.193
304.151
304.11
304.071
304.032
303.994
303.957
303.921
303.885
303.849
303.814
303.78
303.746
303.713
303.68
303.648
303.616
303.585
303.554
303.524
303.494
303.465
303.436
303.407
303.379
303.351
303.323
303.296
303.268
303.242
303.215
303.189
303.162
303.136
303.111
303.085
303.06
303.035
303.011
302.987
302.963
302.932
302.89
310.787
310.379
310.02
309.723
309.498
309.344
309.254
309.218
309.222
309.253
309.299
309.349
309.398
309.443
309.486
309.527
309.566
309.605
309.641
309.673
309.693
309.69
309.649
309.548
309.354
309.024
308.525
307.835
306.966
305.995
304.994
304.889
304.777
304.675
304.586
304.51
304.444
304.386
304.333
304.284
304.239
304.196
304.154
304.114
304.075
304.037
303.999
303.962
303.926
303.89
303.854
303.819
303.785
303.751
303.717
303.684
303.651
303.619
303.588
303.557
303.526
303.496
303.467
303.437
303.408
303.38
303.352
303.324
303.296
303.269
303.242
303.215
303.188
303.162
303.136
303.11
303.084
303.059
303.034
303.01
302.987
302.964
302.94
302.914
310.803
310.426
310.093
309.816
309.604
309.455
309.362
309.322
309.318
309.34
309.38
309.426
309.474
309.52
309.564
309.606
309.646
309.684
309.719
309.749
309.766
309.76
309.719
309.619
309.422
309.093
308.598
307.915
307.043
306.022
304.957
304.844
304.74
304.647
304.567
304.496
304.434
304.379
304.328
304.282
304.238
304.197
304.156
304.117
304.079
304.041
304.004
303.967
303.93
303.894
303.859
303.823
303.789
303.754
303.721
303.687
303.655
303.622
303.591
303.56
303.529
303.498
303.469
303.439
303.41
303.381
303.353
303.325
303.297
303.269
303.242
303.215
303.188
303.161
303.135
303.109
303.083
303.057
303.033
303.009
302.985
302.963
302.941
302.923
310.82
310.477
310.172
309.915
309.714
309.571
309.477
309.435
309.422
309.437
309.47
309.511
309.556
309.601
309.644
309.685
309.724
309.761
309.794
309.82
309.833
309.822
309.775
309.666
309.461
309.12
308.602
307.874
306.966
305.958
304.927
304.802
304.702
304.616
304.542
304.477
304.419
304.368
304.32
304.277
304.235
304.195
304.156
304.118
304.081
304.044
304.007
303.97
303.934
303.898
303.862
303.827
303.792
303.758
303.724
303.691
303.658
303.625
303.593
303.562
303.531
303.5
303.47
303.441
303.411
303.382
303.354
303.325
303.297
303.269
303.242
303.215
303.187
303.16
303.134
303.107
303.081
303.055
303.03
303.006
302.982
302.957
302.931
302.908
310.838
310.528
310.252
310.017
309.829
309.697
309.601
309.559
309.538
309.547
309.573
309.608
309.647
309.688
309.729
309.768
309.803
309.837
309.865
309.887
309.893
309.874
309.817
309.695
309.478
309.127
308.608
307.89
306.98
305.935
304.873
304.751
304.66
304.583
304.514
304.454
304.401
304.353
304.309
304.268
304.229
304.192
304.155
304.118
304.081
304.045
304.009
303.973
303.937
303.901
303.865
303.83
303.795
303.761
303.727
303.693
303.66
303.628
303.596
303.564
303.533
303.502
303.472
303.442
303.412
303.383
303.354
303.326
303.298
303.27
303.242
303.214
303.187
303.159
303.132
303.105
303.079
303.052
303.027
303.002
302.977
302.949
302.916
302.886
310.856
310.581
310.335
310.124
309.95
309.83
309.735
309.695
309.666
309.67
309.688
309.717
309.751
309.785
309.821
309.855
309.886
309.914
309.936
309.95
309.946
309.917
309.843
309.701
309.456
309.072
308.512
307.755
306.837
305.822
304.748
304.686
304.62
304.551
304.486
304.43
304.38
304.336
304.296
304.258
304.222
304.187
304.152
304.116
304.081
304.046
304.01
303.975
303.939
303.904
303.868
303.833
303.798
303.764
303.73
303.696
303.663
303.63
303.598
303.566
303.535
303.504
303.473
303.443
303.414
303.384
303.355
303.326
303.298
303.27
303.242
303.214
303.186
303.158
303.13
303.103
303.075
303.049
303.023
302.997
302.972
302.944
302.91
302.88
310.875
310.634
310.418
310.23
310.076
309.971
309.881
309.841
309.809
309.807
309.818
309.839
309.865
309.892
309.922
309.948
309.972
309.992
310.006
310.008
309.993
309.947
309.851
309.678
309.4
308.981
308.414
307.687
306.805
305.785
304.509
304.644
304.599
304.527
304.46
304.405
304.358
304.318
304.281
304.247
304.213
304.18
304.147
304.114
304.08
304.046
304.011
303.976
303.941
303.906
303.87
303.835
303.801
303.766
303.732
303.698
303.665
303.632
303.6
303.568
303.536
303.505
303.475
303.444
303.414
303.385
303.356
303.327
303.298
303.27
303.241
303.213
303.185
303.156
303.128
303.1
303.072
303.044
303.017
302.991
302.966
302.94
302.913
302.892
310.895
310.691
310.505
310.343
310.211
310.12
310.041
309.998
309.965
309.955
309.959
309.97
309.988
310.008
310.029
310.047
310.062
310.071
310.072
310.061
310.028
309.959
309.833
309.622
309.3
308.847
308.271
307.587
306.789
305.916
305.079
304.791
304.621
304.512
304.436
304.38
304.335
304.298
304.265
304.234
304.204
304.174
304.143
304.111
304.079
304.045
304.011
303.977
303.942
303.907
303.872
303.837
303.803
303.768
303.734
303.7
303.667
303.634
303.601
303.569
303.538
303.507
303.476
303.445
303.415
303.386
303.356
303.327
303.298
303.269
303.241
303.212
303.183
303.155
303.126
303.097
303.068
303.039
303.01
302.983
302.957
302.933
302.912
302.897
310.914
310.748
310.596
310.466
310.357
310.276
310.209
310.165
310.13
310.112
310.106
310.109
310.119
310.13
310.14
310.148
310.152
310.149
310.136
310.106
310.049
309.95
309.786
309.532
309.171
308.697
308.124
307.471
306.746
305.986
305.296
304.841
304.609
304.484
304.407
304.353
304.313
304.279
304.25
304.222
304.194
304.167
304.138
304.108
304.077
304.044
304.011
303.977
303.943
303.908
303.874
303.839
303.804
303.77
303.736
303.702
303.669
303.636
303.603
303.571
303.539
303.508
303.477
303.446
303.416
303.386
303.357
303.327
303.298
303.269
303.24
303.211
303.182
303.153
303.123
303.093
303.063
303.033
303.003
302.973
302.946
302.921
302.901
302.889
310.937
310.811
310.694
310.595
310.507
310.437
310.378
310.332
310.291
310.268
310.255
310.252
310.258
310.262
310.259
310.251
310.241
310.225
310.195
310.141
310.053
309.918
309.715
309.428
309.05
308.585
308.037
307.416
306.734
306.015
305.31
304.7
304.522
304.433
304.372
304.327
304.291
304.261
304.235
304.21
304.186
304.16
304.133
304.104
304.074
304.043
304.011
303.977
303.943
303.909
303.875
303.84
303.806
303.771
303.737
303.703
303.67
303.637
303.604
303.572
303.54
303.509
303.478
303.447
303.417
303.387
303.357
303.328
303.298
303.269
303.24
303.21
303.181
303.151
303.12
303.09
303.058
303.026
302.994
302.962
302.931
302.903
302.881
302.868
310.958
310.874
310.797
310.727
310.656
310.595
310.538
310.489
310.443
310.411
310.398
310.404
310.42
310.421
310.399
310.362
310.334
310.305
310.257
310.175
310.049
309.88
309.646
309.337
308.966
308.53
308.009
307.398
306.716
305.99
305.215
304.189
304.38
304.376
304.339
304.303
304.272
304.246
304.222
304.2
304.178
304.154
304.128
304.101
304.072
304.041
304.01
303.977
303.944
303.91
303.875
303.841
303.807
303.772
303.738
303.704
303.671
303.638
303.605
303.573
303.541
303.509
303.478
303.447
303.417
303.387
303.357
303.328
303.298
303.269
303.239
303.209
303.179
303.149
303.118
303.086
303.053
303.02
302.985
302.95
302.915
302.883
302.855
302.837
310.967
310.929
310.89
310.849
310.793
310.74
310.694
310.643
310.584
310.532
310.523
310.565
310.606
310.614
310.559
310.461
310.412
310.392
310.335
310.229
310.056
309.866
309.626
309.312
308.963
308.561
308.033
307.378
306.669
305.987
305.345
304.665
304.421
304.361
304.32
304.287
304.258
304.234
304.213
304.192
304.172
304.149
304.125
304.097
304.068
304.039
304.009
303.977
303.944
303.91
303.876
303.842
303.807
303.773
303.739
303.705
303.672
303.639
303.606
303.574
303.542
303.51
303.479
303.448
303.417
303.387
303.357
303.328
303.298
303.269
303.239
303.209
303.178
303.147
303.116
303.083
303.049
303.014
302.977
302.939
302.9
302.861
302.824
302.789
310.944
310.98
310.924
310.939
310.872
310.869
310.982
310.965
310.842
310.68
310.558
310.612
310.647
310.663
310.63
310.483
310.406
310.386
310.308
310.16
309.921
309.713
309.483
309.119
308.816
308.439
307.93
307.299
306.817
306.329
305.638
304.764
304.244
304.324
304.306
304.277
304.251
304.227
304.206
304.187
304.167
304.145
304.121
304.094
304.063
304.036
304.007
303.976
303.944
303.91
303.876
303.842
303.808
303.774
303.74
303.706
303.673
303.64
303.607
303.575
303.542
303.511
303.479
303.448
303.418
303.387
303.358
303.328
303.298
303.269
303.239
303.208
303.177
303.146
303.114
303.081
303.046
303.01
302.971
302.93
302.887
302.841
302.789
302.719
310.961
310.983
310.969
310.954
310.899
310.854
310.855
310.806
310.711
310.632
310.611
310.642
310.653
310.633
310.589
310.477
310.413
310.381
310.301
310.16
309.951
309.734
309.473
309.119
308.794
308.394
307.896
307.258
306.682
306.125
305.499
304.838
304.384
304.334
304.306
304.278
304.253
304.226
304.202
304.182
304.161
304.14
304.117
304.087
304.042
304.03
304.003
303.974
303.943
303.91
303.876
303.842
303.808
303.774
303.74
303.706
303.673
303.64
303.608
303.576
303.543
303.511
303.479
303.448
303.418
303.388
303.358
303.328
303.299
303.269
303.238
303.207
303.177
303.145
303.113
303.079
303.044
303.007
302.967
302.924
302.878
302.831
302.784
302.742
310.982
310.992
310.989
310.951
310.89
310.818
310.764
310.71
310.651
310.612
310.615
310.63
310.627
310.601
310.551
310.473
310.405
310.346
310.257
310.136
309.952
309.755
309.498
309.168
308.809
308.373
307.835
307.195
306.543
305.907
305.291
304.742
304.433
304.344
304.303
304.271
304.243
304.217
304.195
304.173
304.151
304.13
304.107
304.077
304.044
304.026
304.003
303.975
303.944
303.911
303.878
303.843
303.809
303.775
303.741
303.708
303.674
303.642
303.609
303.577
303.545
303.513
303.481
303.45
303.419
303.389
303.359
303.329
303.3
303.27
303.24
303.209
303.178
303.147
303.114
303.08
303.045
303.008
302.968
302.925
302.879
302.831
302.784
302.744
310.994
310.994
310.965
310.895
310.819
310.75
310.694
310.645
310.606
310.589
310.587
310.585
310.567
310.535
310.488
310.438
310.382
310.321
310.237
310.127
309.972
309.775
309.503
309.153
308.754
308.281
307.714
307.095
306.491
305.9
305.35
304.895
304.611
304.438
304.343
304.278
304.228
304.195
304.172
304.15
304.128
304.103
304.076
304.047
304.018
303.993
303.965
303.934
303.902
303.869
303.835
303.8
303.766
303.733
303.699
303.667
303.634
303.602
303.57
303.539
303.507
303.476
303.445
303.415
303.385
303.356
303.327
303.297
303.268
303.239
303.209
303.178
303.148
303.116
303.083
303.048
303.012
302.974
302.933
302.89
302.845
302.802
302.767
302.746
310.997
310.993
310.957
310.868
310.785
310.723
310.671
310.624
310.587
310.567
310.561
310.553
310.534
310.503
310.46
310.41
310.353
310.287
310.196
310.084
309.94
309.746
309.462
309.088
308.653
308.184
307.626
307.002
306.385
305.82
305.301
304.88
304.617
304.451
304.348
304.277
304.224
304.189
304.164
304.142
304.12
304.097
304.072
304.045
304.016
303.989
303.958
303.926
303.894
303.861
303.828
303.794
303.761
303.728
303.694
303.662
303.629
303.597
303.566
303.534
303.503
303.472
303.442
303.412
303.382
303.353
303.324
303.295
303.265
303.236
303.206
303.176
303.145
303.113
303.081
303.046
303.011
302.973
302.932
302.889
302.845
302.803
302.77
302.751
310.997
310.967
310.923
310.808
310.722
310.661
310.61
310.563
310.521
310.486
310.458
310.43
310.399
310.361
310.314
310.254
310.181
310.089
309.96
309.801
309.612
309.386
309.043
308.56
307.957
307.305
306.668
306.073
305.622
305.293
305.026
304.785
304.578
304.424
304.329
304.269
304.222
304.19
304.167
304.148
304.131
304.112
304.091
304.067
304.037
304.001
303.959
303.921
303.888
303.857
303.826
303.794
303.762
303.73
303.698
303.665
303.634
303.602
303.571
303.54
303.509
303.479
303.449
303.419
303.389
303.359
303.33
303.301
303.271
303.241
303.211
303.181
303.151
303.12
303.088
303.056
303.023
302.988
302.951
302.913
302.874
302.837
302.808
302.793
310.99
310.943
310.895
310.789
310.709
310.643
310.586
310.535
310.49
310.449
310.411
310.373
310.333
310.288
310.234
310.166
310.08
309.964
309.803
309.586
309.307
308.974
308.554
308.037
307.392
306.694
306.102
305.667
305.372
305.156
304.969
304.787
304.608
304.445
304.33
304.266
304.225
304.197
304.177
304.161
304.146
304.13
304.109
304.085
304.053
304.013
303.968
303.927
303.893
303.862
303.831
303.799
303.767
303.735
303.703
303.671
303.639
303.608
303.577
303.546
303.515
303.485
303.454
303.424
303.394
303.363
303.333
303.302
303.272
303.242
303.213
303.183
303.153
303.123
303.093
303.063
303.031
302.998
302.964
302.93
302.896
302.864
302.838
302.824
310.981
310.924
310.876
310.79
310.713
310.642
310.579
310.525
310.477
310.433
310.391
310.348
310.303
310.254
310.195
310.124
310.03
309.902
309.715
309.444
309.064
308.587
308.058
307.521
306.922
306.318
305.846
305.532
305.315
305.142
304.982
304.822
304.654
304.485
304.349
304.271
304.23
304.204
304.184
304.168
304.153
304.136
304.117
304.093
304.061
304.022
303.976
303.935
303.902
303.869
303.836
303.804
303.771
303.739
303.706
303.675
303.643
303.612
303.581
303.55
303.52
303.489
303.458
303.428
303.397
303.366
303.334
303.304
303.273
303.244
303.214
303.185
303.155
303.126
303.096
303.066
303.035
303.003
302.971
302.939
302.908
302.879
302.857
302.843
310.974
310.913
310.86
310.787
310.715
310.642
310.578
310.522
310.473
310.428
310.384
310.34
310.293
310.241
310.181
310.107
310.012
309.879
309.682
309.379
308.92
308.313
307.677
307.113
306.591
306.123
305.763
305.507
305.313
305.15
304.997
304.841
304.679
304.519
304.379
304.286
304.235
304.206
304.184
304.168
304.153
304.136
304.117
304.094
304.065
304.03
303.987
303.945
303.908
303.873
303.839
303.806
303.773
303.741
303.709
303.677
303.645
303.614
303.583
303.552
303.522
303.491
303.46
303.429
303.398
303.367
303.336
303.305
303.275
303.245
303.215
303.186
303.156
303.127
303.097
303.067
303.036
303.005
302.973
302.942
302.912
302.885
302.864
302.852
)
;

boundaryField
{
    hot
    {
        type            fixedValue;
        value           uniform 311;
    }
    hotTop
    {
        type            fixedValue;
        value           uniform 311;
    }
    cold
    {
        type            inletOutlet;
        inletValue      uniform 301.3;
        value           nonuniform List<scalar> 
64
(
302.939
302.938
302.936
302.933
302.93
302.928
302.925
302.922
302.922
302.925
302.929
302.932
302.931
302.926
302.924
302.929
302.931
301.3
302.929
302.921
302.904
302.911
302.914
302.912
302.917
302.925
302.928
302.926
302.922
302.919
302.917
302.912
302.906
302.911
302.914
302.911
302.91
302.911
302.918
302.925
302.93
302.929
302.915
302.892
302.902
302.849
302.925
302.939
302.935
302.918
302.89
302.914
302.923
302.908
302.886
302.88
302.892
302.897
302.889
302.868
302.837
302.789
302.719
302.742
)
;
    }
    coldTop
    {
        type            zeroGradient;
    }
    top
    {
        type            zeroGradient;
    }
    btm
    {
        type            zeroGradient;
    }
    frontAndBack
    {
        type            empty;
    }
}


// ************************************************************************* //
