/*--------------------------------*- C++ -*----------------------------------*\
  =========                 |
  \\      /  F ield         | OpenFOAM: The Open Source CFD Toolbox
   \\    /   O peration     | Website:  https://openfoam.org
    \\  /    A nd           | Version:  6
     \\/     M anipulation  |
\*---------------------------------------------------------------------------*/
FoamFile
{
    version     2.0;
    format      ascii;
    class       volScalarField;
    location    "330";
    object      dmdt;
}
// * * * * * * * * * * * * * * * * * * * * * * * * * * * * * * * * * * * * * //

dimensions      [0 0 0 0 0 0 0];

internalField   nonuniform List<scalar> 
5964
(
-0.356977
-0.306499
-0.262601
-0.226426
-0.196921
-0.172297
-0.151043
-0.132254
-0.114949
-0.0983382
-0.0820432
-0.0657317
-0.049164
-0.0235853
-0.0369573
-0.0412303
-0.0450255
-0.0482646
-0.0509561
-0.0531332
-0.0548356
-0.0561044
-0.05698
-0.0575023
-0.0577101
-0.057641
-0.0573312
-0.0568148
-0.0561242
-0.0552889
-0.0543362
-0.0532901
-0.052172
-0.0510003
-0.0497909
-0.0485567
-0.0473087
-0.0460555
-0.0448039
-0.0435592
-0.0423252
-0.0411048
-0.0398999
-0.0387114
-0.0375401
-0.036386
-0.0352488
-0.0341281
-0.0330232
-0.0319334
-0.0308578
-0.0297956
-0.028746
-0.027708
-0.0266809
-0.0256638
-0.0246562
-0.0236572
-0.0226663
-0.0216829
-0.0207064
-0.0197363
-0.0187723
-0.0178137
-0.0168603
-0.0159117
-0.0149674
-0.014027
-0.0130903
-0.0121567
-0.0112259
-0.0102975
-0.00937109
-0.00844629
-0.00752273
-0.00659992
-0.00567723
-0.00475411
-0.00383137
-0.00291491
-0.00202406
-0.00120562
-0.000547583
-0.000170252
-0.356827
-0.306936
-0.264034
-0.22818
-0.198427
-0.173557
-0.152243
-0.133374
-0.116008
-0.0994091
-0.0830529
-0.0664797
-0.0493436
-0.0233895
-0.0368467
-0.0414189
-0.0452874
-0.0485243
-0.0511931
-0.0533442
-0.0550221
-0.0562692
-0.057126
-0.057632
-0.0578256
-0.0577439
-0.0574229
-0.0568964
-0.0561966
-0.0553529
-0.0543925
-0.0533395
-0.0522152
-0.051038
-0.0498236
-0.0485851
-0.0473333
-0.0460767
-0.0448223
-0.0435752
-0.0423392
-0.0411171
-0.0399107
-0.0387211
-0.0375487
-0.0363937
-0.0352558
-0.0341345
-0.0330291
-0.0319389
-0.0308629
-0.0298004
-0.0287504
-0.0277122
-0.0266848
-0.0256676
-0.0246598
-0.0236606
-0.0226695
-0.0216859
-0.0207093
-0.0197391
-0.0187749
-0.0178162
-0.0168627
-0.0159139
-0.0149695
-0.014029
-0.0130922
-0.0121585
-0.0112277
-0.0102992
-0.0093728
-0.00844807
-0.00752469
-0.00660225
-0.00568016
-0.00475772
-0.00383496
-0.00291559
-0.00201502
-0.00117666
-0.000491274
-9.2661e-05
-0.357545
-0.308669
-0.266064
-0.230033
-0.199853
-0.174539
-0.153026
-0.134105
-0.116838
-0.100516
-0.0843332
-0.0676485
-0.0498103
-0.0240142
-0.0369533
-0.0420009
-0.0458817
-0.0490625
-0.051669
-0.0537622
-0.0553891
-0.0565923
-0.0574116
-0.0578856
-0.0580515
-0.0579455
-0.0576026
-0.0570565
-0.0563388
-0.0554789
-0.0545036
-0.0534371
-0.0523006
-0.0511124
-0.0498883
-0.0486413
-0.047382
-0.046119
-0.0448591
-0.0436072
-0.0423672
-0.0411417
-0.0399324
-0.0387404
-0.037566
-0.0364093
-0.03527
-0.0341475
-0.033041
-0.0319499
-0.0308732
-0.02981
-0.0287595
-0.0277207
-0.0266929
-0.0256752
-0.024667
-0.0236675
-0.0226761
-0.0216921
-0.0207152
-0.0197447
-0.0187802
-0.0178212
-0.0168674
-0.0159184
-0.0149737
-0.014033
-0.013096
-0.0121621
-0.0112311
-0.0103026
-0.00937618
-0.00845156
-0.00752848
-0.00660661
-0.00568546
-0.00476413
-0.00384143
-0.00291763
-0.00200212
-0.00113286
-0.000404851
2.72504e-05
-0.358252
-0.310149
-0.267379
-0.230739
-0.199871
-0.17393
-0.152094
-0.133282
-0.116447
-0.100666
-0.0850001
-0.0688671
-0.0524483
-0.0374317
-0.0398867
-0.0434051
-0.0468814
-0.0498908
-0.0523806
-0.0543787
-0.0559261
-0.0570629
-0.0578268
-0.0582539
-0.0583796
-0.0582385
-0.0578644
-0.0572901
-0.0565467
-0.0556632
-0.0546664
-0.0535802
-0.052426
-0.0512219
-0.0499837
-0.0487241
-0.0474539
-0.0461815
-0.0449134
-0.0436546
-0.0424087
-0.0411781
-0.0399647
-0.0387691
-0.0375917
-0.0364325
-0.0352911
-0.0341668
-0.0330589
-0.0319665
-0.0308887
-0.0298245
-0.0287731
-0.0277336
-0.026705
-0.0256867
-0.0246779
-0.0236778
-0.0226859
-0.0217015
-0.0207241
-0.0197531
-0.0187882
-0.0178288
-0.0168746
-0.0159251
-0.0149801
-0.0140391
-0.0131017
-0.0121676
-0.0112363
-0.0103076
-0.00938117
-0.00845664
-0.00753384
-0.00661255
-0.00569234
-0.00477218
-0.00384979
-0.00292242
-0.00199387
-0.00109694
-0.000330263
0.000132455
-0.358608
-0.310689
-0.26726
-0.229571
-0.197727
-0.171276
-0.149428
-0.131004
-0.114803
-0.0997134
-0.0847517
-0.069131
-0.0528316
-0.0389234
-0.0409789
-0.04468
-0.0481014
-0.0509692
-0.0533098
-0.0551767
-0.0566155
-0.0576638
-0.0583556
-0.058723
-0.058798
-0.0586129
-0.0581996
-0.0575898
-0.0568139
-0.0559006
-0.0548764
-0.0537653
-0.0525883
-0.0513638
-0.0501074
-0.0488318
-0.0475475
-0.0462629
-0.0449843
-0.0437165
-0.0424629
-0.041226
-0.040007
-0.0388069
-0.0376257
-0.0364632
-0.0353191
-0.0341925
-0.0330826
-0.0319885
-0.0309092
-0.0298437
-0.0287912
-0.0277506
-0.0267212
-0.0257021
-0.0246924
-0.0236916
-0.022699
-0.0217139
-0.0207359
-0.0197643
-0.0187988
-0.0178389
-0.0168841
-0.0159341
-0.0149886
-0.0140471
-0.0131093
-0.0121748
-0.0112432
-0.0103143
-0.00938769
-0.00846317
-0.00754053
-0.00661963
-0.00570011
-0.00478089
-0.00385923
-0.00293079
-0.00199613
-0.00108455
-0.000295748
0.000185591
-0.35858
-0.310244
-0.265822
-0.227043
-0.194654
-0.168251
-0.146815
-0.128975
-0.113448
-0.0989916
-0.0845878
-0.069191
-0.0477393
-0.0131469
-0.0402557
-0.0460775
-0.0496411
-0.0523143
-0.054442
-0.0561319
-0.0574315
-0.0583713
-0.0589771
-0.0592747
-0.0592914
-0.0590556
-0.0585973
-0.0579465
-0.0571328
-0.0561846
-0.0551282
-0.0539875
-0.0527837
-0.0515349
-0.0502568
-0.048962
-0.0476609
-0.0463617
-0.0450704
-0.0437919
-0.0425291
-0.0412844
-0.0400589
-0.0388532
-0.0376674
-0.0365011
-0.0353536
-0.0342242
-0.0331119
-0.0320157
-0.0309347
-0.0298677
-0.0288138
-0.027772
-0.0267414
-0.0257212
-0.0247106
-0.0237089
-0.0227154
-0.0217295
-0.0207507
-0.0197784
-0.0188121
-0.0178515
-0.016896
-0.0159454
-0.0149992
-0.0140571
-0.0131187
-0.0121837
-0.0112518
-0.0103225
-0.00939566
-0.00847102
-0.00754839
-0.00662763
-0.00570841
-0.0047898
-0.00386922
-0.00294223
-0.00200831
-0.00109376
-0.000294909
0.000199513
-0.358146
-0.308967
-0.263772
-0.224277
-0.191611
-0.165525
-0.144756
-0.127646
-0.1128
-0.0991566
-0.0858738
-0.0721042
-0.0579477
-0.0461828
-0.0469206
-0.0493916
-0.0518243
-0.0539538
-0.0557469
-0.0572059
-0.0583387
-0.0591544
-0.0596653
-0.0598875
-0.0598416
-0.0595516
-0.0590448
-0.0583494
-0.0574944
-0.0565077
-0.0554154
-0.0542416
-0.0530074
-0.0517313
-0.0504285
-0.049112
-0.0477918
-0.0464759
-0.0451703
-0.0438794
-0.0426063
-0.0413527
-0.0401197
-0.0389077
-0.0377165
-0.0365457
-0.0353944
-0.0342618
-0.0331468
-0.0320482
-0.0309651
-0.0298962
-0.0288407
-0.0277974
-0.0267655
-0.0257441
-0.0247324
-0.0237296
-0.0227351
-0.0217482
-0.0207684
-0.0197952
-0.0188281
-0.0178666
-0.0169103
-0.0159589
-0.0150119
-0.0140691
-0.01313
-0.0121944
-0.0112619
-0.0103322
-0.009405
-0.00848011
-0.00755732
-0.00663646
-0.00571731
-0.00479923
-0.0038805
-0.00295792
-0.00203079
-0.0011192
-0.000306064
0.000218486
-0.357934
-0.30811
-0.26217
-0.222232
-0.189679
-0.164306
-0.144424
-0.128278
-0.114397
-0.101589
-0.0890076
-0.0762054
-0.0639436
-0.0547527
-0.0521927
-0.0527354
-0.054169
-0.0557181
-0.0571355
-0.0583377
-0.05929
-0.0599761
-0.0603904
-0.0605373
-0.060429
-0.0600848
-0.0595287
-0.0587874
-0.0578892
-0.0568616
-0.055731
-0.0545215
-0.0532546
-0.0519486
-0.0506191
-0.0492787
-0.0479376
-0.0466034
-0.0452821
-0.0439778
-0.0426931
-0.0414297
-0.0401885
-0.0389695
-0.0377725
-0.0365967
-0.0354413
-0.034305
-0.0331869
-0.0320857
-0.0310002
-0.0299294
-0.028872
-0.0278271
-0.0267936
-0.0257708
-0.0247578
-0.0237537
-0.022758
-0.02177
-0.0207892
-0.0198149
-0.0188467
-0.0178842
-0.016927
-0.0159746
-0.0150268
-0.0140831
-0.0131432
-0.0122068
-0.0112736
-0.0103433
-0.00941564
-0.00849035
-0.00756724
-0.00664615
-0.00572698
-0.00480966
-0.0038939
-0.00297832
-0.00205999
-0.00114106
-0.00026735
0.000362524
-0.357111
-0.306214
-0.260303
-0.221056
-0.189363
-0.16493
-0.146054
-0.131003
-0.118024
-0.105826
-0.0935369
-0.0808343
-0.0680311
-0.0572666
-0.0551366
-0.0554209
-0.0563597
-0.0574467
-0.0585077
-0.0594559
-0.0602324
-0.0607959
-0.0611214
-0.0611996
-0.0610342
-0.0606391
-0.0600356
-0.0592491
-0.0583072
-0.0572379
-0.0560677
-0.0548211
-0.0535197
-0.0521823
-0.0508245
-0.0494589
-0.0480955
-0.046742
-0.045404
-0.0440853
-0.0427883
-0.0415146
-0.0402645
-0.0390381
-0.0378348
-0.0366537
-0.0354937
-0.0343536
-0.0332322
-0.0321281
-0.0310401
-0.029967
-0.0289075
-0.0278608
-0.0268257
-0.0258013
-0.0247867
-0.0237813
-0.0227842
-0.0217949
-0.0208128
-0.0198373
-0.018868
-0.0179043
-0.016946
-0.0159926
-0.0150437
-0.014099
-0.0131582
-0.0122209
-0.0112869
-0.0103558
-0.00942752
-0.00850167
-0.0075781
-0.00665664
-0.00573738
-0.00482089
-0.00390825
-0.00299881
-0.00208126
-0.00111916
-8.50462e-05
0.000795394
-0.35715
-0.306107
-0.259907
-0.221162
-0.190851
-0.16777
-0.150209
-0.136577
-0.124482
-0.112796
-0.100319
-0.0867496
-0.0716798
-0.0360524
-0.0569847
-0.0578961
-0.0584465
-0.0590709
-0.059779
-0.0604893
-0.0611117
-0.0615738
-0.0618284
-0.0618518
-0.0616391
-0.0611998
-0.060553
-0.0597236
-0.0587393
-0.0576285
-0.0564183
-0.0551339
-0.0537973
-0.0524277
-0.0510407
-0.0496491
-0.0482628
-0.0468893
-0.0455339
-0.0442003
-0.0428906
-0.0416061
-0.0403469
-0.0391128
-0.0379029
-0.0367162
-0.0355515
-0.0344073
-0.0332824
-0.0321752
-0.0310845
-0.0300089
-0.0289473
-0.0278985
-0.0268616
-0.0258354
-0.0248192
-0.0238122
-0.0228137
-0.021823
-0.0208394
-0.0198626
-0.0188919
-0.017927
-0.0169674
-0.0160127
-0.0150627
-0.0141168
-0.0131749
-0.0122366
-0.0113016
-0.0103697
-0.00944056
-0.00851399
-0.00758979
-0.00666782
-0.0057483
-0.00483231
-0.00392191
-0.00301636
-0.00209526
-0.00108424
0.000115023
0.00124963
-0.357316
-0.30672
-0.261273
-0.223253
-0.19405
-0.172468
-0.156781
-0.144624
-0.133258
-0.122077
-0.109387
-0.0954486
-0.0807438
-0.0676503
-0.0634589
-0.0613633
-0.0605815
-0.060518
-0.0608543
-0.0613634
-0.0618759
-0.0622746
-0.0624871
-0.0624758
-0.0622297
-0.0617552
-0.0610708
-0.0602018
-0.0591771
-0.0580257
-0.0567761
-0.055454
-0.0540821
-0.05268
-0.0512636
-0.0498458
-0.0484364
-0.0470427
-0.0456698
-0.0443211
-0.0429987
-0.0417032
-0.0404347
-0.0391928
-0.0379762
-0.0367838
-0.0356142
-0.0344659
-0.0333373
-0.0322269
-0.0311333
-0.0300552
-0.0289912
-0.0279403
-0.0269013
-0.0258733
-0.0248553
-0.0238466
-0.0228464
-0.0218541
-0.020869
-0.0198906
-0.0189185
-0.0179521
-0.0169911
-0.0160351
-0.0150837
-0.0141366
-0.0131934
-0.0122539
-0.0113178
-0.0103848
-0.0094547
-0.00852723
-0.00760221
-0.00667954
-0.00575952
-0.00484352
-0.0039344
-0.00303335
-0.00212534
-0.00115344
-5.90259e-05
0.000907261
-0.356698
-0.3055
-0.261205
-0.225924
-0.199096
-0.179339
-0.165478
-0.154634
-0.143927
-0.133382
-0.120536
-0.106209
-0.091114
-0.0777197
-0.0692745
-0.064399
-0.0622216
-0.0615205
-0.0615891
-0.0619987
-0.0624816
-0.0628739
-0.0630824
-0.0630614
-0.0627974
-0.0622973
-0.0615813
-0.0606764
-0.0596133
-0.0584229
-0.0571347
-0.0557755
-0.0543689
-0.0529348
-0.0514894
-0.0500457
-0.0486134
-0.0471998
-0.0458097
-0.0444462
-0.043111
-0.0418048
-0.0405271
-0.0392773
-0.0380542
-0.0368561
-0.0356816
-0.034529
-0.0333966
-0.032283
-0.0311864
-0.0301056
-0.0290392
-0.027986
-0.0269449
-0.0259148
-0.0248949
-0.0238843
-0.0228823
-0.0218883
-0.0209015
-0.0199215
-0.0189477
-0.0179798
-0.0170172
-0.0160597
-0.0151068
-0.0141583
-0.0132137
-0.0122729
-0.0113355
-0.0104012
-0.0094699
-0.00854132
-0.00761528
-0.0066917
-0.00577088
-0.00485418
-0.00394439
-0.00304266
-0.00213576
-0.00117871
-0.000143962
0.000719997
-0.358167
-0.30938
-0.26612
-0.231688
-0.20611
-0.18797
-0.175622
-0.166067
-0.155995
-0.145979
-0.132632
-0.116939
-0.0998423
-0.083925
-0.0722178
-0.0655445
-0.0626448
-0.0617504
-0.061842
-0.0623389
-0.0629092
-0.0633668
-0.0636143
-0.0636086
-0.0633411
-0.0628236
-0.0620804
-0.0611424
-0.0600426
-0.0588143
-0.0574885
-0.0560933
-0.0546529
-0.0531877
-0.0517143
-0.0502455
-0.0487912
-0.0473583
-0.0459516
-0.0445738
-0.0432264
-0.0419098
-0.0406233
-0.0393659
-0.0381362
-0.0369326
-0.0357533
-0.0345965
-0.0334604
-0.0323434
-0.0312438
-0.0301602
-0.0290913
-0.0280357
-0.0269923
-0.02596
-0.0249381
-0.0239255
-0.0229215
-0.0219256
-0.0209369
-0.0199551
-0.0189796
-0.0180099
-0.0170457
-0.0160865
-0.015132
-0.0141818
-0.0132357
-0.0122934
-0.0113545
-0.0104188
-0.00948612
-0.00855622
-0.00762895
-0.00670422
-0.00578232
-0.00486446
-0.00395296
-0.00304777
-0.00213227
-0.00115124
-4.99874e-05
0.000940672
-0.358987
-0.312205
-0.271112
-0.238231
-0.214147
-0.197615
-0.186633
-0.178582
-0.169306
-0.159515
-0.145502
-0.127922
-0.107584
-0.0868698
-0.0702864
-0.0636502
-0.0613456
-0.0610234
-0.0615687
-0.0623931
-0.0631833
-0.0637777
-0.0641014
-0.0641299
-0.0638676
-0.0633365
-0.0625677
-0.0615969
-0.060461
-0.0591954
-0.0578329
-0.0564027
-0.0549297
-0.0534347
-0.0519346
-0.0504421
-0.048967
-0.047516
-0.0460937
-0.0447025
-0.0433437
-0.0420172
-0.0407224
-0.0394578
-0.038222
-0.0370131
-0.0358291
-0.0346681
-0.0335284
-0.032408
-0.0313054
-0.030219
-0.0291474
-0.0280893
-0.0270435
-0.026009
-0.0249848
-0.02397
-0.022964
-0.021966
-0.0209753
-0.0199916
-0.0190141
-0.0180425
-0.0170765
-0.0161155
-0.0151592
-0.0142073
-0.0132595
-0.0123155
-0.0113749
-0.0104376
-0.00950336
-0.00857192
-0.00764317
-0.00671704
-0.00579381
-0.00487462
-0.00396204
-0.00305732
-0.0021451
-0.00115031
9.5824e-05
0.00151416
-0.35962
-0.314438
-0.275592
-0.245078
-0.223129
-0.208299
-0.198584
-0.191705
-0.183057
-0.172866
-0.158098
-0.138609
-0.114695
-0.0876332
-0.0436604
-0.0581615
-0.0583486
-0.059464
-0.060899
-0.0622699
-0.0633855
-0.0641641
-0.0645825
-0.0646494
-0.0643909
-0.0638428
-0.0630451
-0.0620392
-0.0608657
-0.0595624
-0.0581637
-0.0566994
-0.0551953
-0.0536723
-0.0521471
-0.0506327
-0.0491384
-0.0476709
-0.0462343
-0.0448309
-0.0434617
-0.0421263
-0.0408238
-0.0395527
-0.0383111
-0.0370971
-0.0359087
-0.0347438
-0.0336004
-0.0324768
-0.0313711
-0.0302819
-0.0292075
-0.0281468
-0.0270985
-0.0260616
-0.025035
-0.024018
-0.0230097
-0.0220095
-0.0210167
-0.0200308
-0.0190513
-0.0180777
-0.0171096
-0.0161466
-0.0151884
-0.0142346
-0.013285
-0.0123391
-0.0113967
-0.0104577
-0.00952162
-0.00858844
-0.00765799
-0.0067302
-0.00580533
-0.00488451
-0.00397077
-0.00306765
-0.00216199
-0.00114645
0.000346171
0.00254465
-0.360574
-0.317336
-0.280752
-0.252761
-0.232957
-0.21973
-0.210995
-0.204729
-0.196766
-0.18632
-0.171062
-0.149804
-0.122447
-0.0902433
-0.041666
-0.05213
-0.0546063
-0.0575802
-0.0601563
-0.0621797
-0.0636521
-0.0646129
-0.0651115
-0.0651998
-0.0649296
-0.064352
-0.0635163
-0.0624693
-0.0612547
-0.0599122
-0.0584771
-0.0569799
-0.0554462
-0.0538971
-0.0523491
-0.0508148
-0.0493035
-0.0478212
-0.0463721
-0.044958
-0.0435795
-0.0422363
-0.040927
-0.0396499
-0.0384032
-0.0371846
-0.0359921
-0.0348234
-0.0336766
-0.0325497
-0.031441
-0.0303489
-0.0292717
-0.0282083
-0.0271574
-0.0261179
-0.0250889
-0.0240694
-0.0230587
-0.0220562
-0.021061
-0.0200729
-0.0190911
-0.0181153
-0.017145
-0.0161799
-0.0152196
-0.0142638
-0.0133121
-0.0123643
-0.01142
-0.0104789
-0.00954094
-0.00860584
-0.00767349
-0.00674383
-0.00581708
-0.00489434
-0.00397916
-0.00307931
-0.00220224
-0.00132161
-0.000307062
0.00085373
-0.36203
-0.321696
-0.287772
-0.261902
-0.24361
-0.231514
-0.223463
-0.217459
-0.21001
-0.199307
-0.183443
-0.160685
-0.130567
-0.0941378
-0.040642
-0.0332756
-0.0505213
-0.0560262
-0.0597912
-0.0624003
-0.0641504
-0.0652243
-0.0657478
-0.0658152
-0.0655023
-0.0648732
-0.0639846
-0.062887
-0.0616259
-0.0602417
-0.0587698
-0.0572405
-0.0556791
-0.0541062
-0.0525379
-0.0509863
-0.0494603
-0.0479656
-0.0465058
-0.0450827
-0.0436966
-0.0423466
-0.0410316
-0.0397494
-0.0384981
-0.0372755
-0.0360791
-0.034907
-0.0337568
-0.0326268
-0.0315151
-0.03042
-0.0293401
-0.0282739
-0.0272202
-0.0261781
-0.0251464
-0.0241243
-0.0231111
-0.022106
-0.0211084
-0.0201177
-0.0191336
-0.0181554
-0.0171828
-0.0162154
-0.0152529
-0.0142949
-0.013341
-0.012391
-0.0114446
-0.0105014
-0.00956138
-0.00862421
-0.00768981
-0.00675814
-0.0058294
-0.00490462
-0.00398748
-0.00308797
-0.00222647
-0.00143052
-0.00071983
-0.000166391
-0.363743
-0.326598
-0.295307
-0.27141
-0.254482
-0.243301
-0.235905
-0.229815
-0.222326
-0.211099
-0.194497
-0.170618
-0.138585
-0.0990561
-0.0412283
-0.0320309
-0.049444
-0.0559988
-0.0603519
-0.0632194
-0.0650405
-0.0660887
-0.066542
-0.066523
-0.0661225
-0.0654119
-0.0644508
-0.0632906
-0.0619762
-0.0605473
-0.0590382
-0.057478
-0.0558911
-0.0542971
-0.0527113
-0.0511454
-0.0496074
-0.0481028
-0.0466347
-0.0452045
-0.0438123
-0.0424571
-0.0411373
-0.039851
-0.0385959
-0.0373696
-0.0361699
-0.0349945
-0.0338413
-0.0327082
-0.0315935
-0.0304954
-0.0294126
-0.0283435
-0.027287
-0.026242
-0.0252075
-0.0241827
-0.0231667
-0.0221589
-0.0211587
-0.0201654
-0.0191787
-0.018198
-0.0172229
-0.0162531
-0.0152882
-0.0143278
-0.0133716
-0.0124193
-0.0114706
-0.0105253
-0.00958299
-0.00864363
-0.00770708
-0.00677332
-0.00584253
-0.00491567
-0.0039962
-0.0030943
-0.00223408
-0.00146078
-0.000841067
-0.000464386
-0.365479
-0.331621
-0.303004
-0.280973
-0.265354
-0.254889
-0.247903
-0.241379
-0.233268
-0.221417
-0.204152
-0.179396
-0.145877
-0.104254
-0.0428707
-0.0332859
-0.0513605
-0.057914
-0.0621426
-0.0648176
-0.0664228
-0.0672595
-0.0675205
-0.0673346
-0.0667934
-0.0659669
-0.0649116
-0.0636758
-0.0623013
-0.060825
-0.0592785
-0.0576891
-0.0560793
-0.0544674
-0.0528677
-0.0512906
-0.0497438
-0.0482321
-0.0467581
-0.045323
-0.0439266
-0.0425676
-0.0412443
-0.0399548
-0.0386965
-0.0374672
-0.0362646
-0.0350862
-0.03393
-0.0327939
-0.0316762
-0.0305752
-0.0294893
-0.0284173
-0.0273578
-0.0263099
-0.0252724
-0.0242446
-0.0232258
-0.0222151
-0.021212
-0.020216
-0.0192265
-0.0182431
-0.0172654
-0.0162929
-0.0153254
-0.0143625
-0.0134039
-0.0124492
-0.0114981
-0.0105504
-0.0096058
-0.00866417
-0.00772538
-0.00678942
-0.00585645
-0.0049272
-0.00400458
-0.00309774
-0.00223022
-0.00145052
-0.000836235
-0.000480938
-0.367213
-0.336649
-0.310757
-0.290619
-0.276146
-0.265904
-0.258617
-0.251134
-0.241999
-0.229562
-0.212042
-0.187312
-0.153483
-0.110315
-0.0452775
-0.0369976
-0.056405
-0.0618833
-0.0652328
-0.0672294
-0.0683086
-0.0687351
-0.0686754
-0.0682394
-0.067504
-0.0665277
-0.0653577
-0.0640348
-0.0625947
-0.0610694
-0.0594866
-0.0578706
-0.0562414
-0.0546155
-0.0530056
-0.0514212
-0.049869
-0.0483532
-0.046876
-0.0454383
-0.0440394
-0.0426782
-0.0413527
-0.0400609
-0.0388003
-0.0375686
-0.0363633
-0.0351822
-0.0340232
-0.0328842
-0.0317636
-0.0306595
-0.0295705
-0.0284954
-0.0274328
-0.0263817
-0.0253411
-0.0243102
-0.0232882
-0.0222745
-0.0212684
-0.0202694
-0.0192769
-0.0182907
-0.0173101
-0.0163349
-0.0153647
-0.0143991
-0.0134378
-0.0124806
-0.011527
-0.0105768
-0.00962984
-0.00868584
-0.00774472
-0.00680643
-0.00587098
-0.00493872
-0.00401152
-0.00309664
-0.00221506
-0.00141277
-0.000758499
-0.000313902
-0.36889
-0.341434
-0.318042
-0.299579
-0.285893
-0.275703
-0.267682
-0.259161
-0.248934
-0.235639
-0.217951
-0.193854
-0.160619
-0.116474
-0.0474145
-0.0616185
-0.064936
-0.0677309
-0.0694519
-0.0703322
-0.0706114
-0.0704525
-0.06996
-0.0692023
-0.0682279
-0.0670744
-0.0657742
-0.0643563
-0.062848
-0.0612743
-0.059658
-0.0580193
-0.0563752
-0.0547398
-0.0531242
-0.0515366
-0.0499828
-0.0484662
-0.0469886
-0.0455506
-0.0441513
-0.0427894
-0.041463
-0.0401699
-0.0389077
-0.037674
-0.0364665
-0.0352829
-0.0341212
-0.0329794
-0.0318557
-0.0307485
-0.0296563
-0.0285779
-0.0275119
-0.0264575
-0.0254136
-0.0243794
-0.0233541
-0.0223371
-0.0213278
-0.0203256
-0.0193301
-0.0183407
-0.0173571
-0.016379
-0.0154059
-0.0144375
-0.0134735
-0.0125135
-0.0115573
-0.0106046
-0.00965509
-0.00870865
-0.00776511
-0.00682432
-0.00588609
-0.00495019
-0.00401722
-0.00309199
-0.00219122
-0.00134613
-0.000529115
0.000563527
-0.370308
-0.34556
-0.324393
-0.307457
-0.29426
-0.283889
-0.27458
-0.264498
-0.252721
-0.238518
-0.220895
-0.197886
-0.16654
-0.122739
-0.0314231
-0.0711425
-0.0739747
-0.0745162
-0.0743507
-0.0738579
-0.0731565
-0.072294
-0.071293
-0.0701665
-0.0689246
-0.0675783
-0.0661404
-0.0646258
-0.063051
-0.0614328
-0.0597881
-0.0581322
-0.0564789
-0.0548396
-0.0532234
-0.0516371
-0.0500856
-0.0485717
-0.0470967
-0.0456607
-0.0442629
-0.042902
-0.0415758
-0.0402823
-0.0390191
-0.037784
-0.0365746
-0.0353887
-0.0342244
-0.0330797
-0.0319529
-0.0308424
-0.0297469
-0.0286649
-0.0275955
-0.0265375
-0.0254901
-0.0244523
-0.0234235
-0.0224031
-0.0213903
-0.0203847
-0.0193859
-0.0183933
-0.0174065
-0.0164252
-0.015449
-0.0144777
-0.0135107
-0.0125479
-0.011589
-0.0106336
-0.00968153
-0.00873256
-0.00778649
-0.00684308
-0.00590188
-0.0049621
-0.00402316
-0.00308746
-0.00216534
-0.00124258
0.000105575
0.00419647
-0.371417
-0.348719
-0.329344
-0.313739
-0.300758
-0.289587
-0.278545
-0.266747
-0.253547
-0.238462
-0.220562
-0.198516
-0.170951
-0.136437
-0.0903278
-0.0895628
-0.0850164
-0.0818956
-0.0794764
-0.0774703
-0.0757146
-0.0741044
-0.0725687
-0.0710591
-0.0695439
-0.0680046
-0.0664325
-0.0648271
-0.0631928
-0.061538
-0.0598726
-0.0582072
-0.0565516
-0.0549147
-0.0533035
-0.0517236
-0.0501786
-0.0486708
-0.0472013
-0.0457698
-0.0443755
-0.0430169
-0.0416921
-0.040399
-0.0391355
-0.0378993
-0.0366881
-0.0355001
-0.0343331
-0.0331854
-0.0320554
-0.0309415
-0.0298424
-0.0287568
-0.0276836
-0.0266218
-0.0255705
-0.024529
-0.0234965
-0.0224723
-0.0214559
-0.0204467
-0.0194443
-0.0184483
-0.0174581
-0.0164735
-0.0154941
-0.0145196
-0.0135496
-0.0125839
-0.011622
-0.0106639
-0.00970911
-0.00875751
-0.00780882
-0.00686267
-0.0059184
-0.00497478
-0.00403036
-0.00308618
-0.00215298
-0.00124542
-0.000228412
0.00160195
-0.372226
-0.350954
-0.332558
-0.317581
-0.304398
-0.291674
-0.278768
-0.265215
-0.25054
-0.23473
-0.217324
-0.197402
-0.173792
-0.145981
-0.117973
-0.104018
-0.0947602
-0.0886132
-0.084177
-0.0807745
-0.0780303
-0.0757132
-0.0736711
-0.0718006
-0.0700311
-0.0683158
-0.0666253
-0.0649433
-0.0632629
-0.0615834
-0.0599081
-0.0582427
-0.0565933
-0.054966
-0.053366
-0.0517976
-0.0502635
-0.0487655
-0.0473042
-0.0458794
-0.0444903
-0.0431354
-0.041813
-0.0405211
-0.0392576
-0.0380206
-0.0368079
-0.0356176
-0.0344479
-0.0332971
-0.0321636
-0.0310461
-0.0299431
-0.0288535
-0.0277763
-0.0267104
-0.0256551
-0.0246095
-0.023573
-0.0225449
-0.0215246
-0.0205116
-0.0195054
-0.0185057
-0.017512
-0.0165239
-0.0155411
-0.0145633
-0.0135901
-0.0126212
-0.0116564
-0.0106953
-0.00973775
-0.00878341
-0.00783199
-0.00688299
-0.00593554
-0.00498808
-0.00403847
-0.00308633
-0.00213816
-0.00117828
0.000210685
0.0043289
-0.372875
-0.352526
-0.334254
-0.318547
-0.304238
-0.289432
-0.274361
-0.259223
-0.243502
-0.227332
-0.210242
-0.191371
-0.170499
-0.147955
-0.126665
-0.112748
-0.101696
-0.0937744
-0.0879106
-0.0834224
-0.0798703
-0.0769605
-0.0744898
-0.0723147
-0.0703338
-0.0684764
-0.0666952
-0.0649597
-0.0632523
-0.0615642
-0.0598927
-0.0582386
-0.056605
-0.0549953
-0.0534131
-0.0518615
-0.0503426
-0.0488578
-0.0474076
-0.0459917
-0.0446093
-0.0432593
-0.04194
-0.0406497
-0.0393866
-0.0381489
-0.0369346
-0.0357419
-0.0345693
-0.0334152
-0.032278
-0.0311564
-0.0300493
-0.0289554
-0.0278738
-0.0268036
-0.0257439
-0.024694
-0.0236531
-0.0226208
-0.0215963
-0.0205793
-0.0195692
-0.0185656
-0.0175681
-0.0165763
-0.01559
-0.0146087
-0.0136321
-0.01266
-0.011692
-0.0107279
-0.00976738
-0.00881018
-0.0078559
-0.00690392
-0.00595322
-0.00500197
-0.00404758
-0.00308895
-0.00213485
-0.00121325
-0.000308322
0.000852483
-0.373283
-0.353338
-0.334376
-0.31668
-0.30068
-0.283316
-0.266134
-0.249664
-0.233443
-0.217582
-0.201621
-0.184789
-0.166908
-0.148195
-0.130454
-0.117271
-0.105807
-0.0970778
-0.0903847
-0.0851812
-0.0810598
-0.0777183
-0.0749325
-0.0725362
-0.070407
-0.0684565
-0.0666229
-0.0648646
-0.0631548
-0.061478
-0.0598264
-0.0581968
-0.0565894
-0.0550058
-0.0534482
-0.0519188
-0.0504193
-0.0489509
-0.0475142
-0.0461089
-0.0447346
-0.0433903
-0.0420747
-0.0407863
-0.0395237
-0.0382851
-0.0370691
-0.0358738
-0.034698
-0.0335401
-0.0323988
-0.0312729
-0.0301611
-0.0290626
-0.0279763
-0.0269013
-0.0258369
-0.0247823
-0.0237369
-0.0227
-0.0216712
-0.0206498
-0.0196355
-0.0186279
-0.0176264
-0.0166308
-0.0156407
-0.0146557
-0.0136756
-0.0127
-0.0117288
-0.0107615
-0.00979792
-0.00883773
-0.00788047
-0.00692544
-0.00597154
-0.00501693
-0.00405903
-0.00309657
-0.0021384
-0.00122379
-0.000439715
0.000102049
-0.373394
-0.35329
-0.333317
-0.312756
-0.294371
-0.274498
-0.255664
-0.238051
-0.221704
-0.206642
-0.191947
-0.176919
-0.161252
-0.145482
-0.130517
-0.118608
-0.107456
-0.0985525
-0.0915083
-0.0859343
-0.0814913
-0.077899
-0.0749329
-0.0724172
-0.0702178
-0.0682347
-0.066396
-0.0646516
-0.0629685
-0.0613259
-0.059712
-0.058121
-0.0565509
-0.055002
-0.0534757
-0.0519737
-0.0504975
-0.0490484
-0.0476271
-0.0462339
-0.0448686
-0.0435305
-0.0422189
-0.0409325
-0.0396701
-0.0384305
-0.0372123
-0.036014
-0.0348345
-0.0336724
-0.0325265
-0.0313957
-0.030279
-0.0291754
-0.0280839
-0.0270038
-0.0259343
-0.0248747
-0.0238244
-0.0227827
-0.0217491
-0.0207232
-0.0197045
-0.0186925
-0.0176868
-0.0166872
-0.0156931
-0.0147043
-0.0137205
-0.0127414
-0.0117667
-0.0107961
-0.00982929
-0.00886597
-0.00790561
-0.00694751
-0.00599061
-0.00503336
-0.00407379
-0.00311118
-0.00215388
-0.00124013
-0.000468346
5.6596e-08
-0.373258
-0.352517
-0.330762
-0.306984
-0.286022
-0.263991
-0.243565
-0.225329
-0.209291
-0.195135
-0.181761
-0.1685
-0.154862
-0.141326
-0.128524
-0.117674
-0.107085
-0.0983651
-0.0913083
-0.0856491
-0.0811147
-0.0774542
-0.0744515
-0.0719292
-0.0697476
-0.0678005
-0.0660099
-0.0643208
-0.0626963
-0.0611124
-0.0595553
-0.0580174
-0.0564958
-0.0549901
-0.0535013
-0.0520313
-0.0505818
-0.0491543
-0.0477502
-0.04637
-0.0450141
-0.0436825
-0.0423746
-0.0410899
-0.0398274
-0.0385862
-0.0373652
-0.0361633
-0.0349795
-0.0338126
-0.0326615
-0.0315253
-0.0304031
-0.0292938
-0.0281968
-0.0271111
-0.0260361
-0.0249711
-0.0239155
-0.0228687
-0.0218301
-0.0207994
-0.019776
-0.0187594
-0.0177494
-0.0167454
-0.0157473
-0.0147545
-0.0137668
-0.012784
-0.0118057
-0.0108316
-0.00986142
-0.00889483
-0.00793127
-0.00697006
-0.00601028
-0.00505082
-0.00409043
-0.00312877
-0.00217242
-0.0012544
-0.000470101
6.63744e-06
-0.37284
-0.35092
-0.327168
-0.30045
-0.276136
-0.25227
-0.230378
-0.211868
-0.196638
-0.183697
-0.171775
-0.160008
-0.147964
-0.136074
-0.124807
-0.114979
-0.105044
-0.0966972
-0.0898567
-0.0843396
-0.0799195
-0.076367
-0.0734738
-0.071063
-0.0689931
-0.0671553
-0.0654696
-0.0638794
-0.0623467
-0.0608468
-0.0593655
-0.057895
-0.0564324
-0.0549775
-0.0535319
-0.0520978
-0.0506775
-0.0492734
-0.0478873
-0.0465205
-0.0451741
-0.0438485
-0.042544
-0.0412602
-0.0399969
-0.0387533
-0.0375288
-0.0363225
-0.0351336
-0.0339612
-0.0328043
-0.031662
-0.0305336
-0.0294182
-0.028315
-0.0272232
-0.0261423
-0.0250715
-0.0240102
-0.022958
-0.0219142
-0.0208783
-0.0198499
-0.0188286
-0.017814
-0.0168056
-0.0158031
-0.0148062
-0.0138145
-0.0128278
-0.0118457
-0.0108679
-0.00989427
-0.00892425
-0.00795737
-0.00699297
-0.00603029
-0.00506855
-0.00410691
-0.00314459
-0.00218494
-0.00125417
-0.000443765
5.87115e-05
-0.372068
-0.348458
-0.322697
-0.293518
-0.265579
-0.239911
-0.217484
-0.199231
-0.184869
-0.17303
-0.162385
-0.151858
-0.141019
-0.130268
-0.119958
-0.110925
-0.101591
-0.0936947
-0.087225
-0.0820362
-0.0779174
-0.0746438
-0.0720065
-0.069828
-0.0679661
-0.0663128
-0.0647897
-0.0633422
-0.061934
-0.0605425
-0.0591549
-0.0577648
-0.0563706
-0.0549732
-0.0535752
-0.0521799
-0.0507907
-0.0494107
-0.0480427
-0.0466891
-0.0453516
-0.0440313
-0.0427291
-0.0414453
-0.0401801
-0.0389331
-0.0377041
-0.0364924
-0.0352975
-0.0341187
-0.0329551
-0.0318061
-0.0306708
-0.0295486
-0.0284386
-0.0273403
-0.026253
-0.0251759
-0.0241087
-0.0230506
-0.0220011
-0.0209599
-0.0199263
-0.0189
-0.0178805
-0.0168674
-0.0158605
-0.0148592
-0.0138634
-0.0128726
-0.0118866
-0.0109051
-0.00992779
-0.00895421
-0.00798389
-0.0070162
-0.00605051
-0.00508628
-0.00412294
-0.0031596
-0.00219805
-0.00126104
-0.000437997
7.70574e-05
-0.371196
-0.345593
-0.317505
-0.285789
-0.255079
-0.227862
-0.20516
-0.187492
-0.174144
-0.163444
-0.153952
-0.144437
-0.134435
-0.124273
-0.114354
-0.105765
-0.096872
-0.0894351
-0.0834551
-0.0787655
-0.0751309
-0.0723074
-0.0700746
-0.0682504
-0.0666932
-0.065299
-0.0639947
-0.0627314
-0.0614783
-0.0602172
-0.058939
-0.0576404
-0.0563222
-0.0549872
-0.0536399
-0.052285
-0.0509274
-0.0495714
-0.0482211
-0.0468796
-0.0455498
-0.0442334
-0.0429322
-0.041647
-0.0403785
-0.0391268
-0.037892
-0.0366738
-0.0354718
-0.0342855
-0.0331144
-0.0319577
-0.0308148
-0.0296851
-0.0285678
-0.0274624
-0.0263681
-0.0252844
-0.0242107
-0.0231464
-0.022091
-0.021044
-0.020005
-0.0189734
-0.0179489
-0.016931
-0.0159194
-0.0149137
-0.0139135
-0.0129185
-0.0119285
-0.0109431
-0.00996195
-0.0089847
-0.00801082
-0.00703973
-0.0060709
-0.005104
-0.004139
-0.00317638
-0.00222093
-0.00129937
-0.000501167
-8.38858e-06
-0.370142
-0.342265
-0.311666
-0.277382
-0.244525
-0.216555
-0.194152
-0.177305
-0.164808
-0.154972
-0.146386
-0.137665
-0.128264
-0.118306
-0.10826
-0.0995865
-0.0908877
-0.0839033
-0.0785431
-0.0745407
-0.0715878
-0.0693956
-0.0677207
-0.0663738
-0.0652162
-0.0641519
-0.0631182
-0.0620764
-0.0610047
-0.0598923
-0.058736
-0.0575371
-0.0562999
-0.0550304
-0.0537351
-0.0524208
-0.0510942
-0.0497611
-0.0484268
-0.0470958
-0.0457717
-0.0444575
-0.0431553
-0.041867
-0.0405934
-0.0393355
-0.0380934
-0.0368673
-0.035657
-0.0344622
-0.0332824
-0.0321171
-0.0309658
-0.0298278
-0.0287026
-0.0275894
-0.0264876
-0.0253967
-0.0243162
-0.0232453
-0.0221836
-0.0211306
-0.0200858
-0.0190488
-0.018019
-0.0169961
-0.0159797
-0.0149693
-0.0139647
-0.0129654
-0.0119712
-0.0109818
-0.00999674
-0.00901569
-0.00803815
-0.00706355
-0.00609138
-0.00512142
-0.00415409
-0.00319173
-0.00224397
-0.00134502
-0.000585793
-0.00012872
-0.368961
-0.33869
-0.305745
-0.269707
-0.235761
-0.207938
-0.186436
-0.170449
-0.158435
-0.148787
-0.140318
-0.13187
-0.122717
-0.11256
-0.101791
-0.0922402
-0.0834446
-0.0769714
-0.0724369
-0.0693651
-0.0673258
-0.0659642
-0.0650076
-0.0642604
-0.0635922
-0.0629218
-0.0622031
-0.0614131
-0.0605428
-0.0595922
-0.0585659
-0.0574714
-0.0563175
-0.0551138
-0.0538699
-0.0525948
-0.0512972
-0.0499847
-0.0486641
-0.047341
-0.0460202
-0.0447057
-0.0434004
-0.0421067
-0.0408262
-0.03956
-0.038309
-0.0370735
-0.0358534
-0.0346488
-0.0334593
-0.0322845
-0.0311238
-0.0299768
-0.0288428
-0.0277212
-0.0266115
-0.0255129
-0.024425
-0.0233472
-0.0222789
-0.0212196
-0.0201688
-0.019126
-0.0180908
-0.0170627
-0.0160412
-0.0150261
-0.0140169
-0.0130132
-0.0120148
-0.0110212
-0.0100321
-0.00904719
-0.00806588
-0.00708765
-0.00611195
-0.0051385
-0.00416779
-0.0032031
-0.00225735
-0.00137041
-0.000635097
-0.000200944
-0.367738
-0.335209
-0.300662
-0.264236
-0.230029
-0.202523
-0.181966
-0.166845
-0.155186
-0.145482
-0.136572
-0.127551
-0.117881
-0.107027
-0.0948678
-0.0831453
-0.0740681
-0.0683984
-0.0650578
-0.0632516
-0.0624066
-0.0620974
-0.0620244
-0.0619943
-0.0618952
-0.061671
-0.0613006
-0.0607826
-0.0601258
-0.0593433
-0.0584498
-0.05746
-0.0563884
-0.0552486
-0.0540533
-0.0528143
-0.0515425
-0.0502472
-0.0489368
-0.0476184
-0.046298
-0.0449802
-0.043669
-0.0423674
-0.0410777
-0.0398013
-0.0385395
-0.0372928
-0.0360615
-0.0348457
-0.0336453
-0.0324598
-0.0312889
-0.030132
-0.0289885
-0.0278579
-0.0267395
-0.0256328
-0.0245372
-0.023452
-0.0223767
-0.0213108
-0.0202537
-0.019205
-0.0181641
-0.0171306
-0.016104
-0.0150839
-0.01407
-0.0130618
-0.012059
-0.0110612
-0.0100681
-0.00907919
-0.00809404
-0.00711208
-0.00613276
-0.00515573
-0.00418139
-0.00321313
-0.0022646
-0.00137717
-0.00064445
-0.000213575
-0.366541
-0.331726
-0.295456
-0.258802
-0.225702
-0.199878
-0.180888
-0.16695
-0.155869
-0.146049
-0.13636
-0.12622
-0.115102
-0.102352
-0.0873635
-0.0707174
-0.0619001
-0.0579001
-0.0563656
-0.0562616
-0.0569399
-0.0579223
-0.0588953
-0.0596855
-0.0602173
-0.0604737
-0.060469
-0.0602304
-0.0597886
-0.0591726
-0.0584086
-0.0575195
-0.0565255
-0.0554447
-0.0542933
-0.0530857
-0.0518351
-0.0505526
-0.0492484
-0.0479308
-0.046607
-0.0452827
-0.0439625
-0.0426503
-0.0413487
-0.0400599
-0.0387851
-0.0375255
-0.0362813
-0.035053
-0.0338403
-0.0326431
-0.0314608
-0.0302932
-0.0291395
-0.0279992
-0.0268716
-0.0257562
-0.0246524
-0.0235595
-0.0224769
-0.021404
-0.0203404
-0.0192855
-0.0182387
-0.0171996
-0.0161678
-0.0151427
-0.0141239
-0.0131111
-0.0121039
-0.0111018
-0.0101046
-0.00911166
-0.00812261
-0.00713688
-0.00615395
-0.00517354
-0.00419601
-0.00322423
-0.00226994
-0.00137093
-0.00061911
-0.000170142
-0.365324
-0.32845
-0.291114
-0.255045
-0.223747
-0.19987
-0.182867
-0.170806
-0.160822
-0.151524
-0.141459
-0.129994
-0.1169
-0.101354
-0.0812637
-0.039422
-0.0457739
-0.0454366
-0.0464829
-0.0485503
-0.0511091
-0.053626
-0.0557884
-0.0574732
-0.058668
-0.0594138
-0.0597714
-0.0598036
-0.0595662
-0.0591063
-0.058462
-0.0576646
-0.0567401
-0.0557109
-0.0545966
-0.0534142
-0.052179
-0.0509042
-0.0496013
-0.0482801
-0.0469488
-0.0456142
-0.0442818
-0.0429559
-0.0416398
-0.040336
-0.0390462
-0.0377716
-0.0365129
-0.0352705
-0.0340442
-0.0328341
-0.0316395
-0.0304602
-0.0292955
-0.0281448
-0.0270075
-0.025883
-0.0247705
-0.0236694
-0.0225791
-0.0214991
-0.0204287
-0.0193674
-0.0183145
-0.0172697
-0.0162324
-0.0152022
-0.0141785
-0.0131611
-0.0121493
-0.0111429
-0.0101415
-0.00914456
-0.00815159
-0.00716206
-0.0061755
-0.00519169
-0.00421077
-0.00323385
-0.00226729
-0.00133937
-0.000538208
-4.25129e-05
-0.364541
-0.326485
-0.288873
-0.253825
-0.224488
-0.202648
-0.187696
-0.177684
-0.169295
-0.161103
-0.151558
-0.139622
-0.125334
-0.107832
-0.0852853
-0.0539381
-0.0137413
-0.0320173
-0.0358024
-0.0403665
-0.0451903
-0.0494738
-0.0529227
-0.0555246
-0.0573708
-0.0585807
-0.0592721
-0.0595479
-0.0594915
-0.0591678
-0.0586268
-0.0579073
-0.0570409
-0.0560537
-0.054968
-0.0538033
-0.052577
-0.0513038
-0.0499969
-0.0486672
-0.0473242
-0.0459754
-0.0446272
-0.0432844
-0.0419509
-0.0406296
-0.0393225
-0.0380311
-0.0367561
-0.035498
-0.0342569
-0.0330326
-0.0318247
-0.0306329
-0.0294564
-0.0282947
-0.027147
-0.0260127
-0.0248911
-0.0237815
-0.0226833
-0.0215958
-0.0205183
-0.0194504
-0.0183913
-0.0173407
-0.0162978
-0.0152623
-0.0142337
-0.0132114
-0.0121952
-0.0111845
-0.0101789
-0.00917786
-0.00818095
-0.00718759
-0.00619732
-0.00520982
-0.00422451
-0.00323956
-0.00225341
-0.00128147
-0.000407966
0.000154825
-0.363683
-0.32438
-0.286641
-0.252913
-0.225839
-0.206654
-0.194361
-0.186527
-0.180243
-0.17351
-0.165498
-0.15426
-0.140475
-0.123062
-0.101637
-0.0761629
-0.0462252
-0.0106803
-0.0246075
-0.0319096
-0.0395857
-0.0458381
-0.0505695
-0.054025
-0.0564515
-0.0580607
-0.0590304
-0.0595042
-0.0595921
-0.0593758
-0.0589155
-0.0582563
-0.0574338
-0.0564767
-0.0554099
-0.0542547
-0.05303
-0.0517522
-0.0504356
-0.0490925
-0.0477331
-0.0463661
-0.0449984
-0.0436355
-0.0422818
-0.0409404
-0.0396138
-0.0383034
-0.0370104
-0.0357351
-0.0344778
-0.0332382
-0.032016
-0.0308107
-0.0296217
-0.0284483
-0.0272897
-0.0261452
-0.0250141
-0.0238956
-0.0227891
-0.0216938
-0.0206091
-0.0195343
-0.0184689
-0.0174122
-0.0163637
-0.0153229
-0.0142892
-0.0132622
-0.0122413
-0.0112263
-0.0102165
-0.00921146
-0.00821065
-0.00721348
-0.00621947
-0.00522814
-0.00423826
-0.00324601
-0.00224507
-0.00124395
-0.000325728
0.000277369
-0.363338
-0.323682
-0.286477
-0.254211
-0.22942
-0.212631
-0.202565
-0.196591
-0.192502
-0.187336
-0.181497
-0.171802
-0.159771
-0.143825
-0.124269
-0.100806
-0.0739951
-0.0429836
-0.00581873
-0.0231497
-0.0350465
-0.043264
-0.0490365
-0.0531493
-0.0560176
-0.0579237
-0.0590926
-0.0597026
-0.0598873
-0.0597423
-0.0593353
-0.0587155
-0.0579204
-0.0569807
-0.0559223
-0.0547678
-0.0535373
-0.0522484
-0.0509164
-0.0495548
-0.0481747
-0.0467854
-0.0453947
-0.0440085
-0.0426317
-0.0412678
-0.0399193
-0.0385881
-0.0372752
-0.0359813
-0.0347064
-0.0334504
-0.0322129
-0.0309933
-0.029791
-0.0286052
-0.0274351
-0.02628
-0.025139
-0.0240113
-0.0228962
-0.0217929
-0.0207007
-0.019619
-0.018547
-0.0174842
-0.01643
-0.0153837
-0.0143449
-0.0133131
-0.0122877
-0.0112682
-0.0102543
-0.00924525
-0.0082406
-0.00723972
-0.00624209
-0.00524724
-0.00425413
-0.00326016
-0.00226285
-0.00127757
-0.000389535
0.000195518
-0.363298
-0.323872
-0.287498
-0.256902
-0.234173
-0.219406
-0.211164
-0.206999
-0.204809
-0.201271
-0.197879
-0.190253
-0.180722
-0.16703
-0.149801
-0.12825
-0.10301
-0.0741065
-0.0398499
-0.0124812
-0.0335923
-0.0425116
-0.0485744
-0.0529995
-0.0561272
-0.0582084
-0.0594841
-0.0601588
-0.0603857
-0.0602709
-0.0598866
-0.0592833
-0.0584984
-0.0575626
-0.056502
-0.0553395
-0.054096
-0.0527897
-0.0514371
-0.0500522
-0.0486471
-0.0472318
-0.0458146
-0.0444021
-0.0429994
-0.0416105
-0.0402381
-0.0388841
-0.0375498
-0.0362357
-0.034942
-0.0336685
-0.0324147
-0.0311801
-0.0299638
-0.0287651
-0.027583
-0.0264168
-0.0252655
-0.0241283
-0.0230043
-0.0218928
-0.020793
-0.0197041
-0.0186255
-0.0175564
-0.0164963
-0.0154446
-0.0144006
-0.0133639
-0.012334
-0.0113102
-0.0102921
-0.00927911
-0.00827068
-0.0072662
-0.00626518
-0.00526726
-0.00427224
-0.00328062
-0.00229816
-0.00135227
-0.000510249
0.000303547
-0.363292
-0.324139
-0.288969
-0.260317
-0.23958
-0.22657
-0.219833
-0.217281
-0.216638
-0.214545
-0.21343
-0.208195
-0.201333
-0.190216
-0.175558
-0.156272
-0.132582
-0.104705
-0.0742248
-0.0440566
-0.040357
-0.0439256
-0.049061
-0.053509
-0.0567644
-0.058915
-0.0602063
-0.0608714
-0.061083
-0.0609556
-0.0605626
-0.0599525
-0.0591607
-0.0582158
-0.0571429
-0.0559644
-0.0547012
-0.0533721
-0.051994
-0.0505815
-0.0491475
-0.0477028
-0.046256
-0.0448144
-0.0433834
-0.0419672
-0.0405689
-0.0391904
-0.0378331
-0.0364975
-0.0351838
-0.0338918
-0.0326209
-0.0313704
-0.0301395
-0.0289273
-0.0277328
-0.026555
-0.0253931
-0.0242461
-0.0231131
-0.0219931
-0.0208855
-0.0197893
-0.0187039
-0.0176286
-0.0165626
-0.0155053
-0.0144562
-0.0134146
-0.0123801
-0.0113519
-0.0103297
-0.00931285
-0.00830072
-0.00729276
-0.00628855
-0.00528802
-0.00429192
-0.00330388
-0.00233666
-0.00141898
-0.000392312
0.00633366
-0.363856
-0.325856
-0.292038
-0.264857
-0.245553
-0.233877
-0.228335
-0.226938
-0.227567
-0.227078
-0.227512
-0.224892
-0.220293
-0.211912
-0.199783
-0.182814
-0.160755
-0.13394
-0.103131
-0.07127
-0.0191351
-0.0436919
-0.0495433
-0.0544469
-0.0578728
-0.0600213
-0.061241
-0.0618225
-0.0619622
-0.0617805
-0.0613484
-0.0607099
-0.0598954
-0.0589299
-0.057836
-0.0566347
-0.0553464
-0.0539898
-0.052582
-0.0511385
-0.0496724
-0.0481952
-0.0467162
-0.045243
-0.0437814
-0.042336
-0.04091
-0.0395054
-0.0381237
-0.0367655
-0.0354308
-0.0341193
-0.0328304
-0.0315634
-0.0303174
-0.0290912
-0.0278838
-0.0266943
-0.0255215
-0.0243644
-0.0232221
-0.0220935
-0.020978
-0.0198744
-0.0187822
-0.0177004
-0.0166285
-0.0155657
-0.0145114
-0.0134649
-0.0124258
-0.0113933
-0.010367
-0.00934629
-0.00833048
-0.00731909
-0.00631179
-0.00530885
-0.00431199
-0.00332729
-0.00237253
-0.00149136
-0.000759351
-1.32433e-05
-0.364219
-0.327313
-0.295084
-0.269419
-0.251587
-0.241209
-0.236641
-0.235893
-0.237554
-0.23872
-0.23988
-0.239656
-0.236857
-0.230989
-0.221148
-0.206685
-0.18657
-0.160837
-0.129533
-0.094387
-0.0558638
-0.0435319
-0.0500928
-0.0559098
-0.0594939
-0.0615177
-0.0625586
-0.0629791
-0.0629931
-0.0627194
-0.062222
-0.0615366
-0.0606865
-0.0596911
-0.0585695
-0.0573404
-0.056023
-0.0546355
-0.0531952
-0.0517178
-0.0502172
-0.0487053
-0.0471919
-0.0456851
-0.0441912
-0.0427149
-0.0412596
-0.0398276
-0.0384203
-0.0370383
-0.0356817
-0.03435
-0.0330425
-0.0317585
-0.0304967
-0.0292561
-0.0280356
-0.0268339
-0.02565
-0.0244827
-0.0233309
-0.0221937
-0.02107
-0.019959
-0.0188599
-0.0177717
-0.0166938
-0.0156255
-0.0145659
-0.0135146
-0.0124709
-0.0114342
-0.0104038
-0.0093792
-0.00835971
-0.0073448
-0.0063342
-0.00532837
-0.00432969
-0.00334545
-0.00239414
-0.001516
-0.000787328
-0.000325141
-0.36486
-0.328972
-0.298025
-0.274115
-0.257876
-0.248556
-0.244664
-0.244348
-0.246586
-0.249035
-0.250844
-0.25216
-0.251108
-0.247391
-0.239852
-0.228063
-0.210201
-0.186108
-0.155712
-0.11983
-0.0782207
-0.0210041
-0.0501978
-0.0584353
-0.0617962
-0.0633967
-0.064108
-0.0642896
-0.0641319
-0.0637366
-0.0631541
-0.0624083
-0.0615137
-0.0604827
-0.0593294
-0.0580697
-0.056721
-0.0553009
-0.0538264
-0.0523137
-0.0507769
-0.0492287
-0.0476794
-0.0461375
-0.0446098
-0.0431012
-0.0416155
-0.0401551
-0.0387212
-0.0373147
-0.0359353
-0.0345828
-0.0332562
-0.0319545
-0.0306767
-0.0294214
-0.0281874
-0.0269734
-0.0257781
-0.0246004
-0.0234391
-0.0222931
-0.0211613
-0.0200429
-0.0189368
-0.0178422
-0.0167583
-0.0156844
-0.0146197
-0.0135635
-0.0125153
-0.0114743
-0.0104399
-0.0094114
-0.00838818
-0.00736956
-0.00635514
-0.00534526
-0.00434213
-0.00335204
-0.0023878
-0.00147054
-0.000646179
-6.94985e-05
-0.365374
-0.331154
-0.301958
-0.27941
-0.264293
-0.255722
-0.252363
-0.252414
-0.254793
-0.25801
-0.260639
-0.262847
-0.263334
-0.261363
-0.255959
-0.246489
-0.230789
-0.20866
-0.180053
-0.145726
-0.107361
-0.0674804
-0.0657991
-0.0644576
-0.0649566
-0.0655449
-0.0657815
-0.0656749
-0.0653201
-0.0647872
-0.0641089
-0.0632964
-0.0623537
-0.0612854
-0.0600998
-0.0588095
-0.0574296
-0.0559768
-0.054468
-0.0529194
-0.0513459
-0.0497606
-0.0481745
-0.0465966
-0.0450341
-0.0434925
-0.0419755
-0.0404858
-0.0390247
-0.0375929
-0.0361903
-0.0348164
-0.0334702
-0.0321507
-0.0308565
-0.0295863
-0.0283386
-0.0271121
-0.0259054
-0.0247172
-0.0235462
-0.0223914
-0.0212515
-0.0201255
-0.0190125
-0.0179115
-0.0168217
-0.0157422
-0.0146724
-0.0136114
-0.0125587
-0.0115134
-0.010475
-0.00944272
-0.00841572
-0.00739321
-0.00637447
-0.00535932
-0.00434896
-0.00334626
-0.00235084
-0.00134401
-0.0003075
0.000555738
-0.366127
-0.333518
-0.305895
-0.284758
-0.270678
-0.262819
-0.259797
-0.260073
-0.262453
-0.265886
-0.269276
-0.272105
-0.273732
-0.273216
-0.269565
-0.261862
-0.248212
-0.228574
-0.2027
-0.170875
-0.133948
-0.0981458
-0.0754735
-0.0684534
-0.0674004
-0.067462
-0.0673834
-0.0670321
-0.0664892
-0.0658195
-0.0650463
-0.0641691
-0.0631811
-0.0620786
-0.0608641
-0.0595459
-0.0581372
-0.0566535
-0.0551116
-0.0535281
-0.0519183
-0.0502959
-0.0486728
-0.0470586
-0.045461
-0.0438858
-0.042337
-0.0408175
-0.0393287
-0.0378712
-0.036445
-0.0350495
-0.0336835
-0.0323458
-0.0310351
-0.0297498
-0.0284884
-0.0272493
-0.0260311
-0.0248324
-0.0236518
-0.0224881
-0.0213401
-0.0202066
-0.0190867
-0.0179793
-0.0168836
-0.0157987
-0.0147237
-0.0136581
-0.0126009
-0.0115515
-0.0105091
-0.00947304
-0.00844228
-0.00741583
-0.00639257
-0.00537172
-0.00435341
-0.00333769
-0.00231312
-0.00122507
1.07239e-05
0.00116034
-0.366992
-0.336023
-0.309875
-0.290065
-0.276976
-0.269739
-0.26699
-0.267358
-0.26974
-0.2732
-0.276978
-0.280245
-0.282644
-0.283214
-0.280988
-0.274762
-0.263175
-0.245748
-0.221348
-0.189873
-0.151742
-0.109231
-0.0703012
-0.0669141
-0.0681921
-0.0688985
-0.0688066
-0.0682835
-0.0675745
-0.0667809
-0.0659242
-0.0649929
-0.0639694
-0.0628413
-0.061605
-0.060265
-0.0588323
-0.0573214
-0.0557493
-0.0541327
-0.0524879
-0.0508294
-0.0491699
-0.0475196
-0.0458869
-0.044278
-0.0426974
-0.0411479
-0.0396312
-0.038148
-0.036698
-0.0352807
-0.0338948
-0.0325389
-0.0312116
-0.0299112
-0.028636
-0.0273843
-0.0261547
-0.0249455
-0.0237553
-0.0225828
-0.0214268
-0.0202859
-0.0191591
-0.0180455
-0.0169439
-0.0158536
-0.0147736
-0.0137033
-0.0126417
-0.0115882
-0.010542
-0.00950223
-0.00846783
-0.00743757
-0.00641001
-0.00538399
-0.00435971
-0.00333939
-0.00231998
-0.00126646
-0.000111344
0.000959512
-0.367878
-0.338591
-0.313991
-0.295508
-0.283305
-0.276549
-0.273985
-0.274348
-0.276635
-0.280021
-0.283893
-0.287485
-0.290396
-0.291792
-0.290837
-0.28607
-0.276498
-0.26096
-0.237552
-0.205711
-0.165115
-0.108658
-0.0198439
-0.0618958
-0.0689483
-0.0704021
-0.0701549
-0.0694001
-0.0685204
-0.0676194
-0.0667002
-0.0657347
-0.0646928
-0.0635532
-0.0623064
-0.0609536
-0.0595038
-0.0579713
-0.0563729
-0.0547264
-0.0530489
-0.051356
-0.0496611
-0.0479757
-0.0463085
-0.0446663
-0.043054
-0.0414747
-0.0399303
-0.0384213
-0.0369477
-0.0355086
-0.0341028
-0.0327288
-0.031385
-0.0300695
-0.0287806
-0.0275165
-0.0262755
-0.0250559
-0.0238563
-0.0226751
-0.021511
-0.0203629
-0.0192294
-0.0181095
-0.0170022
-0.0159066
-0.0148217
-0.0137468
-0.012681
-0.0116235
-0.0105735
-0.00953018
-0.00849231
-0.00745852
-0.00642714
-0.00539677
-0.00436799
-0.00334537
-0.00233152
-0.00128826
-7.03074e-05
0.00129559
-0.368823
-0.341321
-0.318256
-0.300965
-0.289562
-0.283239
-0.28082
-0.28113
-0.283258
-0.286512
-0.290325
-0.294043
-0.297269
-0.299264
-0.299258
-0.29576
-0.287834
-0.273933
-0.251829
-0.220557
-0.180156
-0.132852
-0.0887818
-0.0779682
-0.0745262
-0.0728344
-0.071503
-0.0703218
-0.0692596
-0.0682807
-0.0673334
-0.066364
-0.0653281
-0.0641962
-0.0629539
-0.0615998
-0.060142
-0.0585946
-0.0569753
-0.0553028
-0.0535957
-0.0518706
-0.0501422
-0.0484228
-0.0467221
-0.0450475
-0.0434041
-0.0417956
-0.0402238
-0.0386894
-0.0371923
-0.0357317
-0.0343063
-0.0329144
-0.0315542
-0.0302239
-0.0289215
-0.027645
-0.0263928
-0.025163
-0.0239541
-0.0227644
-0.0215925
-0.0204372
-0.0192971
-0.0181711
-0.0170583
-0.0159574
-0.0148678
-0.0137884
-0.0127184
-0.0116571
-0.0106035
-0.00955673
-0.00851563
-0.00747869
-0.00644411
-0.00541036
-0.00437804
-0.00335187
-0.0023301
-0.00123248
0.00028143
0.00246062
-0.369783
-0.344091
-0.322562
-0.306409
-0.295707
-0.289785
-0.287516
-0.287763
-0.289706
-0.292764
-0.296415
-0.300115
-0.303488
-0.30585
-0.306478
-0.303984
-0.297317
-0.284785
-0.264197
-0.234467
-0.195883
-0.152324
-0.112398
-0.0869499
-0.0781036
-0.0744023
-0.0723107
-0.070848
-0.0696965
-0.0687092
-0.0677873
-0.0668549
-0.0658563
-0.0647558
-0.063536
-0.0621943
-0.0607386
-0.0591842
-0.0575499
-0.0558563
-0.0541231
-0.0523686
-0.050609
-0.0488574
-0.0471246
-0.0454186
-0.0437452
-0.0421081
-0.0405095
-0.0389503
-0.0374303
-0.0359487
-0.034504
-0.0330945
-0.0317183
-0.0303734
-0.0290577
-0.0277692
-0.0265061
-0.0252663
-0.0240482
-0.0228502
-0.0216707
-0.0205084
-0.0193619
-0.0182301
-0.0171118
-0.0160059
-0.0149116
-0.0138279
-0.0127539
-0.0116888
-0.0106317
-0.00958173
-0.00853765
-0.00749802
-0.00646102
-0.00542509
-0.00439084
-0.00336408
-0.00235412
-0.00134492
-0.000226958
0.000990354
-0.370719
-0.34679
-0.326746
-0.31175
-0.301841
-0.296296
-0.294101
-0.294309
-0.296024
-0.298881
-0.302306
-0.305847
-0.30919
-0.311695
-0.312734
-0.31099
-0.305318
-0.294011
-0.274843
-0.246108
-0.208054
-0.16434
-0.120569
-0.0553037
-0.0766291
-0.0741023
-0.0722231
-0.0708347
-0.0697615
-0.0688655
-0.0680372
-0.0671909
-0.0662656
-0.065223
-0.0640452
-0.0627302
-0.0612877
-0.0597345
-0.0580918
-0.0563818
-0.0546265
-0.0528459
-0.0510575
-0.0492759
-0.0475128
-0.0457769
-0.0440746
-0.0424101
-0.0407857
-0.0392024
-0.0376601
-0.036158
-0.0346945
-0.0332679
-0.0318761
-0.0305171
-0.0291885
-0.0278884
-0.0266145
-0.0253651
-0.0241382
-0.0229321
-0.0217453
-0.0205762
-0.0194235
-0.018286
-0.0171624
-0.0160518
-0.014953
-0.0138651
-0.0127872
-0.0117185
-0.0106581
-0.00960499
-0.00855821
-0.00751636
-0.00647779
-0.00544105
-0.00440632
-0.00337813
-0.00236851
-0.00139825
-0.000501927
0.000185742
-0.371656
-0.349504
-0.331018
-0.317173
-0.307913
-0.302698
-0.300569
-0.300853
-0.302292
-0.304931
-0.308129
-0.311483
-0.314671
-0.31711
-0.318308
-0.317016
-0.312081
-0.301779
-0.283789
-0.256276
-0.218721
-0.173108
-0.124748
-0.0540298
-0.0747514
-0.0728982
-0.0714239
-0.0703017
-0.0694445
-0.0687385
-0.0680752
-0.0673671
-0.0665524
-0.0655947
-0.0644783
-0.0632045
-0.0617856
-0.0602418
-0.0585968
-0.0568756
-0.0551022
-0.0532988
-0.0514845
-0.0496752
-0.0478838
-0.0461197
-0.0443901
-0.0426993
-0.0410502
-0.0394438
-0.0378801
-0.0363582
-0.0348766
-0.0334335
-0.0320267
-0.030654
-0.0293131
-0.0280017
-0.0267176
-0.0254588
-0.0242234
-0.0230096
-0.0218157
-0.0206402
-0.0194815
-0.0183386
-0.01721
-0.0160947
-0.0149916
-0.0138997
-0.0128181
-0.0117459
-0.0106823
-0.00962633
-0.00857709
-0.00753345
-0.00649413
-0.00545802
-0.0044248
-0.00339599
-0.00237743
-0.00139119
-0.000512917
6.7766e-05
-0.372659
-0.352375
-0.335372
-0.322565
-0.313991
-0.309164
-0.307057
-0.307347
-0.30861
-0.311033
-0.313926
-0.31698
-0.319899
-0.322157
-0.323233
-0.321861
-0.31702
-0.307098
-0.289601
-0.262519
-0.224896
-0.178141
-0.126563
-0.0521855
-0.072256
-0.0711085
-0.0700768
-0.0693086
-0.0687683
-0.068341
-0.0679116
-0.0673917
-0.0667231
-0.0658749
-0.0648375
-0.0636173
-0.0622315
-0.0607042
-0.0590626
-0.0573347
-0.0555472
-0.0537243
-0.0518869
-0.0500525
-0.0482349
-0.0464447
-0.0446893
-0.0429739
-0.0413013
-0.0396729
-0.0380888
-0.036548
-0.0350492
-0.0335903
-0.0321691
-0.0307833
-0.0294306
-0.0281084
-0.0268146
-0.025547
-0.0243035
-0.0230823
-0.0218816
-0.0206999
-0.0195356
-0.0183875
-0.0172541
-0.0161345
-0.0150273
-0.0139316
-0.0128465
-0.011771
-0.0107043
-0.0096456
-0.00859407
-0.00754894
-0.00650949
-0.0054753
-0.00444627
-0.00342205
-0.00240253
-0.00140228
-0.000502392
8.20345e-05
-0.373578
-0.355061
-0.339634
-0.328043
-0.320205
-0.315718
-0.313629
-0.31379
-0.314955
-0.317065
-0.319633
-0.322363
-0.324945
-0.326899
-0.327607
-0.326134
-0.321468
-0.311551
-0.293903
-0.266456
-0.228862
-0.18272
-0.128824
-0.0321999
-0.0693273
-0.0690295
-0.0682924
-0.067901
-0.067766
-0.0677037
-0.0675736
-0.0672867
-0.0667939
-0.0660749
-0.0651297
-0.0639724
-0.0626266
-0.0611213
-0.0594877
-0.0577571
-0.055959
-0.0541197
-0.0522622
-0.0504053
-0.048564
-0.0467496
-0.0449705
-0.043232
-0.0415374
-0.0398883
-0.0382849
-0.0367263
-0.035211
-0.0337371
-0.0323023
-0.0309042
-0.0295402
-0.0282079
-0.0269049
-0.0256289
-0.0243777
-0.0231496
-0.0219425
-0.020755
-0.0195854
-0.0184324
-0.0172947
-0.0161709
-0.0150599
-0.0139607
-0.0128722
-0.0117936
-0.010724
-0.00966265
-0.00860895
-0.00756246
-0.00652311
-0.00549143
-0.00446846
-0.00345439
-0.00244815
-0.00146173
-0.000574362
-6.66361e-07
-0.374711
-0.358212
-0.344319
-0.333771
-0.326507
-0.322403
-0.320339
-0.320368
-0.321388
-0.323164
-0.325326
-0.327633
-0.32976
-0.331297
-0.331504
-0.329766
-0.324563
-0.313968
-0.295925
-0.268321
-0.230083
-0.183424
-0.133874
-0.0843346
-0.0719842
-0.0672347
-0.0660406
-0.0660713
-0.0664747
-0.0668774
-0.0671077
-0.0670886
-0.066791
-0.0662122
-0.0653659
-0.0642763
-0.0629743
-0.0614943
-0.0598719
-0.0581417
-0.0563359
-0.0544833
-0.0526084
-0.0507316
-0.0488689
-0.0470327
-0.0452318
-0.043472
-0.0417571
-0.0400886
-0.0384671
-0.0368917
-0.035361
-0.0338731
-0.0324255
-0.0310158
-0.0296413
-0.0282996
-0.026988
-0.0257041
-0.0244458
-0.0232111
-0.0219981
-0.0208051
-0.0196306
-0.0184731
-0.0173312
-0.0162037
-0.0150892
-0.0139867
-0.0128952
-0.0118136
-0.0107413
-0.00967741
-0.0086216
-0.00757369
-0.00653414
-0.00550427
-0.00448585
-0.00347913
-0.00248129
-0.00150032
-0.000612099
-3.39721e-05
-0.375622
-0.360959
-0.348727
-0.339443
-0.332979
-0.32931
-0.327255
-0.327128
-0.327821
-0.329233
-0.330988
-0.332797
-0.334388
-0.335331
-0.334926
-0.332475
-0.326387
-0.315011
-0.296645
-0.269519
-0.232464
-0.187159
-0.139695
-0.0971303
-0.0460594
-0.0622411
-0.0625919
-0.0637372
-0.0649626
-0.0659482
-0.0665846
-0.0668483
-0.0667488
-0.0663092
-0.0655601
-0.0645372
-0.0632789
-0.0618251
-0.0602155
-0.0584878
-0.0566769
-0.0548134
-0.0529238
-0.0510297
-0.0491482
-0.0472925
-0.0454718
-0.0436927
-0.041959
-0.0402727
-0.0386344
-0.0370433
-0.0354983
-0.0339972
-0.0325377
-0.0311173
-0.0297332
-0.0283827
-0.0270632
-0.0257721
-0.0245072
-0.0232664
-0.0220478
-0.0208498
-0.0196708
-0.0185093
-0.0173637
-0.0162327
-0.0151151
-0.0140097
-0.0129153
-0.011831
-0.0107561
-0.00968986
-0.00863195
-0.00758243
-0.00654207
-0.00551234
-0.00449438
-0.00348528
-0.00247413
-0.00145654
-0.000504754
0.000133463
-0.376934
-0.364504
-0.353843
-0.345572
-0.33969
-0.336278
-0.334405
-0.334019
-0.334337
-0.33526
-0.336556
-0.337824
-0.338738
-0.338914
-0.337824
-0.334388
-0.327127
-0.314371
-0.29442
-0.266484
-0.230162
-0.186742
-0.141561
-0.0992263
-0.0440578
-0.0560059
-0.0583612
-0.0611693
-0.0634393
-0.0650639
-0.0661019
-0.066628
-0.0667061
-0.0663896
-0.0657267
-0.0647634
-0.063545
-0.0621159
-0.0605192
-0.0587952
-0.0569809
-0.0551089
-0.0532071
-0.0512982
-0.0494005
-0.0475276
-0.0456895
-0.043893
-0.0421423
-0.0404396
-0.0387857
-0.0371802
-0.0356218
-0.0341085
-0.0326381
-0.031208
-0.0298152
-0.0284569
-0.0271302
-0.0258325
-0.0245615
-0.0233151
-0.0220914
-0.0208888
-0.0197058
-0.0185406
-0.0173918
-0.0162579
-0.0151375
-0.0140295
-0.0129326
-0.0118459
-0.0107686
-0.00970006
-0.00864004
-0.00758872
-0.0065469
-0.00551575
-0.0044948
-0.00347607
-0.00243708
-0.00135697
-0.000305272
0.000423649
-0.377843
-0.367249
-0.35836
-0.351391
-0.346305
-0.343303
-0.34166
-0.340969
-0.340914
-0.341266
-0.341967
-0.342606
-0.342651
-0.342021
-0.339891
-0.335081
-0.326137
-0.311342
-0.289288
-0.259673
-0.223778
-0.183651
-0.141665
-0.0993435
-0.042096
-0.0349996
-0.0536486
-0.0589052
-0.0622519
-0.0644216
-0.0657696
-0.0664899
-0.0666987
-0.0664744
-0.0658777
-0.0649617
-0.0637762
-0.0623685
-0.0607836
-0.0590637
-0.0572475
-0.0553689
-0.0534572
-0.0515362
-0.0496248
-0.0477373
-0.0458841
-0.0440721
-0.0423061
-0.0405885
-0.0389203
-0.0373014
-0.0357307
-0.0342063
-0.032726
-0.0312871
-0.0298867
-0.0285216
-0.0271886
-0.025885
-0.0246084
-0.0233567
-0.0221284
-0.0209217
-0.019735
-0.0185668
-0.0174153
-0.0162789
-0.0151563
-0.0140461
-0.012947
-0.0118582
-0.0107788
-0.00970811
-0.00864602
-0.00759272
-0.00654896
-0.00551554
-0.00449057
-0.00346219
-0.00239955
-0.00126982
-0.000140623
0.000658309
-0.379212
-0.370863
-0.363414
-0.357362
-0.352893
-0.350264
-0.348636
-0.347789
-0.347291
-0.347104
-0.347116
-0.346919
-0.346059
-0.344334
-0.340914
-0.334615
-0.323627
-0.30647
-0.282663
-0.253087
-0.219419
-0.182201
-0.142057
-0.0997425
-0.0414943
-0.0334164
-0.0521309
-0.0581198
-0.0618426
-0.0642086
-0.0656741
-0.0664764
-0.0667486
-0.0665751
-0.0660192
-0.0651353
-0.0639741
-0.0625835
-0.0610088
-0.0592931
-0.057476
-0.0555928
-0.0536735
-0.051743
-0.0498206
-0.0479211
-0.046055
-0.0442296
-0.0424499
-0.0407186
-0.0390374
-0.0374061
-0.0358241
-0.0342896
-0.0328004
-0.031354
-0.0299471
-0.0285764
-0.0272382
-0.0259294
-0.0246476
-0.023391
-0.0221582
-0.0209478
-0.0197582
-0.0185875
-0.0174339
-0.0162958
-0.0151715
-0.0140596
-0.0129588
-0.0118682
-0.0107868
-0.00971422
-0.00865011
-0.00759471
-0.00654869
-0.00551254
-0.0044837
-0.00344858
-0.00237219
-0.00121381
-3.56084e-05
0.000812781
-0.380029
-0.373403
-0.367571
-0.362825
-0.359076
-0.356727
-0.354968
-0.354053
-0.353214
-0.352478
-0.351733
-0.350517
-0.348548
-0.345552
-0.340815
-0.332729
-0.319473
-0.300125
-0.275166
-0.245951
-0.21385
-0.178947
-0.140978
-0.100181
-0.0420846
-0.035069
-0.0539272
-0.0590629
-0.0623265
-0.0644651
-0.0658263
-0.0665891
-0.0668548
-0.0666905
-0.0661499
-0.065283
-0.0641379
-0.0627605
-0.0611947
-0.059483
-0.057666
-0.0557799
-0.0538554
-0.0519179
-0.0499874
-0.0480787
-0.0462022
-0.0443654
-0.0425733
-0.0408296
-0.0391361
-0.0374934
-0.0359008
-0.0343572
-0.0328602
-0.0314075
-0.0299959
-0.0286212
-0.0272791
-0.0259658
-0.024679
-0.0234175
-0.0221804
-0.0209668
-0.0197748
-0.0186025
-0.0174476
-0.0163084
-0.0151831
-0.01407
-0.012968
-0.0118759
-0.010793
-0.00971865
-0.00865263
-0.00759507
-0.0065465
-0.0055073
-0.004475
-0.00343683
-0.00235872
-0.00119752
-6.90495e-06
0.000862708
-0.380976
-0.376045
-0.371491
-0.367752
-0.364613
-0.362354
-0.360487
-0.359794
-0.358756
-0.35747
-0.355877
-0.353556
-0.350392
-0.34585
-0.339758
-0.330409
-0.315908
-0.295271
-0.269749
-0.240633
-0.209013
-0.175135
-0.139063
-0.100993
-0.0436804
-0.0565712
-0.0587012
-0.0612912
-0.0634387
-0.0650453
-0.0661455
-0.0667827
-0.0669918
-0.0668057
-0.0662607
-0.0653988
-0.064264
-0.0628983
-0.0613411
-0.0596334
-0.057817
-0.0559299
-0.0540024
-0.0520603
-0.050125
-0.0482102
-0.0463258
-0.0444796
-0.0426764
-0.0409208
-0.039216
-0.0375623
-0.0359598
-0.0344078
-0.0329041
-0.0314465
-0.0300322
-0.0286561
-0.0273118
-0.0259945
-0.0247025
-0.0234355
-0.022194
-0.0209775
-0.0197843
-0.0186115
-0.0174562
-0.0163167
-0.0151912
-0.0140777
-0.0129748
-0.0118817
-0.0107975
-0.00972175
-0.008654
-0.00759428
-0.00654292
-0.00550024
-0.00446458
-0.00342652
-0.00235963
-0.00122927
-8.49188e-05
0.00074933
-0.380994
-0.376954
-0.373568
-0.370996
-0.369376
-0.367464
-0.365991
-0.365919
-0.363435
-0.360016
-0.356306
-0.35208
-0.347556
-0.340381
-0.333497
-0.324428
-0.311013
-0.289969
-0.265889
-0.237257
-0.204916
-0.171545
-0.136976
-0.101017
-0.0312328
-0.0619976
-0.0623751
-0.0634055
-0.0645928
-0.0656699
-0.0664879
-0.0669808
-0.0671186
-0.0668975
-0.0663369
-0.0654731
-0.0643472
-0.0629957
-0.0614487
-0.059744
-0.0579277
-0.0560419
-0.0541133
-0.0521686
-0.0502326
-0.0483158
-0.0464265
-0.0445734
-0.0427596
-0.0409923
-0.039277
-0.0376121
-0.0359999
-0.0344403
-0.0329304
-0.0314688
-0.030055
-0.0286816
-0.0273379
-0.0260168
-0.0247183
-0.0234443
-0.0221973
-0.0209788
-0.0197859
-0.0186142
-0.0174594
-0.0163206
-0.0151962
-0.014083
-0.0129796
-0.0118857
-0.0108007
-0.00972391
-0.00865474
-0.00759305
-0.00653881
-0.00549239
-0.00445365
-0.0034194
-0.00238033
-0.00133018
-0.000330532
0.000361755
-0.368502
-0.359747
-0.355451
-0.353007
-0.355626
-0.355892
-0.356057
-0.353381
-0.351799
-0.348234
-0.347107
-0.346741
-0.344888
-0.331429
-0.319731
-0.311731
-0.305729
-0.282149
-0.262137
-0.234526
-0.201811
-0.180242
-0.151366
-0.102509
-0.0575985
-0.0642845
-0.0566566
-0.064682
-0.0653301
-0.0660857
-0.0667153
-0.0671084
-0.067197
-0.0669437
-0.0663624
-0.0654932
-0.06438
-0.0630542
-0.0615214
-0.0598147
-0.0579941
-0.0561144
-0.0541863
-0.0522381
-0.0503092
-0.0483969
-0.0465054
-0.0446502
-0.0428246
-0.0410441
-0.0393206
-0.0376422
-0.0360198
-0.0344539
-0.0329373
-0.0314706
-0.0300621
-0.0286993
-0.0273615
-0.0260349
-0.0247268
-0.0234425
-0.0221875
-0.0209683
-0.0197787
-0.0186112
-0.0174569
-0.0163198
-0.0151986
-0.0140867
-0.0129825
-0.0118881
-0.010803
-0.00972557
-0.00865545
-0.00759228
-0.00653536
-0.00548532
-0.00444361
-0.00341265
-0.00240017
-0.00143013
-0.000579473
-3.56813e-05
-0
-0
-0
-0
-0
-0
-0
-0
-0
-0
-0
-0
-0
-0
-0
-0
-0
-0
-0
-0
-0
-0
-0
-0
-0
-0
-0
-0
-0
-0
-0
-0
-0
-0
-0
-0
-0
-0
-0
-0
-0
-0
-0
-0
-0
-0
-0
-0
-0
-0
-0
-0
-0
-0
-0
-0.0249841
-0.0265349
-0.0248925
-0.0232951
-0.0199588
-0.0202688
-0.0181125
-0.0193035
-0.0186034
-0.0189784
-0.0175767
-0.0166887
-0.0161962
-0.0152001
-0.0139145
-0.0128389
-0.0118886
-0.0108046
-0.00972712
-0.0086566
-0.00759312
-0.0064956
-0.0054809
-0.00443759
-0.00340799
-0.0024005
-0.00147658
-0.000709221
-0.000248084
-0
-0
-0
-0
-0
-0
-0
-0
-0
-0
-0
-0
-0
-0
-0
-0
-0
-0
-0
-0
-0
-0
-0
-0
-0
-0
-0
-0
-0
-0
-0
-0
-0
-0
-0
-0
-0
-0
-0
-0
-0
-0
-0
-0
-0
-0
-0
-0
-0
-0
-0
-0
-0
-0
-0
-0
-0
-0
-0
-0
-0
-0
-0
-0
-0
-0
-0
-0
-0
-0
-0
-0
-0
-0
-0
-0
-0
-0
-0
-0
-0
-0
-0
-0
-0
-0
-0
-0
-0
-0
-0
-0
-0
-0
-0
-0
-0
-0
-0
-0
-0
-0
-0
-0
-0
-0
-0
-0
-0
-0
-0
-0
-0
-0
-0
-0
-0
-0
-0
-0
-0
-0
-0
-0
-0
-0
-0
-0
-0
-0
-0
-0
-0
-0
-0
-0
-0
-0
-0
-0
-0
-0
-0
-0
-0
-0
-0
-0
-0
-0
-0
-0
-0
-0
-0
-0
-0
-0
-0
-0
-0
-0
-0
-0
-0
-0
-0
-0
-0
-0
-0
-0
-0
-0
-0
-0
-0
-0
-0
-0
-0
-0
-0
-0
-0
-0
-0
-0
-0
-0
-0
-0
-0
-0
-0
-0
-0
-0
-0
-0
-0
-0
-0
-0
-0
-0
-0
-0
-0
-0
-0
-0
-0
-0
-0
-0
-0
-0
-0
-0
-0
-0
-0
-0
-0
-0
-0
-0
-0
-0
-0
-0
-0
-0
-0
-0
-0
-0
-0
-0
-0
-0
-0
-0
-0
-0
-0
-0
-0
-0
-0
-0
-0
-0
-0
-0
-0
-0
-0
-0
-0
-0
-0
-0
-0
-0
-0
-0
-0
-0
-0
-0
-0
-0
-0
-0
-0
-0
-0
-0
-0
-0
-0
-0
-0
-0
-0
-0
-0
-0
-0
-0
-0
-0
-0
-0
-0
-0
-0
-0
-0
-0
-0
-0
-0
-0
-0
-0
-0
-0
-0
-0
-0
-0
-0
-0
-0
-0
-0
-0
-0
-0
-0
-0
-0
-0
-0
-0
-0
-0
-0
-0
-0
-0
-0
-0
-0
-0
-0
-0
-0
-0
-0
-0
-0
-0
-0
-0
-0
-0
-0
-0
-0
-0
-0
-0
-0
-0
-0
-0
-0
-0
-0
-0
-0
-0
-0
-0
-0
-0
-0
-0
-0
-0
-0
-0
-0
-0
-0
-0
-0
-0
-0
-0
-0
-0
-0
-0
-0
-0
-0
-0
-0
-0
-0
-0
-0
-0
-0
-0
-0
-0
-0
-0
-0
-0
-0
-0
-0
-0
-0
-0
-0
-0
-0
-0
-0
-0
-0
-0
-0
-0
-0
-0
-0
-0
-0
-0
-0
-0
-0
-0
-0
-0
-0
-0
-0
-0
-0
-0
-0
-0
-0
-0
-0
-0
-0
-0
-0
-0
-0
-0
-0
-0
-0
-0
-0
-0
-0
-0
-0
-0
-0
-0
-0
-0
-0
-0
-0
-0
-0
-0
-0
-0
-0
-0
-0
-0
-0
-0
-0
-0
-0
-0
-0
-0
-0
-0
-0
-0
-0
-0
-0
-0
-0
-0
-0
-0
-0
-0
-0
-0
-0
-0
-0
-0
-0
-0
-0
-0
-0
-0
-0
-0
-0
-0
-0
-0
-0
-0
-0
-0
-0
-0
-0
-0
-0
-0
-0
-0
-0
-0
-0
-0
-0
-0
-0
-0
-0
-0
-0
-0
-0
-0
-0
-0
-0
-0
-0
-0
-0
-0
-0
-0
-0
-0
-0
-0
-0
-0
-0
-0
-0
-0
-0
-0
-0
-0
-0
-0
-0
-0
-0
-0
-0
-0
-0
-0
-0
-0
-0
-0
-0
-0
-0
-0
-0
-0
)
;

boundaryField
{
    hot
    {
        type            calculated;
        value           nonuniform List<scalar> 
64
(
0.0383497
0.0383497
0.0383497
0.0383497
0.0383497
0.0383497
0.0383497
0.0383497
0.0383497
0.0383497
0.0383497
0.0383497
0.0383497
0.0383497
0.0383497
0.0383497
0.0383497
0.0383497
0.0383497
0.0383497
0.0383497
0.0383497
0.0383497
0.0383497
0.0383497
0.0383497
0.0383497
0.0383497
0.0383497
0.0383497
0.0383497
0.0383497
0.0383497
0.0383497
0.0383497
0.0383497
0.0383497
0.0383497
0.0383497
0.0383497
0.0383497
0.0383497
0.0383497
0.0383497
0.0383497
0.0383497
0.0383497
0.0383497
0.0383497
0.0383497
0.0383497
0.0383497
0.0383497
0.0383497
0.0383497
0.0383497
0.0383497
0.0383497
0.0383497
0.0383497
0.0383497
0.0383497
0.0372652
0.00218834
)
;
    }
    hotTop
    {
        type            calculated;
        value           nonuniform List<scalar> 7(0.00172448 0.0446264 0.100674 0.100674 0.100471 0.100674 0.100674);
    }
    cold
    {
        type            calculated;
        value           nonuniform List<scalar> 
64
(
1.70252e-05
9.2661e-06
-2.72504e-06
-1.32455e-05
-1.85591e-05
-1.99513e-05
-2.18486e-05
-3.62524e-05
-7.95394e-05
-0.000124963
-9.07261e-05
-7.19997e-05
-9.40672e-05
-0.000151416
-0.000254465
-8.5373e-05
1.66391e-05
4.64384e-05
4.80936e-05
3.13901e-05
-5.63527e-05
-0.000419647
-0.000160195
-0.00043289
-8.52483e-05
-1.02049e-05
-5.6596e-09
-6.63744e-07
-5.87115e-06
-7.70574e-06
8.38858e-07
1.2872e-05
2.00944e-05
2.13575e-05
1.70141e-05
4.25129e-06
-1.54825e-05
-2.77369e-05
-1.95518e-05
-3.03547e-05
-0.00782724
1.32433e-06
3.2514e-05
6.94985e-06
-5.55738e-05
-0.000116034
-9.59512e-05
-0.000129559
-0.000246062
-9.90354e-05
-1.85742e-05
-6.7766e-06
-8.20345e-06
6.66361e-08
3.39721e-06
-1.33463e-05
-4.23649e-05
-6.58309e-05
-8.12781e-05
-8.62708e-05
-7.4933e-05
-3.61755e-05
3.56813e-06
2.48083e-05
)
;
    }
    coldTop
    {
        type            calculated;
        value           nonuniform List<scalar> 7(2.02347e-06 0.000245664 0.00116877 0.00191299 0.00244415 0.00278558 0.00297691);
    }
    top
    {
        type            calculated;
        value           nonuniform List<scalar> 
84
(
0.0997944
0.0981708
0.0968516
0.0958275
0.0950061
0.0943096
0.0936398
0.0930091
0.0923063
0.0916493
0.0908749
0.0900562
0.0891902
0.0880634
0.0866252
0.0844584
0.0810498
0.076633
0.0718572
0.0673266
0.0629021
0.0582484
0.0533124
0.0481974
0.0431165
0.0383163
0.0341275
0.0307348
0.0280881
0.026046
0.0244714
0.0232777
0.022336
0.0215329
0.020787
0.020116
0.0194323
0.018584
0.0177499
0.017063
0.0166015
0.0162859
0.0159764
0.0156413
0.0153016
0.0149715
0.0146173
0.0141735
0.0135523
0.0129459
0.0125256
0.0120824
0.0115845
0.0111575
0.0108327
0.0105804
0.0103478
0.0101326
0.0099147
0.00968326
0.00942142
0.00913607
0.00882573
0.00853001
0.00831819
0.00818474
0.00809866
0.00801032
0.00786702
0.00760488
0.00716281
0.00658159
0.0060279
0.00558027
0.00520607
0.00488944
0.00460586
0.00432568
0.00404696
0.00378909
0.00355493
0.00333375
0.00312444
0.00297691
)
;
    }
    btm
    {
        type            calculated;
        value           nonuniform List<scalar> 
84
(
0.0356977
0.0306499
0.0262601
0.0226426
0.0196921
0.0172297
0.0151043
0.0132254
0.0114949
0.00983382
0.00820432
0.00657317
0.0049164
0.00235853
0.00369509
0.00412223
0.0045016
0.00482537
0.0050944
0.005312
0.00548216
0.00560896
0.00569648
0.00574868
0.00576945
0.00576255
0.00573158
0.00567997
0.00561094
0.00552746
0.00543223
0.00532768
0.00521592
0.00509882
0.00497793
0.00485457
0.00472982
0.00460455
0.00447945
0.00435503
0.00423168
0.00410969
0.00398924
0.00387044
0.00375335
0.00363798
0.0035243
0.00341226
0.00330181
0.00319286
0.00308534
0.00297915
0.00287421
0.00277044
0.00266775
0.00256607
0.00246533
0.00236546
0.00226639
0.00216807
0.00207044
0.00197345
0.00187706
0.00178122
0.0016859
0.00159105
0.00149663
0.00140261
0.00130895
0.0012156
0.00112253
0.0010297
0.000937068
0.000844596
0.000752247
0.000659972
0.000567708
0.0004754
0.00038313
0.000291487
0.000202404
0.000120562
5.47581e-05
1.70252e-05
)
;
    }
    frontAndBack
    {
        type            empty;
    }
}


// ************************************************************************* //
