/*--------------------------------*- C++ -*----------------------------------*\
  =========                 |
  \\      /  F ield         | OpenFOAM: The Open Source CFD Toolbox
   \\    /   O peration     | Website:  https://openfoam.org
    \\  /    A nd           | Version:  6
     \\/     M anipulation  |
\*---------------------------------------------------------------------------*/
FoamFile
{
    version     2.0;
    format      ascii;
    class       volScalarField;
    location    "1650";
    object      rho;
}
// * * * * * * * * * * * * * * * * * * * * * * * * * * * * * * * * * * * * * //

dimensions      [1 -3 0 0 0 0 0];

internalField   nonuniform List<scalar> 
4800
(
9780
9780
9780
9780
9780
9780
9780
9780
9780
9780
9780
9780
9780
9780
9780
9780
9780
9780
9780
9780
9780
9780
9780
9780
9780
9780
9780
9780
9780
9780
9780
9780
9780
9780
9780
9780
9780
9780
9780
9780
9780
9780
9780
9780
9780
9780
9780
9780
9780
9780
9780
9780
9780
9780
9780
9780
9780
9780
9780
9780
9780
9780
9780
9780
9780
9780
9780
9780
9780
9780
9780
9780
9780
9780
9780
9780
9780
9780
9780
9780
9777.55
9778.05
9778.55
9779.03
9779.51
9779.97
9780
9780
9780
9780
9780
9780
9780
9780
9780
9780
9780
9780
9780
9780
9780
9780
9780
9780
9780
9780
9780
9780
9780
9780
9780
9780
9780
9780
9780
9780
9780
9780
9780
9780
9780
9780
9780
9780
9780
9780
9780
9780
9780
9780
9780
9780
9780
9780
9780
9780
9780
9780
9780
9780
9780
9780
9780
9780
9780
9780
9780
9780
9780
9780
9780
9780
9780
9780
9780
9780
9780
9780
9780
9780
9780
9780
9780
9780
9780
9780
9780
9780
9780
9780
9780
9780
9780
9780
9780
9780
9780
9780
9780
9780
9780
9780
9780
9780
9780
9780
9780
9780
9780
9780
9780
9780
9780
9780
9780
9780
9780
9780
9780
9780
9777.56
9778.06
9778.56
9779.04
9779.52
9779.98
9780
9780
9780
9780
9780
9780
9780
9780
9780
9780
9780
9780
9780
9780
9780
9780
9780
9780
9780
9780
9780
9780
9780
9780
9780
9780
9780
9780
9780
9780
9780
9780
9780
9780
9780
9780
9780
9780
9780
9780
9780
9780
9780
9780
9780
9780
9780
9780
9780
9780
9780
9780
9780
9780
9780
9780
9780
9780
9780
9780
9780
9780
9780
9780
9780
9780
9780
9780
9780
9780
9780
9780
9780
9780
9780
9780
9780
9780
9780
9780
9780
9780
9780
9780
9780
9780
9780
9780
9780
9780
9780
9780
9780
9780
9780
9780
9780
9780
9780
9780
9780
9780
9780
9780
9780
9780
9780
9780
9780
9780
9780
9780
9780
9780
9777.58
9778.09
9778.59
9779.07
9779.55
9780
9780
9780
9780
9780
9780
9780
9780
9780
9780
9780
9780
9780
9780
9780
9780
9780
9780
9780
9780
9780
9780
9780
9780
9780
9780
9780
9780
9780
9780
9780
9780
9780
9780
9780
9780
9780
9780
9780
9780
9780
9780
9780
9780
9780
9780
9780
9780
9780
9780
9780
9780
9780
9780
9780
9780
9780
9780
9780
9780
9780
9780
9780
9780
9780
9780
9780
9780
9780
9780
9780
9780
9780
9780
9780
9780
9780
9780
9780
9780
9780
9780
9780
9780
9780
9780
9780
9780
9780
9780
9780
9780
9780
9780
9780
9780
9780
9780
9780
9780
9780
9780
9780
9780
9780
9780
9780
9780
9780
9780
9780
9780
9780
9780
9780
9777.62
9778.14
9778.64
9779.12
9779.59
9780
9780
9780
9780
9780
9780
9780
9780
9780
9780
9780
9780
9780
9780
9780
9780
9780
9780
9780
9780
9780
9780
9780
9780
9780
9780
9780
9780
9780
9780
9780
9780
9780
9780
9780
9780
9780
9780
9780
9780
9780
9780
9780
9780
9780
9780
9780
9780
9780
9780
9780
9780
9780
9780
9780
9780
9780
9780
9780
9780
9780
9780
9780
9780
9780
9780
9780
9780
9780
9780
9780
9780
9780
9780
9780
9780
9780
9780
9780
9780
9780
9780
9780
9780
9780
9780
9780
9780
9780
9780
9780
9780
9780
9780
9780
9780
9780
9780
9780
9780
9780
9780
9780
9780
9780
9780
9780
9780
9780
9780
9780
9780
9780
9780
9780
9777.69
9778.21
9778.7
9779.18
9779.64
9780
9780
9780
9780
9780
9780
9780
9780
9780
9780
9780
9780
9780
9780
9780
9780
9780
9780
9780
9780
9780
9780
9780
9780
9780
9780
9780
9780
9780
9780
9780
9780
9780
9780
9780
9780
9780
9780
9780
9780
9780
9780
9780
9780
9780
9780
9780
9780
9780
9780
9780
9780
9780
9780
9780
9780
9780
9780
9780
9780
9780
9780
9780
9780
9780
9780
9780
9780
9780
9780
9780
9780
9780
9780
9780
9780
9780
9780
9780
9780
9780
9780
9780
9780
9780
9780
9780
9780
9780
9780
9780
9780
9780
9780
9780
9780
9780
9780
9780
9780
9780
9780
9780
9780
9780
9780
9780
9780
9780
9780
9780
9780
9780
9780
9780
9777.78
9778.31
9778.8
9779.26
9779.71
9780
9780
9780
9780
9780
9780
9780
9780
9780
9780
9780
9780
9780
9780
9780
9780
9780
9780
9780
9780
9780
9780
9780
9780
9780
9780
9780
9780
9780
9780
9780
9780
9780
9780
9780
9780
9780
9780
9780
9780
9780
9780
9780
9780
9780
9780
9780
9780
9780
9780
9780
9780
9780
9780
9780
9780
9780
9780
9780
9780
9780
9780
9780
9780
9780
9780
9780
9780
9780
9780
9780
9780
9780
9780
9780
9780
9780
9780
9780
9780
9780
9780
9780
9780
9780
9780
9780
9780
9780
9780
9780
9780
9780
9780
9780
9780
9780
9780
9780
9780
9780
9780
9780
9780
9780
9780
9780
9780
9780
9780
9780
9780
9780
9780
9780
9777.92
9778.44
9778.92
9779.37
9779.8
9780
9780
9780
9780
9780
9780
9780
9780
9780
9780
9780
9780
9780
9780
9780
9780
9780
9780
9780
9780
9780
9780
9780
9780
9780
9780
9780
9780
9780
9780
9780
9780
9780
9780
9780
9780
9780
9780
9780
9780
9780
9780
9780
9780
9780
9780
9780
9780
9780
9780
9780
9780
9780
9780
9780
9780
9780
9780
9780
9780
9780
9780
9780
9780
9780
9780
9780
9780
9780
9780
9780
9780
9780
9780
9780
9780
9780
9780
9780
9780
9780
9780
9780
9780
9780
9780
9780
9780
9780
9780
9780
9780
9780
9780
9780
9780
9780
9780
9780
9780
9780
9780
9780
9780
9780
9780
9780
9780
9780
9780
9780
9780
9780
9780
9780
9778.12
9778.62
9779.07
9779.49
9779.9
9780
9780
9780
9780
9780
9780
9780
9780
9780
9780
9780
9780
9780
9780
9780
9780
9780
9780
9780
9780
9780
9780
9780
9780
9780
9780
9780
9780
9780
9780
9780
9780
9780
9780
9780
9780
9780
9780
9780
9780
9780
9780
9780
9780
9780
9780
9780
9780
9780
9780
9780
9780
9780
9780
9780
9780
9780
9780
9780
9780
9780
9780
9780
9780
9780
9780
9780
9780
9780
9780
9780
9780
9780
9780
9780
9780
9780
9780
9780
9780
9780
9780
9780
9780
9780
9780
9780
9780
9780
9780
9780
9780
9780
9780
9780
9780
9780
9780
9780
9780
9780
9780
9780
9780
9780
9780
9780
9780
9780
9780
9780
9780
9780
9780
9780
9778.44
9778.87
9779.25
9779.62
9780
9780
9780
9780
9780
9780
9780
9780
9780
9780
9780
9780
9780
9780
9780
9780
9780
9780
9780
9780
9780
9780
9780
9780
9780
9780
9780
9780
9780
9780
9780
9780
9780
9780
9780
9780
9780
9780
9780
9780
9780
9780
9780
9780
9780
9780
9780
9780
9780
9780
9780
9780
9780
9780
9780
9780
9780
9780
9780
9780
9780
9780
9780
9780
9780
9780
9780
9780
9780
9780
9780
9780
9780
9780
9780
9780
9780
9780
9780
9780
9780
9780
9780
9780
9780
9780
9780
9780
9780
9780
9780
9780
9780
9780
9780
9780
9780
9780
9780
9780
9780
9780
9780
9780
9780
9780
9780
9780
9780
9780
9780
9780
9780
9780
9780
9780
9780
9779.17
9779.44
9779.76
9780
9780
9780
9780
9780
9780
9780
9780
9780
9780
9780
9780
9780
9780
9780
9780
9780
9780
9780
9780
9780
9780
9780
9780
9780
9780
9780
9780
9780
9780
9780
9780
9780
9780
9780
9780
9780
9780
9780
9780
9780
9780
9780
9780
9780
9780
9780
9780
9780
9780
9780
9780
9780
9780
9780
9780
9780
9780
9780
9780
9780
9780
9780
9780
9780
9780
9780
9780
9780
9780
9780
9780
9780
9780
9780
9780
9780
9780
9780
9780
9780
9780
9780
9780
9780
9780
9780
9780
9780
9780
9780
9780
9780
9780
9780
9780
9780
9780
9780
9780
9780
9780
9780
9780
9780
9780
9780
9780
9780
9780
9780
9780
9780
9780
9780
9780
9780
9779.35
9779.58
9779.87
9780
9780
9780
9780
9780
9780
9780
9780
9780
9780
9780
9780
9780
9780
9780
9780
9780
9780
9780
9780
9780
9780
9780
9780
9780
9780
9780
9780
9780
9780
9780
9780
9780
9780
9780
9780
9780
9780
9780
9780
9780
9780
9780
9780
9780
9780
9780
9780
9780
9780
9780
9780
9780
9780
9780
9780
9780
9780
9780
9780
9780
9780
9780
9780
9780
9780
9780
9780
9780
9780
9780
9780
9780
9780
9780
9780
9780
9780
9780
9780
9780
9780
9780
9780
9780
9780
9780
9780
9780
9780
9780
9780
9780
9780
9780
9780
9780
9780
9780
9780
9780
9780
9780
9780
9780
9780
9780
9780
9780
9780
9780
9780
9780
9780
9780
9780
9780
9779.44
9779.66
9779.94
9780
9780
9780
9780
9780
9780
9780
9780
9780
9780
9780
9780
9780
9780
9780
9780
9780
9780
9780
9780
9780
9780
9780
9780
9780
9780
9780
9780
9780
9780
9780
9780
9780
9780
9780
9780
9780
9780
9780
9780
9780
9780
9780
9780
9780
9780
9780
9780
9780
9780
9780
9780
9780
9780
9780
9780
9780
9780
9780
9780
9780
9780
9780
9780
9780
9780
9780
9780
9780
9780
9780
9780
9780
9780
9780
9780
9780
9780
9780
9780
9780
9780
9780
9780
9780
9780
9780
9780
9780
9780
9780
9780
9780
9780
9780
9780
9780
9780
9780
9780
9780
9780
9780
9780
9780
9780
9780
9780
9780
9780
9780
9780
9780
9780
9780
9780
9780
9779.44
9779.69
9779.99
9780
9780
9780
9780
9780
9780
9780
9780
9780
9780
9780
9780
9780
9780
9780
9780
9780
9780
9780
9780
9780
9780
9780
9780
9780
9780
9780
9780
9780
9780
9780
9780
9780
9780
9780
9780
9780
9780
9780
9780
9780
9780
9780
9780
9780
9780
9780
9780
9780
9780
9780
9780
9780
9780
9780
9780
9780
9780
9780
9780
9780
9780
9780
9780
9780
9780
9780
9780
9780
9780
9780
9780
9780
9780
9780
9780
9780
9780
9780
9780
9780
9780
9780
9780
9780
9780
9780
9780
9780
9780
9780
9780
9780
9780
9780
9780
9780
9780
9780
9780
9780
9780
9780
9780
9780
9780
9780
9780
9780
9780
9780
9780
9780
9780
9780
9780
9780
9779.38
9779.68
9780
9780
9780
9780
9780
9780
9780
9780
9780
9780
9780
9780
9780
9780
9780
9780
9780
9780
9780
9780
9780
9780
9780
9780
9780
9780
9780
9780
9780
9780
9780
9780
9780
9780
9780
9780
9780
9780
9780
9780
9780
9780
9780
9780
9780
9780
9780
9780
9780
9780
9780
9780
9780
9780
9780
9780
9780
9780
9780
9780
9780
9780
9780
9780
9780
9780
9780
9780
9780
9780
9780
9780
9780
9780
9780
9780
9780
9780
9780
9780
9780
9780
9780
9780
9780
9780
9780
9780
9780
9780
9780
9780
9780
9780
9780
9780
9780
9780
9780
9780
9780
9780
9780
9780
9780
9780
9780
9780
9780
9780
9780
9780
9780
9780
9780
9780
9780
9778.75
9779.25
9779.65
9780
9780
9780
9780
9780
9780
9780
9780
9780
9780
9780
9780
9780
9780
9780
9780
9780
9780
9780
9780
9780
9780
9780
9780
9780
9780
9780
9780
9780
9780
9780
9780
9780
9780
9780
9780
9780
9780
9780
9780
9780
9780
9780
9780
9780
9780
9780
9780
9780
9780
9780
9780
9780
9780
9780
9780
9780
9780
9780
9780
9780
9780
9780
9780
9780
9780
9780
9780
9780
9780
9780
9780
9780
9780
9780
9780
9780
9780
9780
9780
9780
9780
9780
9780
9780
9780
9780
9780
9780
9780
9780
9780
9780
9780
9780
9780
9780
9780
9780
9780
9780
9780
9780
9780
9780
9780
9780
9780
9780
9780
9780
9780
9780
9780
9780
9780
9780
9778.69
9779.23
9779.65
9780
9780
9780
9780
9780
9780
9780
9780
9780
9780
9780
9780
9780
9780
9780
9780
9780
9780
9780
9780
9780
9780
9780
9780
9780
9780
9780
9780
9780
9780
9780
9780
9780
9780
9780
9780
9780
9780
9780
9780
9780
9780
9780
9780
9780
9780
9780
9780
9780
9780
9780
9780
9780
9780
9780
9780
9780
9780
9780
9780
9780
9780
9780
9780
9780
9780
9780
9780
9780
9780
9780
9780
9780
9780
9780
9780
9780
9780
9780
9780
9780
9780
9780
9780
9780
9780
9780
9780
9780
9780
9780
9780
9780
9780
9780
9780
9780
9780
9780
9780
9780
9780
9780
9780
9780
9780
9780
9780
9780
9780
9780
9780
9780
9780
9780
9780
9780
9778.93
9779.35
9779.69
9780
9780
9780
9780
9780
9780
9780
9780
9780
9780
9780
9780
9780
9780
9780
9780
9780
9780
9780
9780
9780
9780
9780
9780
9780
9780
9780
9780
9780
9780
9780
9780
9780
9780
9780
9780
9780
9780
9780
9780
9780
9780
9780
9780
9780
9780
9780
9780
9780
9780
9780
9780
9780
9780
9780
9780
9780
9780
9780
9780
9780
9780
9780
9780
9780
9780
9780
9780
9780
9780
9780
9780
9780
9780
9780
9780
9780
9780
9780
9780
9780
9780
9780
9780
9780
9780
9780
9780
9780
9780
9780
9780
9780
9780
9780
9780
9780
9780
9780
9780
9780
9780
9780
9780
9780
9780
9780
9780
9780
9780
9780
9780
9780
9780
9780
9780
9780
9780
9779.52
9779.72
9780
9780
9780
9780
9780
9780
9780
9780
9780
9780
9780
9780
9780
9780
9780
9780
9780
9780
9780
9780
9780
9780
9780
9780
9780
9780
9780
9780
9780
9780
9780
9780
9780
9780
9780
9780
9780
9780
9780
9780
9780
9780
9780
9780
9780
9780
9780
9780
9780
9780
9780
9780
9780
9780
9780
9780
9780
9780
9780
9780
9780
9780
9780
9780
9780
9780
9780
9780
9780
9780
9780
9780
9780
9780
9780
9780
9780
9780
9780
9780
9780
9780
9780
9780
9780
9780
9780
9780
9780
9780
9780
9780
9780
9780
9780
9780
9780
9780
9780
9780
9780
9780
9780
9780
9780
9780
9780
9780
9780
9780
9780
9780
9780
9780
9780
9780
9780
9780
9779.23
9779.62
9780
9780
9780
9780
9780
9780
9780
9780
9780
9780
9780
9780
9780
9780
9780
9780
9780
9780
9780
9780
9780
9780
9780
9780
9780
9780
9780
9780
9780
9780
9780
9780
9780
9780
9780
9780
9780
9780
9780
9780
9780
9780
9780
9780
9780
9780
9780
9780
9780
9780
9780
9780
9780
9780
9780
9780
9780
9780
9780
9780
9780
9780
9780
9780
9780
9780
9780
9780
9780
9780
9780
9780
9780
9780
9780
9780
9780
9780
9780
9780
9780
9780
9780
9780
9780
9780
9780
9780
9780
9780
9780
9780
9780
9780
9780
9780
9780
9780
9780
9780
9780
9780
9780
9780
9780
9780
9780
9780
9780
9780
9780
9780
9780
9780
9780
9780
9780
9780
9778.99
9779.52
9779.97
9780
9780
9780
9780
9780
9780
9780
9780
9780
9780
9780
9780
9780
9780
9780
9780
9780
9780
9780
9780
9780
9780
9780
9780
9780
9780
9780
9780
9780
9780
9780
9780
9780
9780
9780
9780
9780
9780
9780
9780
9780
9780
9780
9780
9780
9780
9780
9780
9780
9780
9780
9780
9780
9780
9780
9780
9780
9780
9780
9780
9780
9780
9780
9780
9780
9780
9780
9780
9780
9780
9780
9780
9780
9780
9780
9780
9780
9780
9780
9780
9780
9780
9780
9780
9780
9780
9780
9780
9780
9780
9780
9780
9780
9780
9780
9780
9780
9780
9780
9780
9780
9780
9780
9780
9780
9780
9780
9780
9780
9780
9780
9780
9780
9780
9780
9780
9780
9778.92
9779.47
9779.94
9780
9780
9780
9780
9780
9780
9780
9780
9780
9780
9780
9780
9780
9780
9780
9780
9780
9780
9780
9780
9780
9780
9780
9780
9780
9780
9780
9780
9780
9780
9780
9780
9780
9780
9780
9780
9780
9780
9780
9780
9780
9780
9780
9780
9780
9780
9780
9780
9780
9780
9780
9780
9780
9780
9780
9780
9780
9780
9780
9780
9780
9780
9780
9780
9780
9780
9780
9780
9780
9780
9780
9780
9780
9780
9780
9780
9780
9780
9780
9780
9780
9780
9780
9780
9780
9780
9780
9780
9780
9780
9780
9780
9780
9780
9780
9780
9780
9780
9780
9780
9780
9780
9780
9780
9780
9780
9780
9780
9780
9780
9780
9780
9780
9780
9780
9780
9780
9780
9779.5
9779.92
9780
9780
9780
9780
9780
9780
9780
9780
9780
9780
9780
9780
9780
9780
9780
9780
9780
9780
9780
9780
9780
9780
9780
9780
9780
9780
9780
9780
9780
9780
9780
9780
9780
9780
9780
9780
9780
9780
9780
9780
9780
9780
9780
9780
9780
9780
9780
9780
9780
9780
9780
9780
9780
9780
9780
9780
9780
9780
9780
9780
9780
9780
9780
9780
9780
9780
9780
9780
9780
9780
9780
9780
9780
9780
9780
9780
9780
9780
9780
9780
9780
9780
9780
9780
9780
9780
9780
9780
9780
9780
9780
9780
9780
9780
9780
9780
9780
9780
9780
9780
9780
9780
9780
9780
9780
9780
9780
9780
9780
9780
9780
9780
9780
9780
9780
9780
9780
9780
9779.46
9779.87
9780
9780
9780
9780
9780
9780
9780
9780
9780
9780
9780
9780
9780
9780
9780
9780
9780
9780
9780
9780
9780
9780
9780
9780
9780
9780
9780
9780
9780
9780
9780
9780
9780
9780
9780
9780
9780
9780
9780
9780
9780
9780
9780
9780
9780
9780
9780
9780
9780
9780
9780
9780
9780
9780
9780
9780
9780
9780
9780
9780
9780
9780
9780
9780
9780
9780
9780
9780
9780
9780
9780
9780
9780
9780
9780
9780
9780
9780
9780
9780
9780
9780
9780
9780
9780
9780
9780
9780
9780
9780
9780
9780
9780
9780
9780
9780
9780
9780
9780
9780
9780
9780
9780
9780
9780
9780
9780
9780
9780
9780
9780
9780
9780
9780
9780
9780
9780
9780
9779.32
9779.79
9780
9780
9780
9780
9780
9780
9780
9780
9780
9780
9780
9780
9780
9780
9780
9780
9780
9780
9780
9780
9780
9780
9780
9780
9780
9780
9780
9780
9780
9780
9780
9780
9780
9780
9780
9780
9780
9780
9780
9780
9780
9780
9780
9780
9780
9780
9780
9780
9780
9780
9780
9780
9780
9780
9780
9780
9780
9780
9780
9780
9780
9780
9780
9780
9780
9780
9780
9780
9780
9780
9780
9780
9780
9780
9780
9780
9780
9780
9780
9780
9780
9780
9780
9780
9780
9780
9780
9780
9780
9780
9780
9780
9780
9780
9780
9780
9780
9780
9780
9780
9780
9780
9780
9780
9780
9780
9780
9780
9780
9780
9780
9780
9780
9780
9780
9780
9780
9780
9779.08
9779.71
9780
9780
9780
9780
9780
9780
9780
9780
9780
9780
9780
9780
9780
9780
9780
9780
9780
9780
9780
9780
9780
9780
9780
9780
9780
9780
9780
9780
9780
9780
9780
9780
9780
9780
9780
9780
9780
9780
9780
9780
9780
9780
9780
9780
9780
9780
9780
9780
9780
9780
9780
9780
9780
9780
9780
9780
9780
9780
9780
9780
9780
9780
9780
9780
9780
9780
9780
9780
9780
9780
9780
9780
9780
9780
9780
9780
9780
9780
9780
9780
9780
9780
9780
9780
9780
9780
9780
9780
9780
9780
9780
9780
9780
9780
9780
9780
9780
9780
9780
9780
9780
9780
9780
9780
9694.23
9780
9675.57
9709.97
9650.91
9681.37
9645.82
9670.72
9669.45
9711.55
9681.38
9740.32
9701.36
9780
9780
9779.78
9780
9780
9780
9780
9780
9780
9780
9780
9780
9780
9780
9780
9780
9780
9780
9780
9780
9780
9780
9780
9780
9780
9780
9780
9780
9780
9780
9780
9780
9780
9780
9780
9780
9780
9780
9780
9780
9780
9780
9780
9780
9780
9780
9780
9780
9780
9780
9780
9780
9780
9780
9780
9780
9780
9780
9780
9780
9780
9780
9780
9780
9780
9780
9780
9780
9780
9780
9780
9780
9780
9780
9780
9780
9780
9780
9780
9780
9780
9780
9780
9780
9780
9763.88
9763.41
9744.06
9748.91
9716.53
9731.08
9696.86
9716.9
9680.03
9705.4
9657.79
9683.35
9624.53
9659.25
9591.89
9633.5
9550.53
9625.74
9512.89
9601.15
9454.4
9528.22
9439.67
9468.21
9413.76
9518.22
9431.65
9486.81
9438.51
9434.75
9456.86
9462.77
9482.13
9534.2
9533.6
9455.06
9779.85
9779.95
9780
9780
9780
9780
9780
9780
9780
9780
9780
9780
9780
9780
9780
9780
9780
9780
9780
9780
9780
9780
9780
9780
9780
9780
9780
9780
9780
9780
9780
9780
9780
9780
9780
9780
9780
9780
9780
9780
9780
9780
9780
9780
9780
9780
9780
9780
9780
9780
9780
9780
9780
9780
9780
9780
9780
9780
9780
9780
9780
9780
9780
9780
9780
9780
9780
9780
9780
9780
9780
9780
9780
9780
9780
9780
9780
9765.05
9769.18
9741.27
9735.88
9695.94
9698.59
9668.88
9675.05
9645.3
9656.68
9628.76
9630.85
9608.6
9603.66
9585.33
9575.62
9553.28
9536.73
9512.56
9486.61
9482.69
9434.55
9423.57
9321.81
9351.92
9188.29
9287.35
9073.39
9251.54
8942.11
9228.33
8781.07
9163.54
8539.43
9063.09
8275.33
8878.36
7750.89
8478.71
6907.01
7824.09
5853.12
7075.93
4424.92
9779.93
9780
9780
9780
9780
9780
9780
9780
9780
9780
9780
9780
9780
9780
9780
9780
9780
9780
9780
9780
9780
9780
9780
9780
9780
9780
9780
9780
9780
9780
9780
9780
9780
9780
9780
9780
9780
9780
9780
9780
9780
9780
9780
9780
9780
9780
9780
9780
9780
9780
9780
9780
9780
9780
9780
9780
9780
9780
9780
9780
9780
9780
9780
9780
9780
9780
9780
9780
9780
9780
9772.8
9761.47
9745.66
9721.06
9710.16
9686.58
9675.87
9644.93
9632.15
9617.45
9593.87
9582.26
9550.6
9542.08
9500.74
9511.25
9449.67
9465.19
9391.86
9427.79
9327.84
9358.76
9243.86
9285.26
9137.63
9184.11
8968.05
9046.96
8838.64
8950.36
8702.17
8857.91
8494.99
8596.19
8243.31
8273.19
7782.38
7782.92
7182.72
6970.69
6309.6
5823.4
5154.01
4581.51
3979.97
3353.18
2757.32
2017.09
1489.28
906.321
2511.67
9780
9780
9780
9780
9780
9780
9780
9780
9780
9780
9780
9780
9780
9780
9780
9780
9780
9780
9780
9780
9780
9780
9780
9780
9780
9780
9780
9780
9780
9780
9780
9780
9780
9780
9780
9780
9780
9780
9780
9780
9780
9780
9780
9780
9780
9780
9780
9780
9780
9780
9780
9780
9780
9780
9780
9780
9780
9780
9780
9780
9780
9780
9780
9780
9771.11
9760.27
9746.04
9731.16
9711.65
9685.48
9662.57
9638.94
9601.41
9587.42
9551.47
9534.61
9491.1
9491.21
9433.33
9419.01
9343.49
9350.71
9246.17
9248.61
9138.65
9144
9018.11
9025.32
8900.94
8891.97
8705.59
8694.51
8507.01
8455.53
8263.74
8231.71
7981.55
7912.17
7549.67
7325.44
6844.55
6513.76
6132.39
5572.89
5038.28
4376.89
4000.72
3239.92
2996.07
2316.13
2193.86
1466.59
1449.23
947.076
826.917
464.451
427.115
224.394
100.128
262.69
2055.92
9780
9780
9780
9780
9780
9780
9780
9780
9780
9780
9780
9780
9780
9780
9780
9780
9780
9780
9780
9780
9780
9780
9780
9780
9780
9780
9780
9780
9780
9780
9780
9780
9780
9780
9780
9780
9780
9780
9780
9780
9780
9780
9780
9780
9780
9780
9780
9780
9780
9780
9780
9780
9780
9780
9780
9780
9780
9772.06
9759.63
9730.64
9702.3
9676.81
9657.61
9633.77
9606.64
9575.49
9538.43
9507.46
9453.32
9428.26
9375.72
9343.13
9258.73
9228.86
9149.63
9092.22
8995.12
8946.11
8823.66
8788.91
8692.29
8628.98
8522.07
8438.98
8242.65
8154.85
7917.31
7767.31
7504.2
7295.2
6947.03
6658.9
6350.12
5997.95
5517.47
4972.19
4518.66
3950.5
3552.36
3079.22
2686.45
2158.63
1979.71
1495.82
1417
1075.39
1026.8
736.595
755.243
501.293
478.615
318.68
296.66
182.471
151.524
84.2563
1.6337
1.63357
1.63287
71.0541
1047.08
6021.36
9780
9780
9780
9780
9780
9780
9780
9780
9780
9780
9780
9780
9780
9780
9780
9780
9780
9780
9780
9780
9780
9780
9780
9780
9780
9780
9780
9780
9780
9780
9780
9780
9780
9780
9780
9780
9780
9780
9780
9778.7
9779.68
9760.92
9754.37
9716.95
9700.24
9665.19
9638
9608.36
9579.94
9559.46
9521.61
9491.24
9435.87
9383.54
9341.74
9292.42
9236.85
9197.26
9165.34
9108.45
9077.41
9033.26
8971.87
8917.37
8882.57
8804.49
8741.5
8640.99
8556.71
8427.63
8349.95
8200.47
8059.92
7888.12
7734.9
7583.6
7389.03
7162.2
6877.44
6494.16
6144.74
5733.94
5372.07
4982.48
4558.03
4135.11
3755.89
3369.83
2963.66
2593.39
2164.48
1893.63
1614.82
1401.13
1199.03
1068.23
905.947
811.474
667.709
681.996
562.727
547.455
444.674
434.135
340.489
305.378
251.044
226.105
160.775
127.544
107.558
73.1526
25.9758
1.63315
1.6337
1.6337
1.6337
1.6337
1.6337
1.6337
197.511
1097.11
6401.38
9780
9780
9780
9780
9780
9780
9780
9780
9780
9780
9780
9780
9780
9780
9780
9780
9780
9780
9780
9780
9780
9780
9780
9780
9780
9780
9780
9780
9780
9780
8966.37
8862.72
8802.69
8784.59
8764.69
8731.13
8628.06
8532.48
8444.52
8336.64
8263.38
8120.79
8035.31
7939.06
7851.68
7775.53
7626.17
7497.39
7371.16
7152.2
7059.58
6828.63
6711.46
6536.56
6385.69
6126.18
6028.68
5850.34
5659.85
5514.94
5284.07
5052.63
4866.92
4646.41
4406.93
4191.65
4004.64
3726.65
3457.15
3261.12
2982.69
2655.7
2337.11
2078.07
1837.45
1598.99
1387.98
1223.01
1080.75
979.109
882.902
773.087
707.324
644.721
596.571
535.627
482.568
493.96
493.52
453.188
441.8
412.293
373.653
364.851
334.863
317.088
285.416
269.87
221.066
199.115
171.666
152.606
110.734
100.646
69.773
59.0546
24.2857
14.4558
1.6337
1.6337
1.6337
1.6337
1.6337
1.6337
1.6337
1.6337
1.6337
14.8916
1.6337
1.6337
1.6337
1.6337
1.6337
1.6337
1.6337
1.6337
1.6337
1.6337
1.6337
1.6337
1.6337
1.6337
1.6337
1.6337
1.6337
1.6337
1.6337
1.6337
1.6337
1.6337
1.6337
1.6337
1.6337
1.6337
1.6337
1.6337
1.6337
1.6337
1.6337
1.6337
204.918
314.837
368.508
380.68
314.815
326.093
357.959
364.067
404.531
446.064
452.976
512.2
476.942
452.867
411.851
380.673
414.091
438.96
392.755
417.899
358.129
339.631
306.148
343.107
331.61
386.122
342.456
317.239
296.837
257.534
275.836
291.432
277.09
276.044
276.808
274.313
276.293
278.043
272.466
253.024
267.451
284.294
303.773
314.506
318.036
313.239
328.888
319.255
317.757
330.345
332.411
334.694
325.797
321.113
320.688
306.508
312.364
293.409
271.497
250.881
236.492
226.037
195.585
170.835
152.327
125.355
105.404
90.6899
86.0419
72.6084
48.628
35.7081
27.5585
14.9731
17.0481
1.63336
1.6337
1.6337
1.6337
1.6337
1.6337
1.6337
1.6337
1.6337
1.6337
1.6337
1.6337
1.6337
1.6337
1.6337
1.6337
1.6337
1.6337
1.6337
1.6337
1.6337
1.6337
1.6337
1.6337
1.6337
1.6337
1.6337
1.6337
1.6337
1.6337
1.6337
1.6337
1.6337
1.6337
1.6337
1.6337
1.6337
1.6337
1.6337
1.6337
1.6337
1.6337
1.6337
1.6337
1.6337
1.63353
1.6337
1.6337
1.63288
16.4828
21.5361
25.4584
30.974
27.4777
31.7319
37.0678
40.581
44.2373
44.6622
53.0004
52.5364
57.9987
59.3029
60.3736
75.8873
72.3116
83.3975
80.5494
74.3639
85.2923
88.8706
88.9692
94.1158
92.7534
87.725
94.4747
91.9924
101.769
107.985
116.042
117.996
124.234
124.375
131
133.078
134.654
130.853
134.877
128.18
133.517
130.063
132.25
130.182
129.497
134.465
133.327
138.767
133.945
125.697
120.808
107.733
111.783
104.937
108.055
102.835
95.727
78.586
69.9914
50.6362
46.7344
36.1052
27.2088
17.0817
22.5117
1.63345
1.63311
1.6337
1.63359
1.6337
1.6337
1.6337
1.6337
1.6337
1.6337
1.6337
1.6337
1.6337
1.6337
1.6337
1.6337
1.6337
1.6337
1.6337
1.6337
1.6337
1.6337
1.6337
1.6337
1.6337
1.6337
1.6337
1.6337
1.6337
1.6337
1.6337
1.6337
1.6337
1.6337
1.6337
1.6337
1.6337
1.6337
1.6337
1.6337
1.6337
1.6337
1.6337
1.6337
1.6337
1.6337
1.6337
1.6337
1.6337
1.6337
1.6337
1.6337
1.6337
1.6337
1.6337
1.6337
1.6337
1.63367
1.63369
1.6337
1.6337
1.6337
1.63368
1.63354
1.63366
1.6337
1.6337
1.6337
1.6337
1.63364
1.6337
1.6337
1.63325
1.63233
13.1277
20.9363
23.8842
23.7461
22.8683
28.7296
27.106
31.1244
36.0835
39.3726
40.2528
41.1224
48.7616
51.0199
56.7784
58.6536
55.0772
53.1446
50.9748
51.9499
50.4847
54.5712
53.197
50.4036
47.6179
45.8386
45.0018
42.1502
34.8198
35.0776
33.3271
31.191
24.4427
19.2349
13.1953
14.5382
1.63276
1.6327
1.6337
1.6337
1.6337
1.63331
1.6337
1.6337
1.6337
1.6337
1.6337
1.6337
1.6337
1.6337
1.6337
1.6337
1.6337
1.6337
1.6337
1.6337
1.6337
1.6337
1.6337
1.6337
1.6337
1.6337
1.6337
1.6337
1.6337
1.6337
1.6337
1.6337
1.6337
1.6337
1.6337
1.6337
1.6337
1.6337
1.6337
1.6337
1.6337
1.6337
1.6337
1.6337
1.6337
1.6337
1.6337
1.6337
1.6337
1.6337
1.6337
1.6337
1.6337
1.6337
1.6337
1.6337
1.6337
1.6337
1.6337
1.6337
1.6337
1.6337
1.6337
1.6337
1.6337
1.6337
1.6337
1.6337
1.6337
1.6337
1.6337
1.6337
1.6337
1.6337
1.6337
1.6337
1.6337
1.6337
1.6337
1.6337
1.6337
1.6337
1.6337
1.6337
1.6337
1.6337
1.63346
1.63363
1.6337
1.63357
1.63357
1.6337
1.6337
1.63346
1.63352
1.6337
1.6337
1.6337
1.63359
1.63346
1.63338
1.63362
1.63368
1.6337
1.6337
1.63364
1.63354
1.6337
1.63341
1.6335
1.6337
1.63364
1.63369
1.63369
1.63357
1.63368
1.6337
1.6337
1.6337
1.6337
1.6337
1.6337
1.6337
1.6337
1.6337
1.6337
1.6337
1.6337
1.6337
1.6337
1.6337
1.6337
1.6337
1.6337
1.6337
1.6337
1.6337
1.6337
1.6337
1.6337
1.6337
1.6337
1.6337
1.6337
1.6337
1.6337
1.6337
1.6337
1.6337
1.6337
1.6337
1.6337
1.6337
1.6337
1.6337
1.6337
1.6337
1.6337
1.6337
1.6337
1.6337
1.6337
1.6337
1.6337
1.6337
1.6337
1.6337
1.6337
1.6337
1.6337
1.6337
1.6337
1.6337
1.6337
1.6337
1.6337
1.6337
1.6337
1.6337
1.6337
1.6337
1.6337
1.6337
1.6337
1.6337
1.6337
1.6337
1.6337
1.6337
1.6337
1.6337
1.6337
1.6337
1.6337
1.6337
1.6337
1.6337
1.6337
1.6337
1.6337
1.6337
1.6337
1.6337
1.6337
1.6337
1.6337
1.6337
1.6337
1.6337
1.6337
1.6337
1.6337
1.6337
1.6337
1.6337
1.6337
1.6337
1.6337
1.6337
1.6337
1.6337
1.6337
1.6337
1.6337
1.6337
1.6337
1.6337
1.6337
1.6337
1.6337
1.6337
1.6337
1.6337
1.6337
1.6337
1.6337
1.6337
1.6337
1.6337
1.6337
1.6337
1.6337
1.6337
1.6337
1.6337
1.6337
1.6337
1.6337
1.6337
1.6337
1.6337
1.6337
1.6337
1.6337
1.6337
1.6337
1.6337
1.6337
1.6337
1.6337
1.6337
1.6337
1.6337
1.6337
1.6337
1.6337
1.6337
1.6337
1.6337
1.6337
1.6337
1.6337
1.6337
1.6337
1.6337
1.6337
1.6337
1.6337
1.6337
1.6337
1.6337
1.6337
1.6337
1.6337
1.6337
1.6337
1.6337
1.6337
1.6337
1.6337
1.6337
1.6337
1.6337
1.6337
1.6337
1.6337
1.6337
1.6337
1.6337
1.6337
1.6337
1.6337
1.6337
1.6337
1.6337
1.6337
1.6337
1.6337
1.6337
1.6337
1.6337
1.6337
1.6337
1.6337
1.6337
1.6337
1.6337
1.6337
1.6337
1.6337
1.6337
1.6337
1.6337
1.6337
1.6337
1.6337
1.6337
1.6337
1.6337
1.6337
1.6337
1.6337
1.6337
1.6337
1.6337
1.6337
1.6337
1.6337
1.6337
1.6337
1.6337
1.6337
1.6337
1.6337
1.6337
1.6337
1.6337
1.6337
1.6337
1.6337
1.6337
1.6337
1.6337
1.6337
1.6337
1.6337
1.6337
1.6337
1.6337
1.6337
1.6337
1.6337
1.6337
1.6337
1.6337
1.6337
1.6337
1.6337
1.6337
1.6337
1.6337
1.6337
1.6337
1.6337
1.6337
1.6337
1.6337
1.6337
1.6337
1.6337
1.6337
1.6337
1.6337
1.6337
1.6337
1.6337
1.6337
1.6337
1.6337
1.6337
1.6337
1.6337
1.6337
1.6337
1.6337
1.6337
1.6337
1.6337
1.6337
1.6337
1.6337
1.6337
1.6337
1.6337
1.6337
1.6337
1.6337
1.6337
1.6337
1.6337
1.6337
1.6337
1.6337
1.6337
1.6337
1.6337
1.6337
1.6337
1.6337
1.6337
1.6337
1.6337
1.6337
1.6337
1.6337
1.6337
1.6337
1.6337
1.6337
1.6337
1.6337
1.6337
1.6337
1.6337
1.6337
1.6337
1.6337
1.6337
1.6337
1.6337
1.6337
1.6337
1.6337
1.6337
1.6337
1.6337
1.6337
1.6337
1.6337
1.6337
1.6337
1.6337
1.6337
1.6337
1.6337
1.6337
1.6337
1.6337
1.6337
1.6337
1.6337
1.6337
1.6337
1.6337
1.6337
1.6337
1.6337
1.6337
1.6337
1.6337
1.6337
1.6337
1.6337
1.6337
1.6337
1.6337
1.6337
1.6337
1.6337
1.6337
1.6337
1.6337
1.6337
1.6337
1.6337
1.6337
1.6337
1.6337
1.6337
1.6337
1.6337
1.6337
1.6337
1.6337
1.6337
1.6337
1.6337
1.6337
1.6337
1.6337
1.6337
1.6337
1.6337
1.6337
1.6337
1.6337
1.6337
1.6337
1.6337
1.6337
1.6337
1.6337
1.6337
1.6337
1.6337
1.6337
1.6337
1.6337
1.6337
1.6337
1.6337
1.6337
1.6337
1.6337
1.6337
1.6337
1.6337
1.6337
1.6337
1.6337
1.6337
1.6337
1.6337
1.6337
1.6337
1.6337
1.6337
1.6337
1.6337
1.6337
1.6337
)
;

boundaryField
{
    hot
    {
        type            calculated;
        value           uniform 9780;
    }
    hotTop
    {
        type            calculated;
        value           nonuniform List<scalar> 8(8966.37 204.918 2.62919 1.6337 1.6337 1.6337 1.6337 1.6337);
    }
    cold
    {
        type            calculated;
        value           uniform 9780;
    }
    coldTop
    {
        type            calculated;
        value           nonuniform List<scalar> 8(1.6337 1.6337 1.6337 1.6337 1.6337 1.6337 1.6337 1.6337);
    }
    top
    {
        type            calculated;
        value           nonuniform List<scalar> 
120
(
1.6337
1.6337
1.6337
1.6337
1.6337
1.6337
1.6337
1.6337
1.6337
1.6337
1.6337
1.6337
1.6337
1.6337
1.6337
1.6337
1.6337
1.6337
1.6337
1.6337
1.6337
1.6337
1.6337
1.6337
1.6337
1.6337
1.6337
1.6337
1.6337
1.6337
1.6337
1.6337
1.6337
1.6337
1.6337
1.6337
1.6337
1.6337
1.6337
1.6337
1.6337
1.6337
1.6337
1.6337
1.6337
1.6337
1.6337
1.6337
1.6337
1.6337
1.6337
1.6337
1.6337
1.6337
1.6337
1.6337
1.6337
1.6337
1.63369
1.6337
1.6337
1.6337
1.6337
1.6337
1.6337
1.6337
1.6337
1.6337
1.6337
1.6337
1.6337
1.6337
1.6337
1.6337
1.6337
1.6337
1.6337
1.6337
1.6337
1.6337
1.6337
1.6337
1.6337
1.6337
1.6337
1.6337
1.6337
1.6337
1.6337
1.6337
1.6337
1.6337
1.6337
1.6337
1.6337
1.6337
1.6337
1.6337
1.6337
1.6337
1.6337
1.6337
1.6337
1.6337
1.6337
1.6337
1.6337
1.6337
1.6337
1.6337
1.6337
1.6337
1.6337
1.6337
1.6337
1.6337
1.6337
1.6337
1.6337
1.6337
)
;
    }
    btm
    {
        type            calculated;
        value           nonuniform List<scalar> 
120
(
9780
9780
9780
9780
9780
9780
9780
9780
9780
9780
9780
9780
9780
9780
9780
9780
9780
9780
9780
9780
9780
9780
9780
9780
9780
9780
9780
9780
9780
9780
9780
9780
9780
9780
9780
9780
9780
9780
9780
9780
9780
9780
9780
9780
9780
9780
9780
9780
9780
9780
9780
9780
9780
9780
9780
9780
9780
9780
9780
9780
9780
9780
9780
9780
9780
9780
9780
9780
9780
9780
9780
9780
9780
9780
9780
9780
9780
9780
9780
9780
9780
9780
9780
9780
9780
9780
9780
9780
9780
9780
9780
9780
9780
9780
9780
9780
9780
9780
9780
9780
9780
9780
9780
9780
9780
9780
9780
9780
9780
9780
9780
9780
9780
9780
9780
9780
9780
9780
9780
9780
)
;
    }
    frontAndBack
    {
        type            empty;
    }
}


// ************************************************************************* //
