/*--------------------------------*- C++ -*----------------------------------*\
  =========                 |
  \\      /  F ield         | OpenFOAM: The Open Source CFD Toolbox
   \\    /   O peration     | Website:  https://openfoam.org
    \\  /    A nd           | Version:  6
     \\/     M anipulation  |
\*---------------------------------------------------------------------------*/
FoamFile
{
    version     2.0;
    format      ascii;
    class       volScalarField;
    location    "2050";
    object      dmdt;
}
// * * * * * * * * * * * * * * * * * * * * * * * * * * * * * * * * * * * * * //

dimensions      [0 0 0 0 0 0 0];

internalField   nonuniform List<scalar> 
4800
(
-0.218517
-0.214377
-0.210276
-0.206266
-0.202406
-0.198743
-0.195304
-0.192109
-0.189173
-0.186483
-0.184022
-0.181769
-0.179701
-0.177794
-0.176028
-0.174383
-0.17284
-0.17138
-0.169988
-0.168649
-0.167357
-0.166099
-0.16487
-0.163668
-0.162488
-0.161314
-0.160136
-0.158949
-0.157748
-0.156528
-0.155283
-0.154015
-0.152723
-0.151409
-0.150073
-0.148721
-0.147357
-0.145988
-0.144617
-0.143248
-0.141881
-0.140517
-0.139158
-0.1378
-0.136434
-0.135063
-0.133688
-0.132298
-0.130882
-0.129431
-0.127939
-0.126391
-0.124767
-0.123048
-0.121214
-0.119242
-0.117112
-0.114806
-0.11231
-0.109613
-0.106709
-0.103601
-0.100297
-0.0968051
-0.0931294
-0.0892664
-0.08522
-0.0810051
-0.0766446
-0.0721648
-0.0675982
-0.0629887
-0.0583691
-0.053752
-0.0491434
-0.0445618
-0.0400414
-0.0356028
-0.0312462
-0.0269398
-0.0226493
-0.0184007
-0.0142111
-0.0100918
-0.00604789
-0.00208075
0.00181046
0.00562798
0.00937522
0.0130562
0.0166752
0.0202366
0.0237448
0.0272041
0.0306185
0.0339917
0.0373272
0.0406283
0.0438981
0.0471392
0.0503542
0.0535455
0.0567153
0.0598656
0.0629982
0.0661148
0.069217
0.0723063
0.075384
0.0784514
0.0815097
0.08456
0.0876033
0.0906406
0.0936728
0.0967008
0.0997253
0.102747
0.105767
0.108786
-0.218515
-0.21437
-0.210268
-0.206267
-0.202422
-0.198773
-0.195353
-0.192178
-0.189253
-0.186571
-0.184118
-0.181873
-0.179812
-0.177911
-0.176149
-0.174504
-0.172955
-0.171485
-0.170081
-0.168734
-0.167432
-0.166167
-0.164934
-0.163726
-0.162533
-0.161344
-0.16015
-0.158947
-0.15773
-0.156496
-0.15524
-0.153962
-0.15266
-0.151335
-0.149987
-0.148621
-0.147241
-0.145851
-0.144457
-0.143063
-0.14167
-0.140279
-0.138893
-0.137517
-0.136137
-0.134752
-0.133362
-0.131961
-0.130541
-0.129087
-0.127595
-0.12605
-0.124432
-0.12272
-0.120894
-0.118933
-0.116813
-0.114518
-0.112033
-0.109348
-0.106458
-0.103365
-0.100077
-0.0966027
-0.092945
-0.0891031
-0.0850814
-0.0808915
-0.0765507
-0.0720901
-0.0675508
-0.0629702
-0.0583762
-0.0537914
-0.0492316
-0.0447059
-0.0402193
-0.0357661
-0.0313393
-0.0269472
-0.0226039
-0.0183329
-0.0141335
-0.0100106
-0.00596663
-0.00200164
0.001886
0.00569909
0.00944142
0.0131173
0.0167312
0.0202877
0.0237913
0.0272462
0.0306565
0.034026
0.0373581
0.0406562
0.0439231
0.0471617
0.0503744
0.0535637
0.0567316
0.0598802
0.0630112
0.0661264
0.0692273
0.0723154
0.0753921
0.0784585
0.081516
0.0845654
0.087608
0.0906445
0.0936761
0.0967034
0.0997273
0.102749
0.105768
0.108786
-0.218513
-0.214375
-0.210291
-0.206311
-0.202498
-0.198879
-0.195481
-0.192334
-0.189435
-0.186775
-0.184339
-0.182107
-0.180055
-0.178159
-0.176399
-0.17475
-0.173191
-0.171707
-0.170287
-0.168924
-0.167605
-0.166324
-0.165075
-0.163848
-0.162628
-0.16141
-0.160188
-0.158956
-0.157708
-0.156443
-0.155161
-0.15386
-0.152535
-0.151186
-0.149814
-0.14842
-0.147009
-0.145584
-0.144149
-0.14271
-0.141269
-0.139831
-0.138397
-0.136979
-0.135564
-0.134152
-0.13274
-0.131322
-0.129891
-0.128433
-0.126941
-0.125401
-0.123789
-0.122086
-0.120273
-0.118326
-0.116224
-0.113947
-0.111483
-0.108821
-0.105957
-0.102893
-0.0996372
-0.0961956
-0.0925724
-0.0887683
-0.0847881
-0.0806436
-0.0763528
-0.0719429
-0.0674472
-0.0629013
-0.0583411
-0.0537921
-0.0492664
-0.0447631
-0.0402711
-0.0357875
-0.0313172
-0.0268719
-0.0224821
-0.0181846
-0.013972
-0.00984454
-0.00580179
-0.00184196
0.00203795
0.00584176
0.00957399
0.0132395
0.0168431
0.0203897
0.0238839
0.0273301
0.0307323
0.0340944
0.0374197
0.0407116
0.043973
0.0472065
0.0504147
0.0535998
0.056764
0.0599092
0.0630371
0.0661495
0.0692479
0.0723337
0.0754082
0.0784728
0.0815284
0.0845762
0.0876172
0.0906524
0.0936825
0.0967086
0.0997313
0.102751
0.10577
0.108787
-0.218517
-0.214397
-0.210355
-0.206426
-0.202649
-0.199067
-0.195711
-0.192599
-0.189733
-0.187099
-0.184685
-0.182465
-0.180419
-0.178525
-0.176763
-0.175107
-0.173538
-0.172039
-0.1706
-0.169214
-0.167871
-0.166563
-0.165284
-0.16402
-0.162758
-0.161493
-0.160223
-0.158944
-0.157653
-0.156348
-0.155029
-0.153694
-0.152337
-0.150956
-0.14955
-0.148118
-0.146663
-0.145188
-0.143697
-0.142198
-0.140696
-0.139193
-0.137697
-0.136222
-0.134757
-0.133303
-0.131854
-0.13041
-0.128963
-0.127492
-0.126
-0.124464
-0.12286
-0.121168
-0.119369
-0.117441
-0.115362
-0.113112
-0.110678
-0.108052
-0.105226
-0.102203
-0.0989898
-0.0955939
-0.0920212
-0.0882706
-0.0843498
-0.0802724
-0.0760524
-0.0717098
-0.0672724
-0.0627742
-0.0582494
-0.0537224
-0.0492069
-0.0447021
-0.0401969
-0.0356863
-0.031175
-0.0266879
-0.0222631
-0.0179422
-0.0137176
-0.00958762
-0.0055494
-0.00159914
0.00226787
0.00605678
0.00977315
0.0134226
0.0170105
0.020542
0.024022
0.027455
0.0308452
0.0341961
0.0375114
0.0407941
0.0440472
0.0472732
0.0504746
0.0536536
0.0568122
0.0599523
0.0630757
0.0661839
0.0692785
0.0723609
0.0754323
0.0784939
0.0815469
0.0845922
0.087631
0.090664
0.0936922
0.0967163
0.0997372
0.102756
0.105772
0.108788
-0.218536
-0.214447
-0.210434
-0.206556
-0.202844
-0.199325
-0.19603
-0.192969
-0.19014
-0.187535
-0.185141
-0.182933
-0.180893
-0.179001
-0.177237
-0.175568
-0.173983
-0.172464
-0.171002
-0.169588
-0.168212
-0.166867
-0.165542
-0.16422
-0.162891
-0.161556
-0.160217
-0.158875
-0.157527
-0.15617
-0.1548
-0.153418
-0.15202
-0.150599
-0.149152
-0.147677
-0.146174
-0.144646
-0.143098
-0.141534
-0.139965
-0.138387
-0.136815
-0.135267
-0.133737
-0.13223
-0.130736
-0.129257
-0.127783
-0.126293
-0.124793
-0.123262
-0.121669
-0.119993
-0.118215
-0.116309
-0.114254
-0.112033
-0.109635
-0.10705
-0.104272
-0.101301
-0.0981466
-0.0948111
-0.0913009
-0.0876219
-0.083781
-0.0797859
-0.0756466
-0.0713795
-0.0670072
-0.0625597
-0.0580698
-0.0535614
-0.0490459
-0.0445249
-0.0399934
-0.0354507
-0.0309072
-0.0263902
-0.0219352
-0.0175941
-0.0133609
-0.00923271
-0.00520439
-0.00126983
0.00257771
0.00634506
0.0100391
0.0136662
0.0172325
0.0207437
0.0242047
0.0276201
0.0309941
0.0343303
0.0376322
0.0409029
0.044145
0.0473611
0.0505535
0.0537244
0.0568757
0.0600091
0.0631265
0.0662293
0.0693189
0.0723967
0.075464
0.0785218
0.0815712
0.0846134
0.0876491
0.0906793
0.0937049
0.0967265
0.099745
0.102761
0.105776
0.108789
-0.218592
-0.214604
-0.210659
-0.206821
-0.203151
-0.199686
-0.196448
-0.193437
-0.190647
-0.188071
-0.185697
-0.183503
-0.181469
-0.179578
-0.177809
-0.176125
-0.17452
-0.172975
-0.171483
-0.170032
-0.168614
-0.167218
-0.165825
-0.164422
-0.163007
-0.161585
-0.160161
-0.158738
-0.157318
-0.155897
-0.154468
-0.153029
-0.151578
-0.150108
-0.148613
-0.147089
-0.145535
-0.143952
-0.142345
-0.140719
-0.13908
-0.137428
-0.135776
-0.134144
-0.132534
-0.130963
-0.129412
-0.127892
-0.126382
-0.124875
-0.12336
-0.121825
-0.120241
-0.11858
-0.116828
-0.114952
-0.112933
-0.110751
-0.108396
-0.105856
-0.10313
-0.100217
-0.0971228
-0.0938573
-0.0904258
-0.086833
-0.0830833
-0.0791793
-0.0751259
-0.0709365
-0.0666317
-0.0622378
-0.0577835
-0.0532919
-0.0487736
-0.0442314
-0.0396685
-0.0350934
-0.0305214
-0.0259758
-0.0214881
-0.0171288
-0.0128918
-0.00877185
-0.00476106
-0.000850367
0.00296948
0.00670732
0.0103715
0.0139695
0.0175082
0.0209933
0.0244303
0.0278237
0.0311776
0.0344957
0.0377811
0.0410368
0.0442654
0.0474693
0.0506507
0.0538116
0.0569539
0.0600792
0.0631891
0.0662852
0.0693687
0.0724409
0.075503
0.0785561
0.0816013
0.0846394
0.0876715
0.0906982
0.0937205
0.0967391
0.0997547
0.102768
0.10578
0.10879
-0.218614
-0.21469
-0.210844
-0.207108
-0.20352
-0.200123
-0.196941
-0.193982
-0.19124
-0.1887
-0.18635
-0.184169
-0.182144
-0.180255
-0.178476
-0.176772
-0.175143
-0.173567
-0.172035
-0.170538
-0.169064
-0.167593
-0.166108
-0.164607
-0.163091
-0.161569
-0.16005
-0.158537
-0.157032
-0.155534
-0.154035
-0.152528
-0.151015
-0.149487
-0.147935
-0.146358
-0.144751
-0.143112
-0.141446
-0.139758
-0.13805
-0.136322
-0.134589
-0.132874
-0.131186
-0.129539
-0.12792
-0.126347
-0.124795
-0.123263
-0.12173
-0.120188
-0.118606
-0.116956
-0.115229
-0.113383
-0.111396
-0.109258
-0.106952
-0.104468
-0.101804
-0.0989568
-0.0959312
-0.0927453
-0.0893979
-0.0858901
-0.0822237
-0.0784031
-0.0744379
-0.0703397
-0.0661207
-0.0617943
-0.0573781
-0.0528946
-0.048366
-0.0438053
-0.0392162
-0.0346113
-0.0300102
-0.0254341
-0.0209085
-0.0165331
-0.0122989
-0.00819636
-0.00421343
-0.000337191
0.00344476
0.00714369
0.0107696
0.0143311
0.0178355
0.021289
0.024697
0.028064
0.0313941
0.0346905
0.0379564
0.0411945
0.0444072
0.0475968
0.0507653
0.0539145
0.0570461
0.0601618
0.063263
0.0663511
0.0694274
0.072493
0.0755491
0.0785967
0.0816368
0.0846702
0.0876978
0.0907205
0.093739
0.0967539
0.099766
0.102776
0.105784
0.108792
-0.218647
-0.214793
-0.211027
-0.207388
-0.203906
-0.200605
-0.197501
-0.1946
-0.191903
-0.189404
-0.187085
-0.184926
-0.182911
-0.18102
-0.179228
-0.177504
-0.175846
-0.174232
-0.172652
-0.171098
-0.169548
-0.167984
-0.166396
-0.164783
-0.163153
-0.161518
-0.159891
-0.158278
-0.15668
-0.155096
-0.153518
-0.151936
-0.150351
-0.148756
-0.147141
-0.145502
-0.143837
-0.14214
-0.140413
-0.138661
-0.136887
-0.135088
-0.13328
-0.131481
-0.129713
-0.12799
-0.126301
-0.124658
-0.123056
-0.121489
-0.119936
-0.118384
-0.1168
-0.115158
-0.113454
-0.111638
-0.109687
-0.107592
-0.105337
-0.102909
-0.100308
-0.0975331
-0.0945826
-0.0914788
-0.0882173
-0.0847975
-0.0812216
-0.0774926
-0.0736177
-0.0696056
-0.0654639
-0.0612002
-0.0568284
-0.0523632
-0.0478224
-0.043235
-0.0386157
-0.0339818
-0.0293539
-0.0247497
-0.0201727
-0.0157906
-0.0115693
-0.00749691
-0.00355559
0.000272646
0.00400422
0.00765324
0.0112314
0.0147484
0.0182118
0.021628
0.0250021
0.0283386
0.0316411
0.0349128
0.0381564
0.0413745
0.0445691
0.0477423
0.050896
0.0540319
0.0571514
0.0602561
0.0633474
0.0664264
0.0694945
0.0725526
0.0756018
0.0786431
0.0816773
0.0847054
0.087728
0.090746
0.0937601
0.0967709
0.099779
0.102785
0.10579
0.108794
-0.218693
-0.214931
-0.211263
-0.20773
-0.20435
-0.201138
-0.198111
-0.195279
-0.192641
-0.190185
-0.187898
-0.185762
-0.183756
-0.181863
-0.18006
-0.178313
-0.17662
-0.174963
-0.173329
-0.171702
-0.170063
-0.168398
-0.166696
-0.16496
-0.163205
-0.161447
-0.159701
-0.157976
-0.156275
-0.154597
-0.152933
-0.151273
-0.149608
-0.147939
-0.146255
-0.144549
-0.142819
-0.14106
-0.139269
-0.137454
-0.135615
-0.133748
-0.131866
-0.12999
-0.128144
-0.126342
-0.124583
-0.122875
-0.121215
-0.119601
-0.118018
-0.116445
-0.114852
-0.113213
-0.11152
-0.10973
-0.107815
-0.105763
-0.103556
-0.101186
-0.098653
-0.0959523
-0.0930816
-0.0900599
-0.0868833
-0.0835517
-0.0800674
-0.0764325
-0.072652
-0.0687288
-0.0646626
-0.0604547
-0.0561147
-0.0516632
-0.0471139
-0.0424968
-0.037835
-0.0331492
-0.0284716
-0.0238564
-0.0187833
-0.0148812
-0.0106885
-0.00666353
-0.00278219
0.000980765
0.00464688
0.00823339
0.0117536
0.0152176
0.0186333
0.0220066
0.0253424
0.0286445
0.0319162
0.0351603
0.0383791
0.0415748
0.0447493
0.0479044
0.0510417
0.0541627
0.0572688
0.0603614
0.0634416
0.0665105
0.0695694
0.0726191
0.0756606
0.0786948
0.0817226
0.0847446
0.0877617
0.0907745
0.0937837
0.0967898
0.0997936
0.102795
0.105796
0.108796
-0.218767
-0.215145
-0.211596
-0.208159
-0.204865
-0.201736
-0.198788
-0.196024
-0.193442
-0.191033
-0.188782
-0.186668
-0.184672
-0.182777
-0.180963
-0.179193
-0.177465
-0.175759
-0.174057
-0.172348
-0.170616
-0.168841
-0.167018
-0.165154
-0.163271
-0.161386
-0.159514
-0.157667
-0.155852
-0.154066
-0.152305
-0.150558
-0.14881
-0.147059
-0.145299
-0.143521
-0.141721
-0.139894
-0.13804
-0.136161
-0.134258
-0.132329
-0.130382
-0.128436
-0.126514
-0.124636
-0.122807
-0.121033
-0.119312
-0.117644
-0.116018
-0.114412
-0.112802
-0.11116
-0.109468
-0.107691
-0.105802
-0.103787
-0.101629
-0.0993153
-0.0968452
-0.0942145
-0.0914226
-0.0884825
-0.0853915
-0.0821487
-0.078756
-0.0752126
-0.0715212
-0.0676798
-0.0636845
-0.059532
-0.0552238
-0.0507784
-0.0462121
-0.0415512
-0.0368316
-0.0320953
-0.0273941
-0.0227841
-0.0182117
-0.0137968
-0.0096393
-0.00568528
-0.00188912
0.00178637
0.00536907
0.00887908
0.0123306
0.0157335
0.0190951
0.0224205
0.0257138
0.0289782
0.0322162
0.0354302
0.038622
0.0417935
0.0449462
0.0480815
0.051201
0.0543058
0.0573973
0.0604765
0.0635446
0.0666026
0.0696514
0.0726919
0.075725
0.0787515
0.0817721
0.0847876
0.0877986
0.0908057
0.0938095
0.0968106
0.0998095
0.102807
0.105803
0.108798
-0.218843
-0.215363
-0.211936
-0.208604
-0.205405
-0.202361
-0.199495
-0.196808
-0.194294
-0.191941
-0.189729
-0.187639
-0.185654
-0.18376
-0.181931
-0.180134
-0.178366
-0.176605
-0.174838
-0.17305
-0.17122
-0.169333
-0.167387
-0.165398
-0.163387
-0.161372
-0.159366
-0.157384
-0.155439
-0.153533
-0.151661
-0.149813
-0.147978
-0.146139
-0.144295
-0.142439
-0.140564
-0.138667
-0.136747
-0.134806
-0.132841
-0.130853
-0.128847
-0.12684
-0.124851
-0.1229
-0.121
-0.119159
-0.117376
-0.115649
-0.11397
-0.112321
-0.110681
-0.109027
-0.107326
-0.105553
-0.103681
-0.101691
-0.0995687
-0.0973061
-0.0948963
-0.0923336
-0.0896186
-0.0867573
-0.0837486
-0.0805915
-0.0772883
-0.073833
-0.0702242
-0.0664567
-0.0625239
-0.0584188
-0.0541394
-0.049695
-0.0451013
-0.0403872
-0.0355936
-0.0307777
-0.0260105
-0.0213735
-0.0168431
-0.0124579
-0.00838713
-0.0045492
-0.000875393
0.00268428
0.00616295
0.00958184
0.0129543
0.0162887
0.0195907
0.0228641
0.0261117
0.0293356
0.0325378
0.0357197
0.0388827
0.0420283
0.0451577
0.048272
0.0513724
0.0544599
0.0575357
0.0606006
0.0636557
0.0667018
0.0697397
0.0727704
0.0757944
0.0788126
0.0818256
0.084834
0.0878384
0.0908393
0.0938374
0.096833
0.0998266
0.102819
0.10581
0.1088
-0.218914
-0.215569
-0.212267
-0.209051
-0.205961
-0.203023
-0.20025
-0.197642
-0.195196
-0.192897
-0.190726
-0.188664
-0.186695
-0.1848
-0.182956
-0.181137
-0.179333
-0.177521
-0.175687
-0.173817
-0.171891
-0.169894
-0.167831
-0.165722
-0.163585
-0.161437
-0.159295
-0.157173
-0.155086
-0.153042
-0.151042
-0.149077
-0.147136
-0.145204
-0.143268
-0.141324
-0.139369
-0.137399
-0.135413
-0.13341
-0.131387
-0.129343
-0.127282
-0.12522
-0.123173
-0.121157
-0.119188
-0.11728
-0.115431
-0.11364
-0.1119
-0.110197
-0.108512
-0.106828
-0.105114
-0.103338
-0.101476
-0.0995036
-0.0974061
-0.0951802
-0.0928182
-0.0903144
-0.0876682
-0.0848834
-0.0819568
-0.0788834
-0.0756647
-0.0722931
-0.0687624
-0.0650645
-0.06119
-0.057128
-0.0528713
-0.0484217
-0.0437883
-0.0389976
-0.0340955
-0.0291533
-0.0242709
-0.0195763
-0.0151028
-0.0108073
-0.00690322
-0.00325039
0.000250909
0.00366128
0.00701455
0.0103288
0.0136136
0.0168739
0.0201125
0.0233311
0.0265308
0.0297125
0.0328772
0.0360255
0.0391585
0.042277
0.0453819
0.048474
0.0515542
0.0546235
0.0576826
0.0607324
0.0637737
0.0668073
0.0698337
0.0728539
0.0758683
0.0788776
0.0818825
0.0848833
0.0878807
0.0908751
0.093867
0.0968568
0.0998449
0.102832
0.105818
0.108803
-0.218982
-0.215774
-0.212608
-0.209524
-0.206554
-0.203721
-0.20104
-0.198511
-0.196133
-0.193888
-0.191759
-0.189728
-0.187776
-0.185883
-0.18403
-0.182191
-0.180352
-0.178493
-0.176599
-0.174655
-0.172641
-0.170546
-0.168379
-0.166158
-0.163899
-0.16162
-0.159339
-0.157071
-0.154827
-0.152627
-0.150478
-0.148375
-0.14631
-0.144271
-0.14224
-0.140206
-0.138166
-0.136118
-0.13406
-0.131992
-0.12991
-0.127813
-0.125701
-0.123589
-0.121489
-0.119415
-0.117385
-0.115411
-0.113494
-0.111637
-0.109831
-0.108067
-0.106327
-0.104593
-0.102842
-0.101042
-0.099175
-0.0972153
-0.0951399
-0.0929421
-0.0906182
-0.0881671
-0.0855839
-0.0828709
-0.0800238
-0.0770306
-0.0738928
-0.0706042
-0.0671513
-0.0635215
-0.0597048
-0.0556836
-0.0514433
-0.0469802
-0.0422992
-0.0374215
-0.0323821
-0.0272413
-0.0221239
-0.0172564
-0.0128383
-0.0087678
-0.00517065
-0.00180333
0.00146463
0.0046919
0.00790182
0.0111022
0.0142945
0.0174782
0.0206519
0.0238146
0.0269656
0.0301043
0.0332306
0.0363446
0.0394467
0.0425372
0.0456167
0.0486857
0.051745
0.0547952
0.057837
0.0608709
0.0638978
0.0669181
0.0699325
0.0729416
0.0759459
0.078946
0.0819422
0.0849352
0.0879252
0.0909127
0.0938981
0.0968818
0.099864
0.102845
0.105826
0.108806
-0.219053
-0.215988
-0.212962
-0.210009
-0.20716
-0.204434
-0.201844
-0.199393
-0.19708
-0.194892
-0.192812
-0.190816
-0.188885
-0.186999
-0.185143
-0.183292
-0.181427
-0.179531
-0.177589
-0.175583
-0.173497
-0.171322
-0.169063
-0.166733
-0.164351
-0.161938
-0.15951
-0.157081
-0.154674
-0.152302
-0.149988
-0.147733
-0.145528
-0.143362
-0.141222
-0.139095
-0.136969
-0.134841
-0.132708
-0.130566
-0.128416
-0.126259
-0.124095
-0.121934
-0.119785
-0.11766
-0.115574
-0.113542
-0.111562
-0.109639
-0.107767
-0.105937
-0.104135
-0.102344
-0.100544
-0.0987052
-0.0968136
-0.0948477
-0.0927822
-0.0906056
-0.0883152
-0.0859113
-0.0833862
-0.080739
-0.0779693
-0.0750557
-0.0719972
-0.0687879
-0.0654122
-0.0618498
-0.0580878
-0.0541042
-0.0498809
-0.0454044
-0.0406741
-0.0357107
-0.0305328
-0.0251549
-0.0196598
-0.0143537
-0.00980988
-0.00625875
-0.0032131
-0.000262525
0.00271339
0.00573469
0.00879403
0.0118795
0.0149806
0.0180892
0.0211996
0.0243076
0.0274104
0.0305064
0.0335944
0.0366738
0.0397445
0.0428065
0.04586
0.0489054
0.0519431
0.0549736
0.0579973
0.0610149
0.0640267
0.0670333
0.0700352
0.0730329
0.0760267
0.079017
0.0820044
0.084989
0.0879714
0.0909518
0.0939305
0.0969078
0.099884
0.102859
0.105834
0.108808
-0.219124
-0.216202
-0.213317
-0.210499
-0.207771
-0.205152
-0.202656
-0.200292
-0.198053
-0.195926
-0.193891
-0.191928
-0.190018
-0.188144
-0.186292
-0.184437
-0.182559
-0.180642
-0.178666
-0.176615
-0.174472
-0.172226
-0.169879
-0.167445
-0.164945
-0.1624
-0.159825
-0.157236
-0.154654
-0.152106
-0.149616
-0.147193
-0.144831
-0.14252
-0.14025
-0.138011
-0.13579
-0.133578
-0.131368
-0.129153
-0.126932
-0.124707
-0.122483
-0.120266
-0.118065
-0.115888
-0.11375
-0.111661
-0.109621
-0.107635
-0.105698
-0.103804
-0.101939
-0.100088
-0.0982316
-0.0963472
-0.0944213
-0.0924403
-0.0903745
-0.0882098
-0.0859451
-0.0835805
-0.0811056
-0.0785172
-0.0758168
-0.0729746
-0.0699902
-0.0668547
-0.0635508
-0.0600524
-0.0563455
-0.0524071
-0.0482143
-0.0437426
-0.0389795
-0.0339356
-0.0286081
-0.0229769
-0.0170325
-0.0108496
-0.00536136
-0.00324903
-0.00116726
0.00124517
0.00390924
0.00673268
0.00965434
0.0126364
0.0156551
0.0186953
0.0217469
0.0248033
0.0278602
0.0309147
0.0339651
0.0370102
0.0400495
0.0430827
0.0461099
0.0491312
0.0521468
0.0551571
0.0581624
0.0611631
0.0641595
0.067152
0.070141
0.0731268
0.0761097
0.0790902
0.0820683
0.0850445
0.088019
0.090992
0.0939638
0.0969345
0.0999045
0.102874
0.105843
0.108811
-0.219198
-0.21642
-0.213676
-0.21099
-0.208385
-0.205879
-0.203486
-0.20121
-0.199044
-0.196976
-0.194987
-0.193058
-0.191173
-0.189317
-0.187477
-0.185627
-0.183748
-0.18182
-0.179823
-0.177739
-0.175551
-0.173245
-0.170822
-0.168294
-0.165682
-0.163009
-0.16029
-0.157539
-0.154782
-0.152049
-0.14937
-0.146764
-0.144231
-0.141764
-0.139352
-0.136986
-0.134654
-0.132344
-0.130044
-0.127746
-0.125448
-0.123151
-0.12086
-0.11858
-0.116319
-0.114085
-0.111891
-0.109746
-0.107649
-0.105604
-0.103606
-0.101651
-0.0997257
-0.0978146
-0.0959028
-0.093971
-0.0920059
-0.0900001
-0.0879254
-0.0857638
-0.083517
-0.0811829
-0.0787478
-0.0762081
-0.0735641
-0.0707839
-0.0678635
-0.0647934
-0.0615559
-0.0581247
-0.0544847
-0.0506106
-0.0464796
-0.0420707
-0.037345
-0.0322784
-0.026901
-0.0211887
-0.0149259
-0.00705489
0.0013132
-0.000214925
0.00054043
0.00249236
0.00493707
0.00762475
0.0104477
0.0133512
0.0163038
0.0192864
0.0222866
0.0252964
0.0283106
0.0313257
0.0343397
0.0373511
0.0403593
0.0433638
0.0463645
0.0493614
0.0523547
0.0553444
0.0583309
0.0613144
0.064295
0.0672731
0.0702489
0.0732226
0.0761945
0.0791647
0.0821335
0.085101
0.0880675
0.091033
0.0939977
0.0969618
0.0999253
0.102889
0.105851
0.108814
-0.219274
-0.216648
-0.214049
-0.211498
-0.209018
-0.206625
-0.20433
-0.202137
-0.200041
-0.198032
-0.196088
-0.194198
-0.192344
-0.190515
-0.188693
-0.186856
-0.184983
-0.183053
-0.181046
-0.17894
-0.176717
-0.174363
-0.171876
-0.169265
-0.166552
-0.163756
-0.160893
-0.15798
-0.155043
-0.152113
-0.149235
-0.146434
-0.143724
-0.141098
-0.138541
-0.136041
-0.133586
-0.131163
-0.128762
-0.126371
-0.123986
-0.121606
-0.119237
-0.116885
-0.114556
-0.112259
-0.110004
-0.107799
-0.105641
-0.103534
-0.101477
-0.0994627
-0.097478
-0.0955079
-0.0935402
-0.0915598
-0.0895536
-0.0875154
-0.0854232
-0.0832566
-0.0810176
-0.0787022
-0.0762956
-0.0737946
-0.0711938
-0.0684672
-0.0656055
-0.0625989
-0.059431
-0.0560742
-0.0525151
-0.0487273
-0.0446931
-0.0404012
-0.0358363
-0.030962
-0.0257545
-0.020206
-0.0143469
-0.008275
-0.0024213
-0.000785198
0.00104353
0.0032383
0.00571343
0.00837373
0.0111538
0.0140112
0.0169181
0.0198565
0.0228142
0.0257833
0.0287586
0.0317368
0.0347158
0.0376944
0.0406719
0.0436478
0.046622
0.0495944
0.052565
0.055534
0.0585014
0.0614674
0.0644321
0.0673956
0.070358
0.0733195
0.0762801
0.0792401
0.0821993
0.0851581
0.0881164
0.0910743
0.0940319
0.0969892
0.0999464
0.102903
0.10586
0.108817
-0.219351
-0.216876
-0.214421
-0.212005
-0.209647
-0.207363
-0.205163
-0.203053
-0.201029
-0.19908
-0.197188
-0.195341
-0.193524
-0.191726
-0.189929
-0.188109
-0.186248
-0.184321
-0.182308
-0.180182
-0.177925
-0.17553
-0.172993
-0.170321
-0.167526
-0.164621
-0.161622
-0.158551
-0.155437
-0.152313
-0.149231
-0.146232
-0.143333
-0.140537
-0.137828
-0.135187
-0.132598
-0.130051
-0.127536
-0.125041
-0.12256
-0.120091
-0.117639
-0.115208
-0.112804
-0.110435
-0.108109
-0.105838
-0.103616
-0.101446
-0.0993269
-0.0972518
-0.095207
-0.0931764
-0.0911493
-0.0891156
-0.0870639
-0.0849859
-0.082866
-0.0806862
-0.0784451
-0.0761371
-0.0737493
-0.0712767
-0.0687094
-0.0660285
-0.0632205
-0.0602762
-0.0571806
-0.0539041
-0.0504372
-0.0467584
-0.0428502
-0.0386986
-0.0342985
-0.0296183
-0.024664
-0.0194764
-0.0141763
-0.00904502
-0.00451038
-0.00141232
0.00117438
0.00369747
0.00629793
0.0089963
0.0117765
0.0146163
0.0174969
0.0204041
0.023328
0.0262622
0.0292025
0.0321461
0.0350917
0.0380384
0.0409855
0.043933
0.0468806
0.0498284
0.0527764
0.0557244
0.0586727
0.0616211
0.0645696
0.0675184
0.0704674
0.0734165
0.0763659
0.0793155
0.0822653
0.0852152
0.0881654
0.0911157
0.0940661
0.0970167
0.0999674
0.102918
0.105869
0.10882
-0.219426
-0.217098
-0.214783
-0.212498
-0.21026
-0.208083
-0.20598
-0.203955
-0.202005
-0.200117
-0.198278
-0.196477
-0.194699
-0.192935
-0.191162
-0.189362
-0.187514
-0.185592
-0.183572
-0.181428
-0.179147
-0.176727
-0.174157
-0.17144
-0.168579
-0.165581
-0.162458
-0.159238
-0.155954
-0.152644
-0.149362
-0.14616
-0.143067
-0.140087
-0.13721
-0.134416
-0.131688
-0.129013
-0.12638
-0.123778
-0.1212
-0.118644
-0.116111
-0.113604
-0.111127
-0.108687
-0.106291
-0.103945
-0.10165
-0.0994045
-0.0972108
-0.0950633
-0.0929505
-0.0908564
-0.0887671
-0.0866738
-0.0845671
-0.0824378
-0.0802753
-0.0780676
-0.0758103
-0.0734971
-0.0711174
-0.0686621
-0.0661196
-0.0634753
-0.0607163
-0.0578318
-0.0548101
-0.051628
-0.048274
-0.0447295
-0.0409793
-0.0370064
-0.0328087
-0.0283638
-0.023689
-0.018854
-0.0139764
-0.009264
-0.00499548
-0.00153355
0.00136484
0.00407715
0.00678173
0.00953308
0.012335
0.0151765
0.0180455
0.0209321
0.0238297
0.0267339
0.0296422
0.0325532
0.0354665
0.0383817
0.0412988
0.0442179
0.047139
0.0500621
0.0529872
0.0559143
0.0588433
0.061774
0.0647065
0.0676405
0.0705761
0.0735129
0.0764511
0.0793903
0.0823306
0.0852718
0.0882139
0.0911566
0.0941
0.0970439
0.0999883
0.102933
0.105878
0.108823
-0.219497
-0.21731
-0.215132
-0.212974
-0.210852
-0.208781
-0.206774
-0.204832
-0.202952
-0.201127
-0.199343
-0.197589
-0.195848
-0.194114
-0.192364
-0.190578
-0.188732
-0.186806
-0.184775
-0.18262
-0.18033
-0.177899
-0.175312
-0.172564
-0.169649
-0.166565
-0.163326
-0.159963
-0.156519
-0.153032
-0.149558
-0.146151
-0.142858
-0.139693
-0.136654
-0.133716
-0.130856
-0.128061
-0.125318
-0.122618
-0.119953
-0.117319
-0.114713
-0.112138
-0.109596
-0.10709
-0.104626
-0.102208
-0.0998372
-0.0975125
-0.0952351
-0.0930019
-0.0908064
-0.0886362
-0.0864765
-0.084315
-0.0821445
-0.0799555
-0.0777389
-0.0754854
-0.0731897
-0.070845
-0.0684461
-0.0659854
-0.0634526
-0.0608311
-0.058113
-0.0552884
-0.0523462
-0.0492704
-0.0460452
-0.0426559
-0.0390883
-0.035327
-0.0313728
-0.0272074
-0.0228278
-0.0182897
-0.0136692
-0.00905889
-0.00466081
-0.00109935
0.00173522
0.0044661
0.00722119
0.0100195
0.0128522
0.0157069
0.018574
0.0214473
0.0243234
0.0272006
0.0300788
0.0329583
0.0358396
0.0387235
0.0416106
0.0445011
0.0473955
0.0502939
0.0531961
0.0561022
0.0590119
0.061925
0.0648415
0.0677609
0.0706831
0.0736078
0.0765348
0.0794638
0.0823948
0.0853274
0.0882615
0.0911968
0.0941333
0.0970706
0.100009
0.102947
0.105886
0.108826
-0.219564
-0.217509
-0.21546
-0.213424
-0.211416
-0.209449
-0.207532
-0.205669
-0.203859
-0.202092
-0.200357
-0.198644
-0.196933
-0.19522
-0.193483
-0.191699
-0.189848
-0.187909
-0.185863
-0.183694
-0.181393
-0.178955
-0.17636
-0.173589
-0.170622
-0.167456
-0.16411
-0.160622
-0.157041
-0.153408
-0.149768
-0.146176
-0.142697
-0.139362
-0.13617
-0.133096
-0.130114
-0.12721
-0.124371
-0.121589
-0.118855
-0.116162
-0.113505
-0.11088
-0.108286
-0.105725
-0.103202
-0.10072
-0.0982771
-0.0958753
-0.0935148
-0.0911922
-0.0889036
-0.086641
-0.0843945
-0.0821484
-0.0798983
-0.0776334
-0.0753469
-0.0730313
-0.070681
-0.0682881
-0.0658479
-0.0633551
-0.060804
-0.0581803
-0.0554777
-0.0526955
-0.0498257
-0.046856
-0.0437605
-0.0405319
-0.0371573
-0.0336199
-0.0299192
-0.0260395
-0.0219576
-0.0176887
-0.0132502
-0.00859849
-0.00341862
5.77344e-05
0.00218952
0.00483077
0.00762459
0.0104766
0.0133493
0.0162249
0.0190957
0.0219591
0.0248154
0.0276665
0.0305145
0.033362
0.0362109
0.039063
0.0419195
0.0447812
0.0476487
0.0505221
0.0534014
0.0562865
0.059177
0.0620728
0.0649733
0.0678783
0.0707874
0.0737001
0.0766163
0.0795354
0.0824572
0.0853814
0.0883077
0.0912358
0.0941655
0.0970965
0.100029
0.102961
0.105895
0.108829
-0.219625
-0.217691
-0.215756
-0.213831
-0.211929
-0.210059
-0.208229
-0.20644
-0.204692
-0.202975
-0.201281
-0.199599
-0.197908
-0.196204
-0.194467
-0.19267
-0.190798
-0.188835
-0.186764
-0.184568
-0.182242
-0.179777
-0.177148
-0.174328
-0.171302
-0.168067
-0.164636
-0.161047
-0.157368
-0.153648
-0.149902
-0.146164
-0.142518
-0.139027
-0.135702
-0.132521
-0.129448
-0.126462
-0.123554
-0.120717
-0.11794
-0.115214
-0.11253
-0.10988
-0.107264
-0.104676
-0.102116
-0.0995853
-0.0970838
-0.0946122
-0.0921723
-0.0897613
-0.0873761
-0.0850114
-0.0826621
-0.080313
-0.0779611
-0.0755959
-0.073212
-0.0708045
-0.0683681
-0.065896
-0.0633836
-0.0608275
-0.0582261
-0.0555724
-0.0528587
-0.0500893
-0.0472645
-0.0443836
-0.0414115
-0.0383408
-0.0351601
-0.0318525
-0.02841
-0.0248174
-0.0210398
-0.0170692
-0.0129138
-0.00861358
-0.0043774
-0.000837285
0.0021202
0.00504193
0.00798139
0.0109233
0.0138495
0.0167508
0.0196261
0.0224785
0.0253133
0.0281359
0.0309518
0.0337654
0.0365803
0.0393994
0.0422244
0.0450567
0.0478969
0.0507452
0.0536015
0.0564657
0.0593373
0.0622159
0.0651009
0.0679918
0.070888
0.0737892
0.0766947
0.0796042
0.0825172
0.0854333
0.0883521
0.0912733
0.0941965
0.0971213
0.100048
0.102975
0.105903
0.108831
-0.219675
-0.217841
-0.216007
-0.214179
-0.21237
-0.210587
-0.208834
-0.20711
-0.205414
-0.203737
-0.202071
-0.200403
-0.198714
-0.197
-0.195242
-0.193417
-0.191505
-0.18949
-0.187361
-0.185104
-0.182712
-0.180179
-0.177485
-0.174603
-0.171514
-0.168213
-0.164713
-0.161065
-0.157343
-0.153594
-0.149808
-0.145986
-0.142221
-0.138616
-0.135205
-0.131968
-0.128854
-0.125833
-0.122896
-0.120042
-0.11726
-0.114539
-0.111866
-0.10923
-0.106623
-0.104036
-0.101464
-0.0989062
-0.0963633
-0.0938365
-0.0913281
-0.0888375
-0.0863613
-0.0838933
-0.0814282
-0.0789562
-0.0764756
-0.0739794
-0.0714619
-0.0689213
-0.0663552
-0.0637596
-0.0611297
-0.0584655
-0.0557703
-0.053046
-0.0502898
-0.0475092
-0.0447089
-0.041896
-0.039037
-0.0361168
-0.0331231
-0.0300385
-0.0268484
-0.0235368
-0.020065
-0.0164169
-0.0126055
-0.00866824
-0.00478078
-0.00120595
0.00207769
0.00524792
0.00835501
0.0114015
0.0143849
0.0173092
0.0201832
0.0230181
0.025825
0.0286139
0.031393
0.0341692
0.0369474
0.0397315
0.0425237
0.0453257
0.0481381
0.0509612
0.0537947
0.0566383
0.0594912
0.062353
0.0652228
0.0681001
0.070984
0.073874
0.0767694
0.0796696
0.0825742
0.0854826
0.0883943
0.0913088
0.0942259
0.0971449
0.100066
0.102988
0.10591
0.108834
-0.219714
-0.217958
-0.216199
-0.214448
-0.212713
-0.210997
-0.209302
-0.207626
-0.205965
-0.204309
-0.202649
-0.200974
-0.199267
-0.19752
-0.195717
-0.193838
-0.191864
-0.189778
-0.187563
-0.185211
-0.182724
-0.180099
-0.177317
-0.174348
-0.171166
-0.167776
-0.164204
-0.160517
-0.156804
-0.153103
-0.149361
-0.145543
-0.141732
-0.13807
-0.134631
-0.131405
-0.128327
-0.125341
-0.122441
-0.119626
-0.116886
-0.114206
-0.111572
-0.108975
-0.106402
-0.103841
-0.101281
-0.0987174
-0.096154
-0.0935937
-0.0910407
-0.0884946
-0.0859484
-0.0833889
-0.0808065
-0.0781977
-0.0755645
-0.0729055
-0.0702167
-0.0674991
-0.0647549
-0.061986
-0.0591883
-0.0563655
-0.0535298
-0.0506948
-0.0478656
-0.0450521
-0.0422639
-0.0395054
-0.0367505
-0.0339678
-0.0311356
-0.0282481
-0.0252929
-0.0222455
-0.0190682
-0.0157258
-0.0122233
-0.00859144
-0.00491267
-0.0013135
0.00215375
0.00553695
0.00881209
0.0119619
0.0149936
0.0179272
0.0207856
0.0235899
0.0263579
0.0291041
0.0318396
0.0345732
0.0373111
0.0400575
0.0428153
0.0455861
0.0483703
0.0511681
0.053979
0.0568023
0.0596371
0.0624826
0.0653379
0.0682021
0.0710742
0.0739536
0.0768394
0.079731
0.0826276
0.0855287
0.0884337
0.0913421
0.0942533
0.0971669
0.100082
0.102999
0.105917
0.108836
-0.219734
-0.218021
-0.216309
-0.214606
-0.212914
-0.211235
-0.209569
-0.20791
-0.206253
-0.204587
-0.202904
-0.201191
-0.199437
-0.197632
-0.195763
-0.193814
-0.191761
-0.18958
-0.18726
-0.184802
-0.182207
-0.179481
-0.176597
-0.173522
-0.170227
-0.166722
-0.16304
-0.159296
-0.155633
-0.152051
-0.14844
-0.144724
-0.140963
-0.137333
-0.133949
-0.130818
-0.12787
-0.125014
-0.122227
-0.11951
-0.116859
-0.114257
-0.111687
-0.10914
-0.106605
-0.104068
-0.101521
-0.0989596
-0.0963899
-0.0938173
-0.0912535
-0.0886938
-0.0861185
-0.083497
-0.0808117
-0.0780666
-0.0752722
-0.0724289
-0.0695383
-0.0666122
-0.0636549
-0.0606793
-0.0576827
-0.0546709
-0.051667
-0.0487
-0.045787
-0.0429416
-0.0401752
-0.0374788
-0.034827
-0.0321823
-0.0295063
-0.0267928
-0.0240255
-0.0211789
-0.018233
-0.0151498
-0.0119005
-0.00849057
-0.00493953
-0.00130971
0.00230895
0.00594523
0.00941375
0.01266
0.0157167
0.0186326
0.0214506
0.0242039
0.0269171
0.0296085
0.0322914
0.0349759
0.0376689
0.0403748
0.0430965
0.0458351
0.0485909
0.0513636
0.0541522
0.0569559
0.0597733
0.0626033
0.0654448
0.0682966
0.0711577
0.0740272
0.0769041
0.0797875
0.0826768
0.0855712
0.08847
0.0913726
0.0942785
0.0971871
0.100098
0.10301
0.105924
0.108838
-0.219733
-0.218018
-0.216308
-0.214604
-0.212907
-0.211216
-0.20953
-0.207842
-0.206142
-0.204419
-0.202664
-0.200868
-0.199028
-0.197138
-0.195186
-0.193163
-0.191039
-0.188781
-0.186366
-0.183803
-0.181093
-0.178276
-0.17532
-0.172163
-0.168768
-0.165146
-0.161333
-0.157483
-0.153851
-0.150427
-0.147024
-0.143535
-0.13997
-0.136488
-0.133253
-0.130303
-0.127581
-0.124977
-0.122372
-0.119801
-0.117278
-0.114773
-0.112243
-0.109693
-0.107134
-0.104559
-0.101991
-0.099417
-0.0968432
-0.0942788
-0.0917403
-0.0892231
-0.0866719
-0.0840268
-0.0812676
-0.0784131
-0.0754838
-0.0724659
-0.0693698
-0.0662533
-0.0630953
-0.0599359
-0.0567777
-0.0536018
-0.050448
-0.0473865
-0.0444323
-0.0416024
-0.0388881
-0.0362699
-0.0337211
-0.0312285
-0.0287294
-0.0262488
-0.0236718
-0.0209439
-0.0180499
-0.0150617
-0.0119041
-0.00851537
-0.00492798
-0.00124512
0.00218927
0.00652462
0.0102476
0.0135647
0.0165978
0.0194499
0.0221907
0.0248654
0.0275037
0.0301256
0.0327456
0.0353737
0.038017
0.0406795
0.0433635
0.0460694
0.0487969
0.0515449
0.0543121
0.057097
0.059898
0.0627135
0.0655421
0.0683826
0.0712335
0.0740939
0.0769626
0.0798387
0.0827213
0.0856095
0.0885028
0.0914002
0.0943013
0.0972054
0.100112
0.10302
0.10593
0.10884
-0.219699
-0.217923
-0.216153
-0.214384
-0.212614
-0.210842
-0.209065
-0.207269
-0.205441
-0.203577
-0.20167
-0.199727
-0.197747
-0.195735
-0.1937
-0.191637
-0.189494
-0.187218
-0.184769
-0.182161
-0.179402
-0.17659
-0.173647
-0.170474
-0.167033
-0.163331
-0.15943
-0.155515
-0.151915
-0.148644
-0.145465
-0.142261
-0.139018
-0.135831
-0.132854
-0.130157
-0.127781
-0.125684
-0.123276
-0.120831
-0.118434
-0.116007
-0.113392
-0.110648
-0.107872
-0.105064
-0.102382
-0.0997483
-0.0971683
-0.0946455
-0.0921447
-0.0897174
-0.0872107
-0.0845546
-0.0817431
-0.0788267
-0.075857
-0.072753
-0.0694954
-0.0663423
-0.0630844
-0.0598636
-0.0566877
-0.0534766
-0.0502712
-0.0472487
-0.0443762
-0.0416442
-0.0390165
-0.0364782
-0.0340565
-0.0320261
-0.0300533
-0.0281679
-0.0257539
-0.0229562
-0.0195127
-0.0161909
-0.0129119
-0.00918223
-0.0052323
-0.00116626
0.00299757
0.00748053
0.011492
0.0147663
0.0176766
0.0203935
0.0230082
0.0255719
0.0281132
0.0306501
0.033196
0.0357604
0.0383495
0.0409663
0.0436116
0.0462849
0.0489848
0.0517092
0.0544562
0.0572236
0.0600094
0.0628116
0.0656287
0.0684588
0.0713007
0.0741529
0.0770143
0.0798838
0.0827605
0.0856433
0.0885316
0.0914245
0.0943213
0.0972214
0.100124
0.103029
0.105935
0.108842
-0.219628
-0.217707
-0.215786
-0.213855
-0.21191
-0.209946
-0.207951
-0.205918
-0.203832
-0.201702
-0.19953
-0.197345
-0.195164
-0.193003
-0.19092
-0.188901
-0.186853
-0.184688
-0.182348
-0.179841
-0.177217
-0.174631
-0.171899
-0.168871
-0.165564
-0.161934
-0.158065
-0.154234
-0.150679
-0.147586
-0.144617
-0.141628
-0.138723
-0.135948
-0.133368
-0.131025
-0.129204
-0.128282
-0.125661
-0.122701
-0.12021
-0.117468
-0.114323
-0.110614
-0.107032
-0.103258
-0.100048
-0.0969936
-0.094176
-0.0916285
-0.0887384
-0.0862229
-0.0833634
-0.0804472
-0.0773301
-0.0745016
-0.071512
-0.0688466
-0.0653029
-0.0628352
-0.0592928
-0.0564244
-0.0530726
-0.0503849
-0.0469661
-0.0444355
-0.041125
-0.03855
-0.0351995
-0.0334313
-0.030279
-0.0303625
-0.0284826
-0.028056
-0.0230205
-0.0209794
-0.0142003
-0.0112367
-0.0074019
-0.00529823
-0.00185519
-8.0672e-05
0
0
0.0134706
0.0163421
0.0189645
0.0214545
0.0238888
0.0263098
0.0287341
0.0311714
0.0336328
0.036127
0.0386584
0.0412282
0.0438351
0.0464769
0.0491507
0.0518533
0.0545818
0.0573335
0.0601057
0.0628963
0.0657031
0.0685243
0.0713582
0.0742034
0.0770585
0.0799224
0.082794
0.0856722
0.0885562
0.0914452
0.0943384
0.0972351
0.100135
0.103036
0.105939
0.108843
-0.219506
-0.217334
-0.215146
-0.212924
-0.210659
-0.208337
-0.20593
-0.203433
-0.20086
-0.198269
-0.195673
-0.19314
-0.190695
-0.188401
-0.186384
-0.184586
-0.182824
-0.180977
-0.178979
-0.176809
-0.174689
-0.172895
-0.170665
-0.168015
-0.165309
-0.162073
-0.158353
-0.154703
-0.151273
-0.148569
-0.145752
-0.141983
-0.139077
-0.136408
-0.134142
-0.131591
-0.129567
-0.127759
-0.125231
-0.122394
-0.119477
-0.11589
-0.112074
-0.107573
-0.103593
-0.0988491
-0.0950895
-0.0913679
-0.0884853
-0.0850102
-0.0828639
-0.0799715
-0.0771418
-0.0736436
-0.0710437
-0.06751
-0.064892
-0.0620466
-0.0594392
-0.0569903
-0.0528668
-0.0488123
-0.0444063
-0.0407815
-0.0372562
-0.0336749
-0.0296223
-0.0258943
-0.0223934
-0.0193743
-0.0171913
-0.0152266
-0.0133267
-0.0105985
-0.0085458
-0
-0
-0
-0
-0
-0
-0
0
0
0
0.0181793
0.0204008
0.0225862
0.0247948
0.027054
0.0293495
0.0316747
0.0340422
0.0364611
0.0389334
0.041457
0.0440275
0.0466403
0.0492905
0.0519739
0.0546864
0.0574246
0.0601854
0.0629661
0.0657644
0.0685781
0.0714054
0.0742448
0.0770947
0.079954
0.0828213
0.0856958
0.0885763
0.0914621
0.0943524
0.0972462
0.100143
0.103042
0.105943
0.108845
-0.219322
-0.216784
-0.214206
-0.211546
-0.208753
-0.205799
-0.202641
-0.199292
-0.195863
-0.192531
-0.189323
-0.186431
-0.183659
-0.18133
-0.179779
-0.178649
-0.17747
-0.176208
-0.174792
-0.173309
-0.172344
-0.171938
-0.170513
-0.167925
-0.166392
-0.163449
-0.159515
-0.156205
-0.151699
-0.147293
-0.143043
-0.140402
-0.137282
-0.13516
-0.132679
-0.130055
-0.127868
-0.125594
-0.122603
-0.119094
-0.115195
-0.11152
-0.106466
-0.101021
-0.0957791
-0.0904994
-0.0846359
-0.0807839
-0.076717
-0.0721552
-0.0685655
-0.065244
-0.0610495
-0.0569223
-0.052364
-0.0482087
-0.0443115
-0.0415289
-0.0388607
-0.0360993
-0.0324356
-0.0282282
-0.0249012
-0.0210099
-0.0187055
-0.0153573
-0.0132412
-0.0106486
-0
-0
-0
-0
-0
-0
-0
-0
-0
-0
-0
-0
-0
-0
0
0
0
0
0.0218894
0.0237091
0.0256619
0.027771
0.0299427
0.0321421
0.034406
0.0367469
0.0391619
0.041643
0.0441815
0.0467696
0.0494003
0.0520679
0.0547676
0.0574951
0.0602468
0.0630198
0.0658114
0.0686193
0.0714416
0.0742764
0.0771224
0.0799781
0.0828422
0.0857137
0.0885916
0.091475
0.094363
0.0972548
0.10015
0.103047
0.105946
0.108845
-0.219064
-0.216053
-0.213
-0.209868
-0.206249
-0.202163
-0.197692
-0.192896
-0.188
-0.183528
-0.179575
-0.176817
-0.173807
-0.171359
-0.170851
-0.171537
-0.170719
-0.16956
-0.167938
-0.166821
-0.166555
-0.165383
-0.163912
-0.16327
-0.162239
-0.160095
-0.157648
-0.154928
-0.150528
-0.14473
-0.14189
-0.137977
-0.13327
-0.131169
-0.126797
-0.123688
-0.119364
-0.114079
-0.109712
-0.104103
-0.0988933
-0.0926502
-0.086156
-0.0781094
-0.0714717
-0.0649558
-0.0607319
-0.0548383
-0.0503894
-0.0463098
-0.0424129
-0.0386203
-0.0347498
-0.0311295
-0.0275007
-0.0246035
-0.0213802
-0.0194508
-0.016763
-0
-0
-0
-0
-0
-0
-0
-0
-0
-0
-0
-0
-0
-0
-0
-0
-0
-0
-0
-0
-0
-0
0
0
0
0
0
0
0.0247071
0.0263836
0.0284344
0.0305157
0.0325515
0.0346987
0.0369639
0.0393291
0.041776
0.04429
0.0468597
0.0494763
0.0521327
0.0548233
0.0575433
0.0602887
0.0630564
0.0658434
0.0686473
0.0714661
0.0742979
0.0771412
0.0799944
0.0828564
0.0857259
0.088602
0.0914837
0.0943702
0.0972605
0.100154
0.10305
0.105947
0.108846
-0.218713
-0.215234
-0.211845
-0.208474
-0.202329
-0.19543
-0.187887
-0.181013
-0.172736
-0.166298
-0.161818
-0.162057
-0.158227
-0.152988
-0.150263
-0.156546
-0.154169
-0.153472
-0.152345
-0.155592
-0.155051
-0.155081
-0.151536
-0.151892
-0.145998
-0.148492
-0.140466
-0.136099
-0.126739
-0.119385
-0.10872
-0.102508
-0.0943086
-0.0886632
-0.0805655
-0.0747932
-0.0682046
-0.0626867
-0.0567232
-0.0519228
-0.0463066
-0.0421609
-0.037508
-0.0338909
-0.0300216
-0.0266388
-0
-0
-0
-0
-0
-0
-0
-0
-0
-0
-0
-0
-0
-0
-0
-0
-0
-0
-0
-0
-0
-0
-0
-0
-0
-0
-0
-0
-0
-0
-0
-0
-0
-0
-0
0
0
0
0
0
0
0
0
0.0081277
0.0311415
0.0328561
0.0348792
0.0370864
0.0394196
0.0418464
0.0443467
0.0469065
0.0495156
0.0521662
0.054852
0.057568
0.0603102
0.0630751
0.0658598
0.0686617
0.0714787
0.0743089
0.0771507
0.0800027
0.0828636
0.0857321
0.0886073
0.0914882
0.0943738
0.0972634
0.100156
0.103051
0.105948
0.108846
-0.122711
-0.119296
-0.116311
-0.112937
-0.110031
-0.106303
-0.102288
-0.0973605
-0.0922942
-0.0871695
-0.0822744
-0.076954
-0.0733776
-0.0701486
-0.0677227
-0.0657194
-0.0632782
-0.0593875
-0.0558361
-0.0519707
-0.0482075
-0.0437284
-0
-0
-0
-0
-0
-0
-0
-0
-0
-0
-0
-0
-0
-0
-0
-0
-0
-0
-0
-0
-0
-0
-0
-0
-0
-0
-0
-0
-0
-0
-0
-0
-0
-0
-0
-0
-0
-0
-0
-0
-0
-0
-0
-0
-0
-0
-0
-0
-0
-0
-0
-0
-0
-0
-0
-0
-0
-0
0
0
0
0
0
0
0
0
0
0
0
0
0
0
0
0
0
0
0
0
0
0
0
0
0
0
0
0
0
0
0
0
0
0
0
0
0
0
0
0
-0
-0
-0
-0
-0
-0
-0
-0
-0
-0
-0
-0
-0
-0
-0
-0
-0
-0
-0
-0
-0
-0
-0
-0
-0
-0
-0
-0
-0
-0
-0
-0
-0
-0
-0
-0
-0
-0
-0
-0
-0
-0
-0
-0
-0
-0
-0
-0
-0
-0
-0
-0
-0
-0
-0
-0
-0
-0
-0
-0
-0
-0
-0
-0
-0
-0
-0
-0
-0
-0
-0
-0
-0
-0
-0
-0
-0
-0
-0
0
0
0
0
0
0
0
0
0
0
0
0
0
0
0
0
0
0
0
0
0
0
0
0
0
0
0
0
0
0
0
0
0
0
0
0
0
0
0
0
0
-0
-0
-0
-0
-0
-0
-0
-0
-0
-0
-0
-0
-0
-0
-0
-0
-0
-0
-0
-0
-0
-0
-0
-0
-0
-0
-0
-0
-0
-0
-0
-0
-0
-0
-0
-0
-0
-0
-0
-0
-0
-0
-0
-0
-0
-0
-0
-0
-0
-0
-0
-0
-0
-0
-0
-0
-0
-0
-0
-0
-0
-0
-0
-0
-0
-0
-0
-0
-0
-0
-0
-0
-0
-0
-0
-0
-0
-0
-0
0
0
0
0
0
0
0
0
0
0
0
0
0
0
0
0
0
0
0
0
0
0
0
0
0
0
0
0
0
0
0
0
0
0
0
0
0
0
0
0
0
-0
-0
-0
-0
-0
-0
-0
-0
-0
-0
-0
-0
-0
-0
-0
-0
-0
-0
-0
-0
-0
-0
-0
-0
-0
-0
-0
-0
-0
-0
-0
-0
-0
-0
-0
-0
-0
-0
-0
-0
-0
-0
-0
-0
-0
-0
-0
-0
-0
-0
-0
-0
-0
-0
-0
-0
-0
-0
-0
-0
-0
-0
-0
-0
-0
-0
-0
-0
-0
-0
-0
-0
-0
-0
-0
-0
-0
-0
-0
0
0
0
0
0
0
0
0
0
0
0
0
0
0
0
0
0
0
0
0
0
0
0
0
0
0
0
0
0
0
0
0
0
0
0
0
0
0
0
0
0
-0
-0
-0
-0
-0
-0
-0
-0
-0
-0
-0
-0
-0
-0
-0
-0
-0
-0
-0
-0
-0
-0
-0
-0
-0
-0
-0
-0
-0
-0
-0
-0
-0
-0
-0
-0
-0
-0
-0
-0
-0
-0
-0
-0
-0
-0
-0
-0
-0
-0
-0
-0
-0
-0
-0
-0
-0
-0
-0
-0
-0
-0
-0
-0
-0
-0
-0
-0
-0
-0
-0
-0
-0
-0
-0
-0
-0
-0
0
0
0
0
0
0
0
0
0
0
0
0
0
0
0
0
0
0
0
0
0
0
0
0
0
0
0
0
0
0
0
0
0
0
0
0
0
0
0
0
0
0
-0
-0
-0
-0
-0
-0
-0
-0
-0
-0
-0
-0
-0
-0
-0
-0
-0
-0
-0
-0
-0
-0
-0
-0
-0
-0
-0
-0
-0
-0
-0
-0
-0
-0
-0
-0
-0
-0
-0
-0
-0
-0
-0
-0
-0
-0
-0
-0
-0
-0
-0
-0
-0
-0
-0
-0
-0
-0
-0
-0
-0
-0
-0
-0
-0
-0
-0
-0
-0
-0
-0
-0
-0
-0
-0
-0
-0
-0
0
0
0
0
0
0
0
0
0
0
0
0
0
0
0
0
0
0
0
0
0
0
0
0
0
0
0
0
0
0
0
0
0
0
0
0
0
0
0
0
0
0
-0
-0
-0
-0
-0
-0
-0
-0
-0
-0
-0
-0
-0
-0
-0
-0
-0
-0
-0
-0
-0
-0
-0
-0
-0
-0
-0
-0
-0
-0
-0
-0
-0
-0
-0
-0
-0
-0
-0
-0
-0
-0
-0
-0
-0
-0
-0
-0
-0
-0
-0
-0
-0
-0
-0
-0
-0
-0
-0
-0
-0
-0
-0
-0
-0
-0
-0
-0
-0
-0
-0
-0
-0
-0
-0
-0
-0
-0
0
0
0
0
0
0
0
0
0
0
0
0
0
0
0
0
0
0
0
0
0
0
0
0
0
0
0
0
0
0
0
0
0
0
0
0
0
0
0
0
0
0
-0
-0
-0
-0
-0
-0
-0
-0
-0
-0
-0
-0
-0
-0
-0
-0
-0
-0
-0
-0
-0
-0
-0
-0
-0
-0
-0
-0
-0
-0
-0
-0
-0
-0
-0
-0
-0
-0
-0
-0
-0
-0
-0
-0
-0
-0
-0
-0
-0
-0
-0
-0
-0
-0
-0
-0
-0
-0
-0
-0
-0
-0
-0
-0
-0
-0
-0
-0
-0
-0
-0
-0
-0
-0
-0
-0
-0
-0
0
0
0
0
0
0
0
0
0
0
0
0
0
0
0
0
0
0
0
0
0
0
0
0
0
0
0
0
0
0
0
0
0
0
0
0
0
0
0
0
0
0
)
;

boundaryField
{
    hot
    {
        type            calculated;
        value           uniform 0.0220591;
    }
    hotTop
    {
        type            calculated;
        value           nonuniform List<scalar> 8(0.0124275 0.00117551 0.00148358 0.0932735 0.0932735 0.0932735 0.0932735 0.0932735);
    }
    cold
    {
        type            calculated;
        value           uniform -0.0110295;
    }
    coldTop
    {
        type            calculated;
        value           nonuniform List<scalar> 8(-0.0466367 -0.0466368 -0.0466368 -0.0466368 -0.0466368 -0.0466368 -0.0466368 -0.0466368);
    }
    top
    {
        type            calculated;
        value           nonuniform List<scalar> 
120
(
0.092446
0.0908291
0.0892748
0.0877721
0.0862924
0.0848034
0.0832792
0.0817132
0.0801356
0.0786045
0.077157
0.075768
0.0743803
0.072946
0.0714274
0.0698249
0.0681951
0.0666071
0.0650738
0.063587
0.062135
0.0607285
0.0593857
0.0580933
0.0568619
0.0556706
0.054483
0.0533103
0.0521843
0.0511218
0.0501258
0.0492077
0.0483665
0.0475944
0.0468733
0.0461879
0.0455249
0.0448741
0.044221
0.0435482
0.0428386
0.0420787
0.0412597
0.0403859
0.0394507
0.0384396
0.037359
0.0362067
0.0349551
0.0336077
0.0321636
0.030666
0.0291571
0.0276199
0.0259851
0.0242325
0.0224779
0.0207782
0.0190875
0.017385
0.0157871
0.0143268
0.0129828
0.0117629
0.0106976
0.00976325
0.00889987
0.00807963
0.00730295
0.00657172
0.00590798
0.00528822
0.00466981
0.00402446
0.00333907
0.00258027
0.0017235
0.000766109
-0.000286307
-0.00142563
-0.00263642
-0.00389502
-0.00517347
-0.00644433
-0.00768396
-0.00887541
-0.0100105
-0.01109
-0.0121207
-0.0131123
-0.0140755
-0.0150215
-0.0159607
-0.0169017
-0.0178512
-0.0188139
-0.0197931
-0.020791
-0.0218082
-0.0228447
-0.0238999
-0.0249731
-0.026063
-0.0271684
-0.028288
-0.0294205
-0.0305647
-0.0317192
-0.0328831
-0.0340551
-0.0352343
-0.0364197
-0.0376107
-0.0388063
-0.0400057
-0.0412082
-0.0424128
-0.043619
-0.044826
-0.0460333
)
;
    }
    btm
    {
        type            calculated;
        value           nonuniform List<scalar> 
120
(
0.0218517
0.0214377
0.0210276
0.0206266
0.0202406
0.0198743
0.0195304
0.0192109
0.0189173
0.0186483
0.0184022
0.0181769
0.0179701
0.0177794
0.0176028
0.0174383
0.017284
0.017138
0.0169988
0.0168649
0.0167357
0.0166099
0.016487
0.0163668
0.0162488
0.0161314
0.0160136
0.0158949
0.0157748
0.0156528
0.0155283
0.0154015
0.0152723
0.0151409
0.0150073
0.0148721
0.0147357
0.0145988
0.0144617
0.0143248
0.0141881
0.0140517
0.0139158
0.01378
0.0136434
0.0135063
0.0133688
0.0132298
0.0130882
0.0129431
0.0127939
0.0126391
0.0124767
0.0123048
0.0121214
0.0119242
0.0117112
0.0114806
0.011231
0.0109613
0.0106709
0.0103601
0.0100297
0.00968051
0.00931294
0.00892664
0.008522
0.00810051
0.00766446
0.00721648
0.00675982
0.00629887
0.00583691
0.0053752
0.00491434
0.00445618
0.00400414
0.00356028
0.00312462
0.00269398
0.00226445
0.00183975
0.00142092
0.00100909
0.000604755
0.000208071
-0.000181046
-0.000562798
-0.000937522
-0.00130562
-0.00166752
-0.00202366
-0.00237448
-0.00272041
-0.00306185
-0.00339917
-0.00373272
-0.00406283
-0.00438981
-0.00471392
-0.00503542
-0.00535455
-0.00567153
-0.00598656
-0.00629982
-0.00661148
-0.0069217
-0.00723063
-0.0075384
-0.00784514
-0.00815097
-0.008456
-0.00876033
-0.00906406
-0.00936728
-0.00967008
-0.00997253
-0.0102747
-0.0105767
-0.0108786
)
;
    }
    frontAndBack
    {
        type            empty;
    }
}


// ************************************************************************* //
