/*--------------------------------*- C++ -*----------------------------------*\
  =========                 |
  \\      /  F ield         | OpenFOAM: The Open Source CFD Toolbox
   \\    /   O peration     | Website:  https://openfoam.org
    \\  /    A nd           | Version:  6
     \\/     M anipulation  |
\*---------------------------------------------------------------------------*/
FoamFile
{
    version     2.0;
    format      ascii;
    class       volScalarField;
    location    "3300";
    object      dmdt;
}
// * * * * * * * * * * * * * * * * * * * * * * * * * * * * * * * * * * * * * //

dimensions      [0 0 0 0 0 0 0];

internalField   nonuniform List<scalar> 
4800
(
-0.218877
-0.215478
-0.212152
-0.208917
-0.20579
-0.202791
-0.199933
-0.197207
-0.194607
-0.192145
-0.189827
-0.187649
-0.185613
-0.183716
-0.181949
-0.180302
-0.17877
-0.177348
-0.176027
-0.174796
-0.173651
-0.172586
-0.171591
-0.170659
-0.169784
-0.16896
-0.168179
-0.167432
-0.166709
-0.166003
-0.165308
-0.164618
-0.163933
-0.16325
-0.162568
-0.161886
-0.161204
-0.160522
-0.159838
-0.159155
-0.158471
-0.157787
-0.157104
-0.15642
-0.155738
-0.155055
-0.154371
-0.153684
-0.152993
-0.152297
-0.151591
-0.150875
-0.150144
-0.149396
-0.148628
-0.147835
-0.147012
-0.146152
-0.145247
-0.144289
-0.143264
-0.14216
-0.140961
-0.139648
-0.138198
-0.136583
-0.134767
-0.132707
-0.130351
-0.127638
-0.124493
-0.120832
-0.116566
-0.111593
-0.105805
-0.099106
-0.091394
-0.0825865
-0.0726326
-0.0615212
-0.0494552
-0.036752
-0.023648
-0.00523399
-0.00685887
-0.00331134
0.000197147
0.00367962
0.00714384
0.0105937
0.0140307
0.017455
0.0208659
0.0242629
0.0276454
0.0310131
0.0343658
0.0377038
0.0410273
0.0443368
0.047633
0.0509165
0.0541881
0.0574486
0.0606987
0.0639394
0.0671712
0.0703952
0.0736119
0.0768221
0.0800265
0.0832258
0.0864205
0.0896114
0.092799
0.0959839
0.0991665
0.102347
0.105527
0.108706
-0.218856
-0.215414
-0.212039
-0.208755
-0.205579
-0.202524
-0.199604
-0.196835
-0.194204
-0.19171
-0.189364
-0.187159
-0.1851
-0.183184
-0.181407
-0.179755
-0.178221
-0.176798
-0.175485
-0.174265
-0.173131
-0.172079
-0.171102
-0.170187
-0.169328
-0.168521
-0.167756
-0.167026
-0.16632
-0.16563
-0.16495
-0.164274
-0.1636
-0.162926
-0.162251
-0.161575
-0.160899
-0.160221
-0.159543
-0.158864
-0.158185
-0.157506
-0.156827
-0.156149
-0.155469
-0.15479
-0.15411
-0.153426
-0.152738
-0.152042
-0.151338
-0.150621
-0.149891
-0.149142
-0.148371
-0.147573
-0.146744
-0.145877
-0.144963
-0.143994
-0.142958
-0.141841
-0.140627
-0.139297
-0.137829
-0.136195
-0.134359
-0.132279
-0.129902
-0.127167
-0.124001
-0.120321
-0.116034
-0.111048
-0.105253
-0.098539
-0.0908244
-0.0820383
-0.0721411
-0.0612127
-0.0493391
-0.0366715
-0.0235586
-0.00520803
-0.00682306
-0.00329256
0.000204607
0.00368109
0.00714315
0.0105932
0.0140316
0.0174576
0.0208704
0.0242689
0.0276526
0.0310211
0.0343744
0.0377126
0.0410362
0.0443456
0.0476415
0.0509247
0.0541959
0.0574559
0.0607056
0.0639458
0.0671772
0.0704006
0.0736168
0.0768265
0.0800305
0.0832293
0.0864236
0.0896141
0.0928013
0.0959857
0.0991679
0.102348
0.105528
0.108706
-0.218819
-0.215294
-0.211821
-0.208433
-0.205156
-0.202002
-0.198981
-0.19612
-0.193417
-0.190859
-0.188457
-0.186202
-0.184096
-0.182148
-0.180352
-0.178691
-0.177157
-0.175741
-0.174444
-0.173243
-0.172132
-0.171109
-0.170161
-0.169277
-0.168452
-0.167678
-0.166945
-0.166249
-0.165575
-0.164915
-0.164262
-0.16361
-0.162956
-0.1623
-0.16164
-0.160977
-0.160312
-0.159645
-0.158976
-0.158307
-0.157637
-0.156967
-0.156297
-0.155627
-0.154956
-0.154283
-0.153608
-0.152929
-0.152245
-0.151553
-0.150851
-0.150137
-0.149407
-0.148656
-0.147881
-0.147077
-0.146237
-0.145356
-0.144424
-0.143434
-0.142374
-0.141229
-0.139984
-0.138619
-0.137113
-0.135437
-0.133558
-0.131434
-0.129013
-0.12624
-0.123034
-0.119321
-0.115004
-0.109988
-0.10418
-0.097466
-0.0897548
-0.0809849
-0.0711472
-0.0603221
-0.0485674
-0.036076
-0.0232066
-0.00514258
-0.0067522
-0.00326054
0.000214421
0.00368046
0.00713965
0.0105911
0.014033
0.0174631
0.0208796
0.0242813
0.0276675
0.0310377
0.034392
0.0377307
0.0410543
0.0443634
0.0476588
0.0509412
0.0542116
0.0574707
0.0607194
0.0639586
0.067189
0.0704114
0.0736267
0.0768354
0.0800385
0.0832364
0.0864298
0.0896194
0.0928057
0.0959893
0.0991707
0.10235
0.105529
0.108707
-0.218763
-0.215116
-0.211508
-0.207979
-0.204559
-0.201267
-0.198111
-0.195112
-0.192288
-0.189631
-0.187145
-0.184823
-0.182654
-0.180657
-0.178834
-0.177161
-0.175629
-0.174228
-0.172952
-0.17178
-0.170705
-0.169725
-0.16882
-0.16798
-0.1672
-0.166475
-0.165789
-0.165139
-0.16451
-0.163893
-0.163277
-0.162659
-0.162035
-0.161404
-0.160766
-0.160122
-0.159474
-0.158823
-0.158169
-0.157514
-0.156858
-0.156202
-0.155545
-0.154889
-0.15423
-0.153568
-0.152903
-0.152231
-0.151552
-0.150864
-0.150164
-0.14945
-0.148718
-0.147964
-0.147183
-0.14637
-0.145517
-0.144619
-0.143666
-0.142649
-0.141557
-0.140374
-0.139085
-0.137669
-0.136107
-0.134368
-0.132424
-0.130232
-0.127738
-0.124902
-0.121635
-0.117871
-0.113521
-0.108466
-0.102628
-0.0959152
-0.0882374
-0.0795436
-0.0698137
-0.0590973
-0.0475192
-0.0352875
-0.0227303
-0.00505603
-0.00666852
-0.00323115
0.000215558
0.00367079
0.00712958
0.010586
0.0140348
0.0174719
0.0208946
0.0243012
0.027691
0.0310636
0.0344192
0.0377585
0.041082
0.0443905
0.047685
0.0509662
0.0542353
0.0574929
0.0607402
0.0639778
0.0672067
0.0704277
0.0736414
0.0768488
0.0800504
0.0832469
0.0864391
0.0896274
0.0928124
0.0959948
0.0991749
0.102353
0.105531
0.108707
-0.218685
-0.214882
-0.211116
-0.207421
-0.20383
-0.200363
-0.197038
-0.193874
-0.19089
-0.188093
-0.185485
-0.183074
-0.180831
-0.178777
-0.176921
-0.175229
-0.173701
-0.172318
-0.171068
-0.169931
-0.1689
-0.167975
-0.167127
-0.166344
-0.165625
-0.164961
-0.164334
-0.16374
-0.163164
-0.162597
-0.162028
-0.161452
-0.160867
-0.16027
-0.159661
-0.159043
-0.158418
-0.157787
-0.157153
-0.156517
-0.155879
-0.155241
-0.154601
-0.153962
-0.15332
-0.152675
-0.152023
-0.151363
-0.150692
-0.15001
-0.149314
-0.1486
-0.147865
-0.147105
-0.146314
-0.145486
-0.144616
-0.143696
-0.142715
-0.141666
-0.140536
-0.139307
-0.137966
-0.136489
-0.134859
-0.133045
-0.131016
-0.128737
-0.126148
-0.12322
-0.119864
-0.116013
-0.111601
-0.106513
-0.100667
-0.0939729
-0.0863352
-0.0777164
-0.0681178
-0.05761
-0.046343
-0.0344957
-0.0222872
-0.00497504
-0.00660674
-0.00322912
0.000191703
0.0036426
0.00710839
0.0105764
0.0140374
0.0174854
0.020917
0.0243302
0.0277246
0.0311001
0.0344573
0.0377969
0.04112
0.0444275
0.0477205
0.0510001
0.0542672
0.0575229
0.060768
0.0640036
0.0672304
0.0704493
0.0736611
0.0768665
0.0800663
0.083261
0.0864514
0.0896379
0.0928213
0.096002
0.0991805
0.102357
0.105533
0.108708
-0.218593
-0.21461
-0.210665
-0.206787
-0.203004
-0.199338
-0.195815
-0.192457
-0.189285
-0.18632
-0.18356
-0.181029
-0.178697
-0.176577
-0.174681
-0.172967
-0.171452
-0.170084
-0.168861
-0.167765
-0.166784
-0.165923
-0.165139
-0.164424
-0.163777
-0.163182
-0.162624
-0.162095
-0.161581
-0.16107
-0.160554
-0.160027
-0.159486
-0.158929
-0.158356
-0.15777
-0.157174
-0.156569
-0.15596
-0.155348
-0.154733
-0.154118
-0.153501
-0.152883
-0.152262
-0.151636
-0.151002
-0.150356
-0.149698
-0.149024
-0.148332
-0.147618
-0.14688
-0.146112
-0.145308
-0.144463
-0.14357
-0.142621
-0.141606
-0.140516
-0.13934
-0.138058
-0.136656
-0.13511
-0.133401
-0.131505
-0.129381
-0.126997
-0.124303
-0.12126
-0.117794
-0.113848
-0.109355
-0.104218
-0.0983466
-0.091674
-0.0841267
-0.0756791
-0.066321
-0.056118
-0.0452105
-0.0337361
-0.0218703
-0.00491382
-0.00660644
-0.00328648
0.00012271
0.00358569
0.00707248
0.0105624
0.0140428
0.0175063
0.0209495
0.0243709
0.0277705
0.031149
0.0345075
0.0378471
0.0411692
0.0444751
0.047766
0.0510431
0.0543076
0.0575606
0.060803
0.0640359
0.0672601
0.0704764
0.0736857
0.0768887
0.0800861
0.0832785
0.0864666
0.089651
0.0928323
0.0960109
0.0991874
0.102362
0.105536
0.108709
-0.218496
-0.214318
-0.210182
-0.20611
-0.202124
-0.198249
-0.19451
-0.190932
-0.187547
-0.184385
-0.181449
-0.17877
-0.176332
-0.174138
-0.172199
-0.170454
-0.168949
-0.167605
-0.16641
-0.165355
-0.164424
-0.163628
-0.162916
-0.162276
-0.161707
-0.161187
-0.160704
-0.160248
-0.1598
-0.15935
-0.158893
-0.15842
-0.157928
-0.157416
-0.156883
-0.156334
-0.155773
-0.155201
-0.154624
-0.154042
-0.153456
-0.152868
-0.152278
-0.151685
-0.151089
-0.150486
-0.149872
-0.149244
-0.1486
-0.147936
-0.14725
-0.146537
-0.145794
-0.145016
-0.144197
-0.143331
-0.14241
-0.141426
-0.140369
-0.139231
-0.137999
-0.136656
-0.135185
-0.133563
-0.131766
-0.129779
-0.127552
-0.125054
-0.12225
-0.119088
-0.1155
-0.111448
-0.106862
-0.101679
-0.0957815
-0.0891422
-0.0817052
-0.0734437
-0.064359
-0.0544935
-0.0439545
-0.032901
-0.0214824
-0.00490147
-0.00673249
-0.00344736
-1.35997e-05
0.00349237
0.0070219
0.0105477
0.0140555
0.0175391
0.0209961
0.0244266
0.0278315
0.0312126
0.0345716
0.0379103
0.0412305
0.0445339
0.0478218
0.0510956
0.0543568
0.0576063
0.0608453
0.0640748
0.0672957
0.0705089
0.0737151
0.0769152
0.0801097
0.0832994
0.0864848
0.0896666
0.0928454
0.0960215
0.0991956
0.102368
0.10554
0.10871
-0.218395
-0.21402
-0.209685
-0.205407
-0.201209
-0.197117
-0.193165
-0.189379
-0.185782
-0.182401
-0.179256
-0.176387
-0.17381
-0.171523
-0.169537
-0.167785
-0.166281
-0.164957
-0.163791
-0.162777
-0.161899
-0.161161
-0.16052
-0.159959
-0.159468
-0.159026
-0.15862
-0.158237
-0.15786
-0.157477
-0.157082
-0.156667
-0.156228
-0.155765
-0.155278
-0.15477
-0.154248
-0.153714
-0.153174
-0.152628
-0.152078
-0.151524
-0.150966
-0.150404
-0.149836
-0.149259
-0.148669
-0.148061
-0.147432
-0.146779
-0.146099
-0.145386
-0.144638
-0.143848
-0.14301
-0.142118
-0.141163
-0.140139
-0.139034
-0.13784
-0.136546
-0.135133
-0.133585
-0.131879
-0.129987
-0.127902
-0.125567
-0.12295
-0.120029
-0.116747
-0.113044
-0.108886
-0.104194
-0.0989194
-0.0929833
-0.0863775
-0.079047
-0.0709746
-0.0621937
-0.0527468
-0.0427057
-0.0321945
-0.0213189
-0.00503988
-0.00710909
-0.00376928
-0.00023413
0.00336416
0.00696464
0.0105412
0.014084
0.0175908
0.0210624
0.0245015
0.0279107
0.0312931
0.0346514
0.037988
0.0413051
0.0446047
0.0478885
0.0511581
0.0544149
0.0576602
0.060895
0.0641204
0.0673374
0.0705468
0.0737493
0.0769459
0.0801371
0.0833235
0.0865059
0.0896847
0.0928605
0.0960338
0.0992051
0.102375
0.105544
0.108712
-0.218301
-0.213733
-0.209197
-0.204711
-0.200302
-0.195998
-0.191834
-0.187825
-0.184012
-0.180428
-0.177097
-0.174046
-0.171311
-0.168896
-0.166813
-0.165029
-0.163519
-0.162212
-0.161073
-0.160095
-0.159263
-0.158585
-0.158011
-0.157523
-0.157111
-0.156745
-0.156415
-0.156105
-0.155798
-0.155486
-0.155157
-0.154802
-0.15442
-0.154009
-0.153572
-0.15311
-0.152632
-0.152143
-0.151644
-0.15114
-0.15063
-0.150116
-0.149597
-0.14907
-0.148536
-0.147989
-0.147425
-0.14684
-0.146229
-0.145588
-0.144913
-0.1442
-0.143444
-0.142638
-0.141777
-0.140853
-0.139859
-0.138787
-0.137626
-0.136368
-0.135003
-0.133512
-0.131881
-0.130085
-0.128097
-0.125907
-0.123462
-0.120728
-0.117686
-0.114273
-0.110448
-0.10619
-0.101429
-0.0961068
-0.090153
-0.0835598
-0.0763217
-0.0684329
-0.0599376
-0.0509101
-0.0414349
-0.0316362
-0.0215856
-0.00572053
-0.00794505
-0.00429727
-0.000528347
0.00322367
0.00692194
0.01056
0.0141408
0.0176704
0.021155
0.0246004
0.0280117
0.0313933
0.0347488
0.0380814
0.0413937
0.0446881
0.0479666
0.0512308
0.0544822
0.0577223
0.060952
0.0641726
0.0673849
0.0705899
0.0737882
0.0769807
0.0801681
0.0833508
0.0865296
0.089705
0.0928775
0.0960476
0.0992158
0.102382
0.105548
0.108713
-0.21821
-0.213459
-0.208735
-0.204057
-0.199452
-0.194954
-0.190593
-0.18638
-0.18236
-0.178568
-0.175043
-0.171811
-0.16891
-0.16636
-0.164167
-0.162313
-0.160757
-0.159438
-0.158313
-0.157366
-0.156572
-0.155948
-0.155438
-0.155018
-0.154679
-0.154383
-0.154125
-0.15389
-0.153654
-0.153413
-0.15315
-0.152858
-0.152534
-0.152179
-0.151795
-0.151386
-0.150958
-0.150518
-0.150068
-0.14961
-0.149147
-0.148678
-0.148203
-0.147718
-0.147221
-0.146709
-0.146176
-0.145616
-0.145025
-0.144397
-0.143728
-0.143012
-0.142245
-0.141419
-0.140529
-0.139567
-0.138526
-0.137397
-0.136172
-0.134841
-0.133395
-0.13182
-0.130097
-0.128205
-0.126119
-0.123821
-0.121264
-0.118415
-0.115252
-0.111723
-0.107773
-0.103395
-0.0985453
-0.0931865
-0.0872594
-0.0807255
-0.073596
-0.0658775
-0.0576461
-0.049033
-0.0401598
-0.0312185
-0.0225152
-0.0146756
-0.00942943
-0.00495563
-0.000814767
0.00312815
0.00693128
0.0106283
0.014242
0.0177889
0.0212812
0.0247285
0.0281379
0.0315154
0.0348653
0.0381916
0.0414972
0.0447848
0.0480564
0.0513138
0.0545588
0.0577926
0.0610164
0.0642313
0.0674383
0.0706381
0.0738317
0.0770196
0.0802026
0.0833812
0.086556
0.0897276
0.0928964
0.0960629
0.0992276
0.102391
0.105553
0.108715
-0.218126
-0.213205
-0.208313
-0.203467
-0.198694
-0.194024
-0.189486
-0.185088
-0.180876
-0.176883
-0.17316
-0.169744
-0.16667
-0.16396
-0.16163
-0.159678
-0.158044
-0.156686
-0.155555
-0.154624
-0.153869
-0.15329
-0.152839
-0.152478
-0.152206
-0.151975
-0.151786
-0.151624
-0.15146
-0.151288
-0.151091
-0.150863
-0.1506
-0.150304
-0.149978
-0.149625
-0.149254
-0.148869
-0.148473
-0.14807
-0.14766
-0.147243
-0.146818
-0.14638
-0.145928
-0.145456
-0.144958
-0.144427
-0.143859
-0.143246
-0.142582
-0.141862
-0.14108
-0.14023
-0.139304
-0.138297
-0.137199
-0.136005
-0.134705
-0.133292
-0.131757
-0.130088
-0.128268
-0.126277
-0.124088
-0.121679
-0.11901
-0.116049
-0.112765
-0.109126
-0.105074
-0.100607
-0.0956746
-0.090258
-0.0843432
-0.0778889
-0.0708924
-0.0633561
-0.055364
-0.0471197
-0.0387837
-0.0305621
-0.0227643
-0.0158175
-0.0101493
-0.00528883
-0.000910779
0.00316513
0.00703989
0.0107736
0.0144041
0.0179564
0.0214476
0.0248898
0.0282922
0.0316613
0.0350024
0.0383196
0.0416162
0.0448949
0.048158
0.0514073
0.0546445
0.057871
0.0610879
0.0642963
0.0674972
0.0706913
0.0738795
0.0770623
0.0802404
0.0834144
0.0865849
0.0897523
0.092917
0.0960796
0.0992405
0.1024
0.105559
0.108717
-0.218054
-0.212988
-0.20795
-0.202966
-0.198053
-0.193236
-0.188544
-0.183988
-0.179611
-0.17545
-0.171548
-0.167936
-0.16466
-0.161755
-0.159253
-0.157168
-0.155431
-0.153996
-0.152834
-0.151899
-0.151174
-0.150636
-0.150237
-0.149931
-0.149716
-0.149547
-0.149426
-0.149334
-0.149241
-0.149136
-0.149007
-0.148843
-0.148645
-0.148413
-0.148147
-0.147857
-0.147547
-0.147225
-0.146892
-0.146551
-0.146203
-0.145847
-0.14548
-0.145098
-0.144697
-0.144272
-0.143815
-0.143318
-0.142776
-0.142179
-0.141521
-0.140795
-0.139996
-0.139116
-0.138149
-0.137088
-0.135926
-0.134656
-0.133273
-0.131768
-0.130133
-0.128361
-0.126437
-0.124341
-0.122049
-0.119529
-0.116743
-0.113661
-0.110253
-0.106498
-0.102351
-0.0978002
-0.0928019
-0.0873307
-0.0813903
-0.0749717
-0.0680952
-0.060789
-0.0530889
-0.0451409
-0.0371777
-0.029453
-0.0222136
-0.0156908
-0.0100672
-0.00514528
-0.000710183
0.00339784
0.0072844
0.0110173
0.0146399
0.0181806
0.0216587
0.0250874
0.0284761
0.031832
0.0351604
0.0384655
0.0417506
0.0450185
0.0482713
0.0515111
0.0547393
0.0579573
0.0611664
0.0643675
0.0675615
0.0707492
0.0739313
0.0771085
0.0802814
0.0834504
0.086616
0.0897788
0.0929392
0.0960976
0.0992543
0.10241
0.105564
0.108719
-0.217995
-0.212814
-0.207671
-0.202581
-0.197557
-0.192621
-0.18781
-0.183134
-0.178618
-0.174294
-0.1702
-0.166373
-0.162877
-0.159759
-0.157058
-0.154798
-0.152926
-0.151388
-0.150165
-0.149208
-0.148499
-0.147992
-0.14764
-0.147389
-0.147228
-0.147122
-0.147067
-0.147041
-0.147016
-0.14698
-0.146919
-0.146824
-0.146693
-0.146529
-0.146332
-0.146112
-0.145872
-0.145621
-0.145361
-0.145094
-0.144818
-0.144533
-0.144235
-0.143919
-0.14358
-0.143209
-0.1428
-0.142344
-0.141831
-0.141253
-0.140602
-0.13987
-0.139051
-0.138136
-0.137121
-0.135999
-0.134763
-0.13341
-0.131933
-0.130326
-0.128583
-0.126697
-0.124659
-0.122452
-0.120054
-0.117432
-0.114542
-0.111354
-0.107829
-0.103945
-0.0996863
-0.0950412
-0.0899763
-0.0844623
-0.0784979
-0.0720847
-0.0652495
-0.0580351
-0.0505161
-0.0428207
-0.0351351
-0.0277251
-0.0208534
-0.0146707
-0.00928623
-0.00451793
-0.000185444
0.00384908
0.00767977
0.0113682
0.0149544
0.0184645
0.0219163
0.0253219
0.0286902
0.0320277
0.0353394
0.0386292
0.0419003
0.0451552
0.048396
0.0516247
0.0548426
0.0580512
0.0612514
0.0644443
0.0676308
0.0708114
0.073987
0.077158
0.0803251
0.0834887
0.0866492
0.0898071
0.0929628
0.0961167
0.099269
0.10242
0.105571
0.108721
-0.217964
-0.21272
-0.207508
-0.202344
-0.197244
-0.192228
-0.187322
-0.182536
-0.177885
-0.173386
-0.169081
-0.165023
-0.161285
-0.157927
-0.155002
-0.152545
-0.150513
-0.148856
-0.147554
-0.146559
-0.145842
-0.145357
-0.145045
-0.144854
-0.144752
-0.144709
-0.144719
-0.144759
-0.144804
-0.144839
-0.144849
-0.144826
-0.144768
-0.144678
-0.14456
-0.14442
-0.144265
-0.144099
-0.143926
-0.143746
-0.143557
-0.143358
-0.143142
-0.142905
-0.142638
-0.142334
-0.141982
-0.141572
-0.141094
-0.140537
-0.139893
-0.139154
-0.13831
-0.137356
-0.136286
-0.135094
-0.133778
-0.132332
-0.130754
-0.129039
-0.12718
-0.125173
-0.123011
-0.120681
-0.118165
-0.115433
-0.112438
-0.109147
-0.105529
-0.101548
-0.0971826
-0.0924306
-0.0872745
-0.0816972
-0.0757008
-0.0692783
-0.0624439
-0.055246
-0.0477718
-0.0401492
-0.0325631
-0.0252766
-0.01863
-0.0128543
-0.00788911
-0.00345481
0.000637534
0.0045045
0.00821751
0.0118212
0.0153442
0.0188056
0.0222184
0.0255919
0.0289331
0.0322472
0.0355383
0.0388098
0.0420643
0.0453043
0.0485315
0.0517476
0.054954
0.058152
0.0613425
0.0645265
0.0677046
0.0708776
0.0740461
0.0772105
0.0803714
0.0835292
0.0866842
0.089837
0.0929877
0.0961368
0.0992845
0.102431
0.105577
0.108723
-0.217945
-0.212663
-0.207414
-0.202215
-0.197071
-0.191987
-0.186989
-0.182095
-0.177307
-0.172634
-0.168121
-0.163821
-0.159818
-0.156196
-0.153027
-0.150357
-0.14815
-0.146365
-0.144975
-0.143937
-0.143208
-0.142735
-0.142457
-0.142322
-0.142282
-0.142306
-0.142387
-0.142498
-0.142618
-0.142729
-0.142816
-0.142873
-0.142899
-0.142897
-0.14287
-0.142827
-0.142774
-0.142714
-0.142647
-0.142574
-0.142493
-0.142397
-0.142281
-0.142138
-0.141958
-0.141729
-0.141441
-0.141083
-0.140642
-0.140107
-0.139469
-0.138718
-0.137846
-0.136845
-0.135712
-0.134444
-0.133039
-0.131496
-0.129814
-0.12799
-0.126018
-0.123894
-0.121609
-0.119152
-0.116503
-0.113641
-0.110526
-0.107122
-0.103403
-0.0993312
-0.0948695
-0.0900191
-0.08478
-0.0791241
-0.0730524
-0.0665864
-0.05973
-0.0525124
-0.0450017
-0.0373012
-0.0295482
-0.0220188
-0.0153291
-0.0102275
-0.00595997
-0.00204701
0.00168992
0.00531837
0.00886868
0.012358
0.0157977
0.0191962
0.0225598
0.0258938
0.0292022
0.0324885
0.0357556
0.039006
0.0422417
0.0454647
0.0486767
0.0518789
0.0550727
0.0582591
0.061439
0.0646133
0.0677825
0.0709473
0.0741081
0.0772655
0.0804199
0.0835715
0.0867208
0.0898681
0.0930136
0.0961577
0.0993006
0.102443
0.105584
0.108725
-0.217931
-0.212621
-0.207341
-0.202106
-0.19692
-0.191778
-0.186697
-0.181686
-0.176749
-0.171896
-0.16717
-0.162627
-0.158356
-0.154464
-0.151042
-0.148151
-0.145768
-0.143856
-0.142378
-0.141294
-0.14056
-0.140111
-0.139872
-0.139786
-0.139811
-0.139911
-0.140072
-0.140264
-0.140469
-0.140667
-0.140844
-0.140996
-0.141124
-0.141228
-0.141315
-0.141392
-0.141465
-0.141535
-0.141601
-0.141662
-0.141712
-0.141745
-0.141752
-0.141721
-0.14164
-0.141498
-0.141281
-0.140976
-0.140571
-0.140055
-0.139417
-0.138646
-0.137736
-0.13668
-0.135477
-0.134124
-0.132624
-0.130978
-0.129188
-0.127253
-0.125169
-0.122931
-0.12053
-0.117951
-0.115176
-0.112182
-0.108937
-0.105407
-0.101568
-0.0973863
-0.092818
-0.0878474
-0.0824948
-0.0767556
-0.0706049
-0.0640633
-0.0571548
-0.0498907
-0.0422853
-0.0343741
-0.0261668
-0.0177654
-0.010201
-0.0067712
-0.00367692
-0.000458382
0.00285909
0.00621986
0.00958985
0.0129519
0.0162981
0.0196255
0.0229334
0.0262225
0.0294938
0.0327488
0.035989
0.0392158
0.0424308
0.0456353
0.0488305
0.0520177
0.0551977
0.0583717
0.0615402
0.0647041
0.0678638
0.0710198
0.0741727
0.0773226
0.0804701
0.0836153
0.0867586
0.0899002
0.0930403
0.0961792
0.0993172
0.102454
0.105591
0.108727
-0.217914
-0.212568
-0.207242
-0.201952
-0.196708
-0.191498
-0.186321
-0.181182
-0.176075
-0.171004
-0.166016
-0.161202
-0.156678
-0.152551
-0.148912
-0.145829
-0.143295
-0.141278
-0.139731
-0.138609
-0.137871
-0.137449
-0.137262
-0.137236
-0.137336
-0.137527
-0.137784
-0.138074
-0.13838
-0.138683
-0.138971
-0.139241
-0.139496
-0.139736
-0.139966
-0.140196
-0.140428
-0.140661
-0.140894
-0.14112
-0.141333
-0.14152
-0.141671
-0.14177
-0.141803
-0.141754
-0.14161
-0.141357
-0.140982
-0.140473
-0.139821
-0.139017
-0.138054
-0.13693
-0.135644
-0.1342
-0.132601
-0.130852
-0.128956
-0.126915
-0.124726
-0.122382
-0.11987
-0.117175
-0.114277
-0.111152
-0.107772
-0.104104
-0.10012
-0.0957941
-0.091091
-0.0859868
-0.0804973
-0.0746444
-0.0684124
-0.0617879
-0.0547974
-0.0474748
-0.0398118
-0.031757
-0.0230965
-0.0126896
-0.000609312
-0.00299042
-0.00152262
0.00103801
0.0039982
0.00712747
0.0103336
0.0135741
0.0168273
0.0200817
0.0233311
0.0265722
0.0298037
0.0330248
0.0362358
0.0394373
0.0426298
0.0458143
0.0489916
0.0521626
0.0553281
0.0584887
0.0616452
0.0647981
0.0679478
0.0710947
0.0742391
0.0773813
0.0805216
0.0836602
0.0867973
0.089933
0.0930676
0.0962012
0.0993341
0.102466
0.105598
0.10873
-0.217882
-0.212467
-0.207064
-0.201686
-0.196344
-0.191027
-0.18573
-0.180438
-0.175136
-0.169825
-0.164568
-0.159477
-0.154683
-0.150331
-0.146514
-0.143284
-0.140638
-0.138542
-0.136965
-0.135843
-0.135119
-0.134736
-0.13461
-0.134665
-0.134863
-0.135167
-0.135543
-0.135957
-0.136391
-0.136827
-0.137257
-0.137679
-0.138097
-0.138511
-0.138927
-0.139351
-0.139784
-0.140223
-0.140662
-0.141091
-0.141496
-0.141867
-0.142184
-0.142426
-0.142578
-0.142622
-0.142545
-0.14233
-0.141967
-0.141446
-0.140759
-0.139901
-0.138868
-0.137659
-0.136281
-0.134739
-0.133043
-0.131197
-0.129208
-0.127076
-0.124798
-0.122361
-0.119749
-0.116944
-0.113925
-0.110667
-0.107136
-0.103306
-0.0991478
-0.0946359
-0.0897527
-0.0844801
-0.0788181
-0.0727988
-0.0664387
-0.0597346
-0.0527144
-0.0453906
-0.0377746
-0.0298555
-0.0216258
-0.013173
-0.00548948
-0.00281109
-0.000462751
0.00214616
0.00498737
0.00797966
0.0110636
0.0142015
0.0173699
0.0205542
0.0237453
0.0269376
0.0301275
0.0333132
0.0364935
0.039668
0.0428367
0.0460001
0.0491584
0.0523124
0.0554624
0.0586092
0.061753
0.0648944
0.0680337
0.0711711
0.0743068
0.077441
0.080574
0.0837057
0.0868365
0.0899662
0.0930952
0.0962235
0.0993512
0.102478
0.105605
0.108732
-0.217815
-0.212269
-0.206737
-0.20122
-0.195725
-0.190246
-0.184773
-0.179288
-0.173771
-0.168218
-0.16269
-0.157336
-0.152313
-0.147769
-0.143801
-0.14046
-0.13774
-0.135606
-0.134026
-0.132932
-0.132264
-0.131956
-0.131916
-0.132083
-0.132411
-0.132861
-0.133388
-0.133961
-0.134563
-0.135174
-0.135791
-0.136412
-0.137042
-0.137683
-0.138337
-0.139006
-0.13969
-0.140381
-0.141067
-0.14174
-0.142366
-0.142942
-0.14344
-0.143827
-0.144093
-0.144216
-0.144185
-0.143982
-0.143601
-0.143037
-0.142288
-0.141352
-0.140228
-0.138922
-0.137444
-0.135809
-0.134027
-0.132107
-0.130052
-0.12786
-0.125521
-0.123016
-0.120324
-0.117421
-0.114284
-0.110882
-0.107179
-0.103138
-0.0987425
-0.0939782
-0.088845
-0.0833423
-0.0774676
-0.0712475
-0.0647262
-0.0579201
-0.0508684
-0.0435802
-0.0360787
-0.028382
-0.0205368
-0.0126718
-0.00259018
-0.00229098
0.000347758
0.00304154
0.00585035
0.00876657
0.0117649
0.0148209
0.0179155
0.0210351
0.02417
0.0273137
0.0304616
0.0336108
0.0367591
0.0399056
0.0430495
0.0461907
0.0493293
0.0524655
0.0555995
0.0587318
0.0618626
0.0649921
0.0681206
0.0712483
0.0743751
0.0775012
0.0806267
0.0837515
0.0868758
0.0899996
0.0931229
0.0962457
0.0993683
0.102491
0.105613
0.108735
-0.217715
-0.211965
-0.206223
-0.200491
-0.194776
-0.189065
-0.183346
-0.177605
-0.171825
-0.166012
-0.160232
-0.154649
-0.149447
-0.144771
-0.140705
-0.137307
-0.134562
-0.132437
-0.130899
-0.129873
-0.129296
-0.129104
-0.129197
-0.129523
-0.130029
-0.13067
-0.131395
-0.132177
-0.132999
-0.133843
-0.134705
-0.135586
-0.13649
-0.137418
-0.138369
-0.139342
-0.140325
-0.141316
-0.142289
-0.143237
-0.144104
-0.144892
-0.145571
-0.146087
-0.146444
-0.146614
-0.146593
-0.146362
-0.145921
-0.145274
-0.14443
-0.143391
-0.142163
-0.140754
-0.139182
-0.137474
-0.135641
-0.133691
-0.131623
-0.129424
-0.127076
-0.124549
-0.121812
-0.118829
-0.115563
-0.111971
-0.108025
-0.103698
-0.0989802
-0.0938738
-0.0883894
-0.082552
-0.0763796
-0.0699132
-0.0632064
-0.0562783
-0.0491843
-0.0419531
-0.0346001
-0.0271223
-0.019536
-0.0119194
-0.00236739
-0.00160116
0.00112478
0.00384457
0.00663119
0.00949819
0.0124352
0.0154266
0.0184583
0.0215191
0.0246007
0.0276968
0.0308026
0.0339146
0.0370303
0.0401478
0.0432661
0.0463844
0.0495025
0.0526203
0.0557379
0.0588553
0.0619727
0.0650902
0.0682078
0.0713255
0.0744433
0.0775612
0.0806791
0.083797
0.0869149
0.0900326
0.0931503
0.0962678
0.0993852
0.102503
0.10562
0.108737
-0.217568
-0.211514
-0.205459
-0.199416
-0.193395
-0.187379
-0.181356
-0.175316
-0.169231
-0.16311
-0.157068
-0.1513
-0.145972
-0.141217
-0.137118
-0.133731
-0.131034
-0.128997
-0.127568
-0.126667
-0.126246
-0.126221
-0.126515
-0.127067
-0.12781
-0.128699
-0.129686
-0.130743
-0.131853
-0.133
-0.134179
-0.13539
-0.136635
-0.137912
-0.13922
-0.14055
-0.141881
-0.143204
-0.144489
-0.14572
-0.146831
-0.147814
-0.148651
-0.149253
-0.149662
-0.149831
-0.149765
-0.149452
-0.148901
-0.148128
-0.147159
-0.146003
-0.144671
-0.143175
-0.141542
-0.13981
-0.137994
-0.136096
-0.134107
-0.131997
-0.12973
-0.127251
-0.124509
-0.121445
-0.118006
-0.114146
-0.109847
-0.105096
-0.0999099
-0.0943047
-0.0883297
-0.0820189
-0.0754197
-0.0685886
-0.0616367
-0.0546023
-0.0475053
-0.0403625
-0.033172
-0.025908
-0.0185115
-0.0109671
-0.00194136
-0.000712385
0.00192629
0.00459324
0.00734638
0.0101789
0.0130736
0.0160158
0.0189948
0.0220029
0.0250342
0.0280839
0.0311477
0.0342222
0.0373044
0.0403923
0.0434842
0.0465791
0.0496762
0.0527753
0.055876
0.0589784
0.0620822
0.0651875
0.068294
0.0714018
0.0745106
0.0776203
0.0807307
0.0838417
0.0869532
0.0900651
0.0931771
0.0962894
0.0994018
0.102514
0.105627
0.108739
-0.217341
-0.210831
-0.204321
-0.197837
-0.191399
-0.185004
-0.178637
-0.172297
-0.165956
-0.159569
-0.153249
-0.147275
-0.141841
-0.137059
-0.133001
-0.129718
-0.127166
-0.125306
-0.12408
-0.12339
-0.123196
-0.123427
-0.124003
-0.124855
-0.125908
-0.127119
-0.128442
-0.12985
-0.131325
-0.132853
-0.134425
-0.136034
-0.137682
-0.139368
-0.141078
-0.142801
-0.144506
-0.14617
-0.14776
-0.149246
-0.150568
-0.151703
-0.152639
-0.153275
-0.153669
-0.153778
-0.153605
-0.153153
-0.152444
-0.151511
-0.150409
-0.149145
-0.147742
-0.146214
-0.144593
-0.142937
-0.141259
-0.139551
-0.137791
-0.135912
-0.133839
-0.13148
-0.128755
-0.12558
-0.121875
-0.117601
-0.112766
-0.107388
-0.10153
-0.0952355
-0.0885784
-0.0816178
-0.0744502
-0.0671771
-0.0599242
-0.0527719
-0.0457423
-0.0388365
-0.0319908
-0.0250574
-0.0177823
-0.00988772
-0.000919455
0.00050103
0.00270683
0.00524163
0.00797144
0.0107979
0.0136754
0.0165858
0.019523
0.0224844
0.0254684
0.0284727
0.0314945
0.0345309
0.0375791
0.0406367
0.0437016
0.0467726
0.0498485
0.0529285
0.0560123
0.0590995
0.0621898
0.0652828
0.0683784
0.0714763
0.0745762
0.0776778
0.0807809
0.0838852
0.0869904
0.0900965
0.0932032
0.0963103
0.0994178
0.102526
0.105633
0.108741
-0.216995
-0.209799
-0.202619
-0.195507
-0.18852
-0.181666
-0.174927
-0.168291
-0.161702
-0.155081
-0.148561
-0.142478
-0.137022
-0.132304
-0.128395
-0.125335
-0.123052
-0.121479
-0.120564
-0.120199
-0.120338
-0.120931
-0.121884
-0.123118
-0.124562
-0.126168
-0.1279
-0.129734
-0.131647
-0.133621
-0.135646
-0.137712
-0.13981
-0.141939
-0.144074
-0.146187
-0.148246
-0.150214
-0.152055
-0.153726
-0.155178
-0.15639
-0.157336
-0.157949
-0.15825
-0.158243
-0.157911
-0.157283
-0.156398
-0.155303
-0.154103
-0.152787
-0.151401
-0.14996
-0.148491
-0.14706
-0.145698
-0.144379
-0.143052
-0.14158
-0.139834
-0.137653
-0.134929
-0.131546
-0.127396
-0.122476
-0.116842
-0.110548
-0.103721
-0.0964669
-0.0888983
-0.081094
-0.0732227
-0.0654384
-0.0578969
-0.0507368
-0.043994
-0.0375928
-0.0314251
-0.0251764
-0.0181948
-0.00923057
0.0028786
0.00191294
0.00316561
0.00563789
0.00844651
0.0113352
0.0142351
0.0171357
0.0200425
0.0229629
0.0259018
0.0288612
0.0318407
0.0348384
0.0378519
0.0408785
0.0439161
0.0469628
0.0500172
0.0530782
0.0561451
0.0592172
0.062294
0.0653751
0.0684599
0.0715482
0.0746394
0.0777331
0.0808291
0.0839268
0.0870261
0.0901266
0.093228
0.0963303
0.0994331
0.102536
0.10564
0.108744
-0.216473
-0.20825
-0.200097
-0.19209
-0.184376
-0.176982
-0.169888
-0.163037
-0.156314
-0.149571
-0.143012
-0.136996
-0.131696
-0.127181
-0.123548
-0.120826
-0.118936
-0.117775
-0.117295
-0.117379
-0.117995
-0.119069
-0.120498
-0.122192
-0.124082
-0.126132
-0.128315
-0.130614
-0.133007
-0.135466
-0.137969
-0.140502
-0.143059
-0.145629
-0.148171
-0.150633
-0.152966
-0.155135
-0.157103
-0.158835
-0.160301
-0.161486
-0.162361
-0.162883
-0.163058
-0.162896
-0.162405
-0.161622
-0.160608
-0.159426
-0.158226
-0.156989
-0.155785
-0.154622
-0.153505
-0.152493
-0.151669
-0.150983
-0.150317
-0.149429
-0.148144
-0.146159
-0.143357
-0.139591
-0.134707
-0.128779
-0.121946
-0.114319
-0.106168
-0.0976914
-0.0890371
-0.0802665
-0.0716664
-0.0634031
-0.0556777
-0.0487934
-0.0428266
-0.0375333
-0.0328151
-0.0280475
-0.0224048
-0.0142065
0.00342109
-0.000228584
0.00240896
0.00557072
0.00872634
0.0117871
0.0147578
0.0176704
0.0205564
0.0234392
0.0263338
0.0292478
0.032184
0.0351421
0.03812
0.0411152
0.0441251
0.0471474
0.0501803
0.0532224
0.0562726
0.0593299
0.0623936
0.065463
0.0685375
0.0716164
0.0746992
0.0777855
0.0808746
0.0839661
0.0870597
0.0901549
0.0932515
0.0963491
0.0994475
0.102547
0.105646
0.108746
-0.215687
-0.205928
-0.196369
-0.18713
-0.178499
-0.17051
-0.163123
-0.156204
-0.149555
-0.142925
-0.136592
-0.1309
-0.125982
-0.121856
-0.118674
-0.116461
-0.115132
-0.11456
-0.114662
-0.115378
-0.116624
-0.118299
-0.120288
-0.122484
-0.124822
-0.127291
-0.129888
-0.132615
-0.135448
-0.138344
-0.141272
-0.144224
-0.147196
-0.150168
-0.15307
-0.155797
-0.158271
-0.160461
-0.162355
-0.163966
-0.165302
-0.166367
-0.167126
-0.167542
-0.167629
-0.167371
-0.166805
-0.165993
-0.165004
-0.163914
-0.162897
-0.161957
-0.161161
-0.160533
-0.160039
-0.159683
-0.159627
-0.159843
-0.160063
-0.15987
-0.159151
-0.157322
-0.15425
-0.149818
-0.143753
-0.136295
-0.127718
-0.1182
-0.108328
-0.0984494
-0.0886777
-0.0788895
-0.0699951
-0.0616643
-0.0540156
-0.0480709
-0.0437711
-0.0404556
-0.0387047
-0.0365103
-0.0342799
-0.0265246
-0.0168396
-0.00337454
0.00109037
0.0052516
0.00890431
0.0122039
0.0152722
0.0182056
0.0210723
0.0239164
0.0267645
0.0296309
0.0325221
0.0354391
0.0383805
0.0413437
0.0443257
0.0473237
0.0503354
0.053359
0.056393
0.059436
0.0624871
0.0655453
0.0686099
0.0716801
0.074755
0.0778342
0.0809169
0.0840027
0.0870909
0.0901812
0.0932732
0.0963665
0.0994608
0.102556
0.105652
0.108747
-0.214519
-0.202485
-0.1909
-0.180044
-0.170299
-0.161732
-0.154199
-0.147437
-0.14114
-0.135016
-0.129311
-0.124324
-0.12013
-0.116696
-0.114213
-0.112727
-0.112146
-0.112327
-0.113226
-0.114732
-0.116757
-0.119164
-0.121777
-0.12444
-0.127099
-0.129822
-0.132654
-0.135623
-0.138699
-0.141835
-0.145007
-0.148232
-0.151529
-0.154868
-0.158095
-0.160981
-0.163409
-0.165378
-0.166951
-0.168231
-0.169304
-0.170207
-0.1709
-0.171331
-0.171483
-0.17132
-0.170892
-0.17032
-0.169687
-0.16904
-0.168527
-0.168183
-0.168043
-0.168248
-0.168763
-0.169319
-0.170226
-0.171591
-0.172856
-0.17314
-0.172988
-0.171108
-0.167258
-0.161569
-0.153505
-0.143706
-0.132578
-0.120253
-0.108367
-0.09696
-0.086249
-0.0751687
-0.0683366
-0.0612867
-0.0544116
-0.0510098
-0.0488398
-0.0480129
-0.0527839
-0.0523881
-0.062459
-0.052009
-0.0412189
-0.00634705
-0.000349543
0.00497766
0.00915454
0.0126802
0.0158273
0.0187659
0.0216018
0.0243987
0.0271942
0.0300087
0.0328517
0.0357258
0.0386298
0.0415606
0.0445148
0.0474889
0.0504801
0.0534858
0.0565043
0.0595338
0.0625731
0.0656209
0.0686763
0.0717382
0.0748059
0.0778786
0.0809554
0.0840359
0.0871192
0.0902051
0.0932929
0.0963823
0.0994729
0.102564
0.105657
0.108749
-0.212833
-0.19757
-0.18317
-0.170284
-0.159283
-0.150223
-0.142772
-0.136459
-0.130883
-0.125795
-0.121299
-0.11752
-0.11444
-0.112048
-0.110568
-0.110058
-0.11043
-0.111595
-0.113473
-0.11596
-0.118931
-0.12218
-0.125411
-0.128383
-0.131049
-0.133665
-0.13636
-0.139163
-0.142048
-0.144992
-0.148041
-0.151272
-0.154776
-0.158534
-0.162167
-0.165123
-0.167286
-0.168794
-0.169818
-0.170603
-0.171338
-0.172137
-0.172923
-0.173643
-0.174202
-0.174468
-0.17456
-0.174715
-0.175068
-0.175524
-0.176034
-0.176594
-0.177288
-0.178598
-0.180576
-0.182279
-0.183703
-0.185982
-0.187605
-0.187573
-0.187119
-0.184519
-0.178818
-0.170298
-0.159945
-0.147338
-0.133257
-0.118096
-0.10643
-0.0934679
-0.0803398
-0.0684127
-0.070296
-0.0649109
-0.0624187
-0.0659142
-0.0573645
-0.0533006
-0.0763933
-0.0520063
-0.0682315
-0.0356666
-0.0354463
-0
-0.00134094
0.0051629
0.00971121
0.0133334
0.0164798
0.0193782
0.0221566
0.0248899
0.027622
0.0303777
0.0331685
0.0359976
0.0388634
0.0417619
0.0446889
0.04764
0.0506116
0.0536007
0.0566047
0.0596218
0.0626502
0.0656885
0.0687355
0.0717901
0.0748512
0.077918
0.0809896
0.0840653
0.0871443
0.0902262
0.0933103
0.0963962
0.0994836
0.102572
0.105661
0.108751
-0.210573
-0.191017
-0.17297
-0.157653
-0.145452
-0.136126
-0.129042
-0.123527
-0.119171
-0.115741
-0.113088
-0.110993
-0.109347
-0.10826
-0.107997
-0.108668
-0.110212
-0.112583
-0.11564
-0.119234
-0.123267
-0.127442
-0.131216
-0.134221
-0.136411
-0.138411
-0.14043
-0.142377
-0.144281
-0.146262
-0.14857
-0.151367
-0.154959
-0.159516
-0.164024
-0.166929
-0.168495
-0.169445
-0.169983
-0.170374
-0.170719
-0.171494
-0.172506
-0.173902
-0.175437
-0.17659
-0.177814
-0.179526
-0.18176
-0.184341
-0.185747
-0.186399
-0.18713
-0.189272
-0.19197
-0.194552
-0.19747
-0.200201
-0.199517
-0.197684
-0.195813
-0.192459
-0.186623
-0.175467
-0.160452
-0.143734
-0.124948
-0.11163
-0.101346
-0.0885649
-0.0656324
-0.0619
-0.0589313
-0.0507903
-0.0507302
-0.0430983
-0.0360253
-0.0300762
-0.036514
-0.0221864
-0
-0
-0
-0
0.000892574
0.00666593
0.0108465
0.0142581
0.0172677
0.0200585
0.022743
0.0253901
0.0280444
0.0307325
0.0334665
0.0362486
0.0390759
0.041943
0.0448441
0.0477737
0.0507273
0.0537012
0.0566923
0.0596982
0.062717
0.065747
0.0687866
0.0718348
0.0748902
0.077952
0.081019
0.0840906
0.0871659
0.0902443
0.0933252
0.0964082
0.0994927
0.102578
0.105665
0.108752
-0.207883
-0.183278
-0.161154
-0.143165
-0.129848
-0.120488
-0.11407
-0.109814
-0.107309
-0.106195
-0.105767
-0.105439
-0.105196
-0.105319
-0.106225
-0.108149
-0.11101
-0.114796
-0.119132
-0.123743
-0.12884
-0.134021
-0.138095
-0.140708
-0.141857
-0.142655
-0.143423
-0.143432
-0.143124
-0.142947
-0.143602
-0.145089
-0.148381
-0.154676
-0.160999
-0.162775
-0.162372
-0.162768
-0.163871
-0.164906
-0.164376
-0.164704
-0.16502
-0.167048
-0.170152
-0.172073
-0.174965
-0.179168
-0.181922
-0.186097
-0.191715
-0.192483
-0.197219
-0.198585
-0.19654
-0.195428
-0.196397
-0.196975
-0.191392
-0.188901
-0.186757
-0.174828
-0.170349
-0.157195
-0.133296
-0.112316
-0.0887843
-0.0902149
-0.0679645
-0.057165
-0.0395485
-0.0362327
-0.0227258
-0.0215136
-0
-0
-0
-0
-0
-0
-0
-0
-0
-0
0
0.0092059
0.0124532
0.0154028
0.0181732
0.0207999
0.0233573
0.025894
0.0284533
0.0310638
0.0337366
0.036471
0.039261
0.0420987
0.0449762
0.0478866
0.0508245
0.0537852
0.0567652
0.0597616
0.0627723
0.0657953
0.0688288
0.0718716
0.0749223
0.0779798
0.0810431
0.0841113
0.0871835
0.0902591
0.0933374
0.096418
0.0995002
0.102584
0.105668
0.108753
-0.205613
-0.176657
-0.151103
-0.130771
-0.116225
-0.106621
-0.100947
-0.0985191
-0.0984527
-0.100017
-0.101392
-0.101849
-0.102164
-0.102713
-0.10406
-0.106666
-0.110358
-0.115561
-0.121055
-0.125979
-0.131675
-0.137593
-0.140687
-0.141557
-0.140923
-0.14188
-0.142134
-0.138618
-0.134226
-0.130957
-0.129905
-0.129738
-0.131874
-0.138248
-0.144947
-0.146265
-0.146281
-0.14704
-0.150336
-0.155582
-0.155047
-0.151565
-0.148732
-0.151701
-0.156015
-0.160121
-0.171238
-0.178731
-0.178343
-0.177946
-0.183145
-0.175268
-0.178665
-0.180844
-0.16463
-0.159788
-0.154771
-0.145743
-0.136423
-0.125296
-0.123936
-0.101502
-0.0913408
-0.0776455
-0.0669929
-0.0492777
-0.0393531
-0
-0
-0
-0
-0
-0
-0
-0
-0
-0
-0
-0
-0
-0
-0
-0
-0
0
0
0.0141122
0.0165762
0.0191407
0.0215771
0.0239904
0.0263905
0.0288338
0.031357
0.0339665
0.0366551
0.0394112
0.0422232
0.0450808
0.0479755
0.0509005
0.0538506
0.0568218
0.0598108
0.0628151
0.0658325
0.0688613
0.0719
0.074947
0.0780013
0.0810616
0.0841272
0.087197
0.0902705
0.0933468
0.0964254
0.0995059
0.102588
0.10567
0.108754
-0.206209
-0.176776
-0.149545
-0.12706
-0.110335
-0.099794
-0.095408
-0.0964316
-0.0992936
-0.102255
-0.101891
-0.0999146
-0.0993332
-0.0984245
-0.097667
-0.100244
-0.10417
-0.110958
-0.116848
-0.121521
-0.128328
-0.135173
-0.135739
-0.133073
-0.13156
-0.134665
-0.131462
-0.125338
-0.11619
-0.113288
-0.114062
-0.111965
-0.108182
-0.112314
-0.11724
-0.115659
-0.119755
-0.118911
-0.123839
-0.136886
-0.133779
-0.130476
-0.127436
-0.130958
-0.128145
-0.129237
-0.140968
-0.14013
-0.138867
-0.129136
-0.125001
-0.108238
-0.104946
-0.0969891
-0.0799133
-0.0716579
-0.0628341
-0
-0
-0
-0
-0
-0
-0
-0
-0
-0
-0
-0
-0
-0
-0
-0
-0
-0
-0
-0
-0
-0
-0
-0
-0
-0
-0
0
0
0
0.00568191
0.0201771
0.0223578
0.0246429
0.0268647
0.0291609
0.0315898
0.0341398
0.0367894
0.0395187
0.0423112
0.0451541
0.0480373
0.0509531
0.0538958
0.0568608
0.0598446
0.0628444
0.0658581
0.0688836
0.0719193
0.0749638
0.0780158
0.0810742
0.084138
0.0872062
0.0902782
0.0933531
0.0964305
0.0995097
0.10259
0.105672
0.108754
-0.215957
-0.195863
-0.168511
-0.142315
-0.118096
-0.103987
-0.104217
-0.116068
-0.125432
-0.120024
-0.104632
-0.0953351
-0.0982857
-0.0943815
-0.0857872
-0.0872777
-0.0868778
-0.0940508
-0.100977
-0.106335
-0.115871
-0.112339
-0.106256
-0.0989207
-0.101733
-0.107715
-0.0922065
-0.0873019
-0.0888813
-0.0971727
-0.0894464
-0.091241
-0.0883585
-0.080137
-0.0830013
-0.0851153
-0.0855038
-0.0688939
-0.0757334
-0.0777047
-0.0729137
-0.0708046
-0.0686126
-0.0671377
-0.0589786
-0.0533863
-0.0516555
-0
-0
-0
-0
-0
-0
-0
-0
-0
-0
-0
-0
-0
-0
-0
-0
-0
-0
-0
-0
-0
-0
-0
-0
-0
-0
-0
-0
-0
-0
-0
-0
-0
-0
-0
-0
-0
0
0
0
0
0
0
0.0201406
0.0272908
0.0293847
0.031729
0.0342371
0.0368625
0.0395762
0.0423578
0.0451927
0.0480697
0.0509807
0.0539194
0.0568811
0.0598622
0.0628597
0.0658713
0.0688951
0.0719293
0.0749725
0.0780234
0.0810807
0.0841436
0.087211
0.0902821
0.0933564
0.0964331
0.0995117
0.102592
0.105673
0.108755
-0.22863
-0.231721
-0.201583
-0.1806
-0.134425
-0.10065
-0.103139
-0.115997
-0.129481
-0.112576
-0.0788141
-0.0715197
-0.0696249
-0.0648716
-0.0661687
-0.0650318
-0.0515147
-0.0517263
-0.0537914
-0.0570038
-0.060982
-0.0574092
-0.0574286
-0.0536853
-0.0548946
-0.0530339
-0.0463903
-0.0412932
-0.0369963
-0.0356747
-0.0309388
-0.0304117
-0
-0
-0
-0
-0
-0
-0
-0
-0
-0
-0
-0
-0
-0
-0
-0
-0
-0
-0
-0
-0
-0
-0
-0
-0
-0
-0
-0
-0
-0
-0
-0
-0
-0
-0
-0
-0
-0
-0
-0
-0
-0
-0
-0
-0
-0
-0
-0
-0
-0
0
0
0
0
0
0
0
0
0
0
0
0
0
0
0
0
0
0
0
0
0
0
0
0
0
0
0
0
0
0
0
0
0
0
0
0
0
0
-0
-0
-0
-0
-0
-0
-0
-0
-0
-0
-0
-0
-0
-0
-0
-0
-0
-0
-0
-0
-0
-0
-0
-0
-0
-0
-0
-0
-0
-0
-0
-0
-0
-0
-0
-0
-0
-0
-0
-0
-0
-0
-0
-0
-0
-0
-0
-0
-0
-0
-0
-0
-0
-0
-0
-0
-0
-0
-0
-0
-0
-0
-0
-0
-0
-0
-0
-0
-0
-0
-0
-0
-0
-0
-0
-0
-0
-0
-0
-0
-0
0
0
0
0
0
0
0
0
0
0
0
0
0
0
0
0
0
0
0
0
0
0
0
0
0
0
0
0
0
0
0
0
0
0
0
0
0
0
0
-0
-0
-0
-0
-0
-0
-0
-0
-0
-0
-0
-0
-0
-0
-0
-0
-0
-0
-0
-0
-0
-0
-0
-0
-0
-0
-0
-0
-0
-0
-0
-0
-0
-0
-0
-0
-0
-0
-0
-0
-0
-0
-0
-0
-0
-0
-0
-0
-0
-0
-0
-0
-0
-0
-0
-0
-0
-0
-0
-0
-0
-0
-0
-0
-0
-0
-0
-0
-0
-0
-0
-0
-0
-0
-0
-0
-0
-0
-0
-0
0
0
0
0
0
0
0
0
0
0
0
0
0
0
0
0
0
0
0
0
0
0
0
0
0
0
0
0
0
0
0
0
0
0
0
0
0
0
0
0
-0
-0
-0
-0
-0
-0
-0
-0
-0
-0
-0
-0
-0
-0
-0
-0
-0
-0
-0
-0
-0
-0
-0
-0
-0
-0
-0
-0
-0
-0
-0
-0
-0
-0
-0
-0
-0
-0
-0
-0
-0
-0
-0
-0
-0
-0
-0
-0
-0
-0
-0
-0
-0
-0
-0
-0
-0
-0
-0
-0
-0
-0
-0
-0
-0
-0
-0
-0
-0
-0
-0
-0
-0
-0
-0
-0
-0
-0
-0
-0
0
0
0
0
0
0
0
0
0
0
0
0
0
0
0
0
0
0
0
0
0
0
0
0
0
0
0
0
0
0
0
0
0
0
0
0
0
0
0
0
-0
-0
-0
-0
-0
-0
-0
-0
-0
-0
-0
-0
-0
-0
-0
-0
-0
-0
-0
-0
-0
-0
-0
-0
-0
-0
-0
-0
-0
-0
-0
-0
-0
-0
-0
-0
-0
-0
-0
-0
-0
-0
-0
-0
-0
-0
-0
-0
-0
-0
-0
-0
-0
-0
-0
-0
-0
-0
-0
-0
-0
-0
-0
-0
-0
-0
-0
-0
-0
-0
-0
-0
-0
-0
-0
-0
-0
-0
-0
-0
0
0
0
0
0
0
0
0
0
0
0
0
0
0
0
0
0
0
0
0
0
0
0
0
0
0
0
0
0
0
0
0
0
0
0
0
0
0
0
0
-0
-0
-0
-0
-0
-0
-0
-0
-0
-0
-0
-0
-0
-0
-0
-0
-0
-0
-0
-0
-0
-0
-0
-0
-0
-0
-0
-0
-0
-0
-0
-0
-0
-0
-0
-0
-0
-0
-0
-0
-0
-0
-0
-0
-0
-0
-0
-0
-0
-0
-0
-0
-0
-0
-0
-0
-0
-0
-0
-0
-0
-0
-0
-0
-0
-0
-0
-0
-0
-0
-0
-0
-0
-0
-0
-0
-0
-0
-0
-0
0
0
0
0
0
0
0
0
0
0
0
0
0
0
0
0
0
0
0
0
0
0
0
0
0
0
0
0
0
0
0
0
0
0
0
0
0
0
0
0
-0
-0
-0
-0
-0
-0
-0
-0
-0
-0
-0
-0
-0
-0
-0
-0
-0
-0
-0
-0
-0
-0
-0
-0
-0
-0
-0
-0
-0
-0
-0
-0
-0
-0
-0
-0
-0
-0
-0
-0
-0
-0
-0
-0
-0
-0
-0
-0
-0
-0
-0
-0
-0
-0
-0
-0
-0
-0
-0
-0
-0
-0
-0
-0
-0
-0
-0
-0
-0
-0
-0
-0
-0
-0
-0
-0
-0
-0
-0
-0
-0
0
0
0
0
0
0
0
0
0
0
0
0
0
0
0
0
0
0
0
0
0
0
0
0
0
0
0
0
0
0
0
0
0
0
0
0
0
0
0
-0
-0
-0
-0
-0
-0
-0
-0
-0
-0
-0
-0
-0
-0
-0
-0
-0
-0
-0
-0
-0
-0
-0
-0
-0
-0
-0
-0
-0
-0
-0
-0
-0
-0
-0
-0
-0
-0
-0
-0
-0
-0
-0
-0
-0
-0
-0
-0
-0
-0
-0
-0
-0
-0
-0
-0
-0
-0
-0
-0
-0
-0
-0
-0
-0
-0
-0
-0
-0
-0
-0
-0
-0
-0
-0
-0
-0
-0
-0
-0
-0
0
0
0
0
0
0
0
0
0
0
0
0
0
0
0
0
0
0
0
0
0
0
0
0
0
0
0
0
0
0
0
0
0
0
0
0
0
0
0
)
;

boundaryField
{
    hot
    {
        type            calculated;
        value           uniform 0.0220591;
    }
    hotTop
    {
        type            calculated;
        value           nonuniform List<scalar> 8(0.0203128 0.00224888 0.0045059 0.0932735 0.0932735 0.0932735 0.0932735 0.0932735);
    }
    cold
    {
        type            calculated;
        value           nonuniform List<scalar> 
32
(
-0.0110295
-0.0110295
-0.0110295
-0.0110295
-0.0110295
-0.0110295
-0.0110295
-0.0110295
-0.0110295
-0.0110295
-0.0110295
-0.0110295
-0.0110295
-0.0110295
-0.0110295
-0.0110295
-0.0110295
-0.0110295
-0.0110295
-0.0110295
-0.0110295
-0.0110295
-0.0110295
-0.0110295
-0.0110295
-0.0110295
-0.0110295
-0.0110295
-0.0110295
-0.0110295
-0.0110295
-0.0110295
)
;
    }
    coldTop
    {
        type            calculated;
        value           nonuniform List<scalar> 8(-0.0466367 -0.0466368 -0.0466368 -0.0466368 -0.0466368 -0.0466368 -0.0466368 -0.0466368);
    }
    top
    {
        type            calculated;
        value           nonuniform List<scalar> 
120
(
0.0856931
0.071036
0.0575466
0.0457955
0.0363165
0.0293222
0.0247959
0.0226184
0.0224219
0.0236551
0.0255904
0.0279356
0.030845
0.0342236
0.0379378
0.0418595
0.0458357
0.0497252
0.0534355
0.0568591
0.0598681
0.0623464
0.0643852
0.0660865
0.0675282
0.0687563
0.0698157
0.0707552
0.0715822
0.0722406
0.0727413
0.0731627
0.0735121
0.0737977
0.0741204
0.0746818
0.0753249
0.0758839
0.0763043
0.0767151
0.0773651
0.0782237
0.0790904
0.0797665
0.0802305
0.0805064
0.0806254
0.0806099
0.0804519
0.0801446
0.07968
0.0790575
0.0782968
0.0774004
0.0763476
0.0751171
0.0737223
0.0722097
0.0706189
0.0689602
0.06713
0.064857
0.0618644
0.0582166
0.0543444
0.0505573
0.046866
0.0431342
0.0392387
0.0353182
0.0315872
0.0281354
0.0248857
0.0217229
0.0185763
0.0154247
0.0122831
0.00919868
0.00624657
0.00352876
0.00114407
-0.000850941
-0.00247001
-0.00379084
-0.00490206
-0.00590717
-0.00691688
-0.00798327
-0.0091187
-0.0103035
-0.0114995
-0.0126757
-0.0138237
-0.0149459
-0.0160474
-0.0171351
-0.0182167
-0.0192999
-0.0203907
-0.021493
-0.0226093
-0.0237413
-0.0248893
-0.0260531
-0.027232
-0.028425
-0.029631
-0.0308488
-0.0320771
-0.0333148
-0.0345608
-0.0358139
-0.0370733
-0.0383383
-0.0396082
-0.0408823
-0.0421598
-0.0434394
-0.0447194
-0.0459985
)
;
    }
    btm
    {
        type            calculated;
        value           nonuniform List<scalar> 
120
(
0.0218877
0.0215478
0.0212152
0.0208917
0.020579
0.0202791
0.0199933
0.0197207
0.0194607
0.0192145
0.0189827
0.0187649
0.0185613
0.0183716
0.0181949
0.0180302
0.017877
0.0177348
0.0176027
0.0174796
0.0173651
0.0172586
0.0171591
0.0170659
0.0169784
0.016896
0.0168179
0.0167432
0.0166709
0.0166003
0.0165308
0.0164618
0.0163933
0.016325
0.0162568
0.0161886
0.0161204
0.0160522
0.0159838
0.0159155
0.0158471
0.0157787
0.0157104
0.015642
0.0155738
0.0155055
0.0154371
0.0153684
0.0152993
0.0152297
0.0151591
0.0150875
0.0150144
0.0149396
0.0148628
0.0147835
0.0147012
0.0146152
0.0145247
0.0144289
0.0143264
0.014216
0.0140961
0.0139648
0.0138198
0.0136583
0.0134767
0.0132707
0.0130351
0.0127638
0.0124493
0.0120832
0.0116566
0.0111593
0.0105805
0.0099106
0.0091394
0.00825865
0.00726326
0.00615212
0.00494552
0.0036752
0.0023648
0.000523399
0.000685839
0.000331123
-1.97147e-05
-0.000367962
-0.000714384
-0.00105937
-0.00140307
-0.0017455
-0.00208659
-0.00242629
-0.00276454
-0.00310131
-0.00343658
-0.00377038
-0.00410273
-0.00443368
-0.0047633
-0.00509165
-0.00541881
-0.00574486
-0.00606987
-0.00639394
-0.00671712
-0.00703952
-0.00736119
-0.00768221
-0.00800265
-0.00832258
-0.00864205
-0.00896114
-0.0092799
-0.00959839
-0.00991665
-0.0102347
-0.0105527
-0.0108706
)
;
    }
    frontAndBack
    {
        type            empty;
    }
}


// ************************************************************************* //
