/*--------------------------------*- C++ -*----------------------------------*\
  =========                 |
  \\      /  F ield         | OpenFOAM: The Open Source CFD Toolbox
   \\    /   O peration     | Website:  https://openfoam.org
    \\  /    A nd           | Version:  6
     \\/     M anipulation  |
\*---------------------------------------------------------------------------*/
FoamFile
{
    version     2.0;
    format      ascii;
    class       volVectorField;
    location    "2300";
    object      S_Marg;
}
// * * * * * * * * * * * * * * * * * * * * * * * * * * * * * * * * * * * * * //

dimensions      [1 -2 -2 0 0 0 0];

internalField   nonuniform List<vector> 
4800
(
(0 -0 -0)
(1.21663e-15 -0 -7.13797e-19)
(0 -0 -0)
(0 -0 -0)
(0 -0 -0)
(0 -0 -0)
(0 -0 -0)
(0 -0 -0)
(0 -0 -0)
(0 -0 -0)
(0 -0 -0)
(0 -0 -0)
(0 -0 -0)
(0 -0 -0)
(5.51231e-16 -0 -1.71314e-17)
(0 -0 -0)
(0 -0 -0)
(4.59524e-16 -0 -1.64441e-17)
(0 -0 -0)
(0 -0 -0)
(4.08924e-16 -0 -1.60588e-17)
(0 -0 -0)
(0 -0 -0)
(0 -0 -0)
(0 -0 -0)
(0 -0 -0)
(0 -0 -0)
(0 -0 -0)
(3.87368e-16 -0 -2.09755e-17)
(0 -0 -0)
(0 -0 -0)
(0 -0 -0)
(0 -0 -0)
(0 -0 -0)
(3.78761e-16 -0 -2.92407e-17)
(0 -0 -0)
(0 -0 -0)
(0 -0 -0)
(0 -0 -0)
(0 -0 -0)
(4.21364e-16 -0 -3.54533e-17)
(0 -0 -0)
(0 -0 -0)
(0 -0 -0)
(0 -0 -0)
(0 -0 -0)
(0 -0 -0)
(0 -0 -0)
(0 -0 -0)
(0 -0 -0)
(0 -0 -0)
(0 -0 -0)
(0 -0 -0)
(0 -0 -0)
(0 -0 -0)
(0 -0 -0)
(0 -0 -0)
(0 -0 -0)
(0 -0 -0)
(0 -0 -0)
(0 -0 0)
(0 -0 0)
(0 -0 0)
(0 -0 0)
(0 -0 0)
(0 -0 0)
(0 -0 0)
(0 -0 0)
(0 -0 0)
(0 -0 0)
(0 -0 0)
(0 -0 0)
(0 -0 0)
(0 -0 0)
(0 -0 0)
(0 -0 0)
(0 -0 0)
(0 -0 0)
(0 -0 0)
(0 -0 0)
(4.52615 -0 0.0931362)
(4.38416 -0 0.0952694)
(0.00187453 -0 4.15597e-05)
(0.00139757 -0 3.03853e-05)
(0.000970568 -0 1.99765e-05)
(0.000587143 -0 1.1116e-05)
(0.000239951 -0 4.08798e-06)
(0 -0 0)
(0 -0 0)
(0 -0 0)
(0 -0 0)
(0 -0 0)
(0 -0 0)
(0 -0 0)
(0 -0 0)
(0 -0 0)
(0 -0 0)
(0 -0 0)
(0 -0 0)
(0 -0 0)
(0 -0 0)
(0 -0 0)
(0 -0 0)
(0 -0 0)
(0 -0 0)
(0 -0 0)
(0 -0 0)
(0 -0 0)
(0 -0 0)
(0 -0 0)
(0 -0 0)
(0 -0 0)
(0 -0 0)
(0 -0 0)
(0 -0 0)
(0 -0 0)
(0 -0 0)
(0 -0 0)
(0 -0 0)
(0 -0 0)
(1.21973e-15 -0 2.48777e-20)
(0 -0 -0)
(0 -0 -0)
(0 -0 -0)
(0 -0 -0)
(0 -0 -0)
(0 -0 -0)
(0 -0 -0)
(0 -0 -0)
(0 -0 -0)
(0 -0 -0)
(0 -0 -0)
(0 -0 -0)
(0 -0 -0)
(0 -0 -0)
(0 -0 -0)
(0 -0 -0)
(0 -0 -0)
(0 -0 -0)
(0 -0 -0)
(0 -0 -0)
(0 -0 -0)
(0 -0 -0)
(0 -0 -0)
(0 -0 -0)
(0 -0 -0)
(0 -0 -0)
(0 -0 -0)
(0 -0 -0)
(0 -0 -0)
(0 -0 -0)
(0 -0 -0)
(0 -0 -0)
(0 -0 -0)
(0 -0 -0)
(0 -0 -0)
(0 -0 -0)
(0 -0 -0)
(0 -0 -0)
(0 -0 -0)
(0 -0 -0)
(0 -0 -0)
(0 -0 -0)
(0 -0 -0)
(0 -0 -0)
(0 -0 -0)
(0 -0 -0)
(0 -0 -0)
(0 -0 -0)
(0 -0 -0)
(0 -0 -0)
(0 -0 -0)
(0 -0 -0)
(0 -0 -0)
(0 -0 -0)
(0 -0 -0)
(0 -0 -0)
(0 -0 -0)
(0 -0 -0)
(0 -0 -0)
(0 -0 -0)
(0 -0 0)
(0 -0 0)
(0 -0 0)
(0 -0 0)
(0 -0 0)
(0 -0 0)
(0 -0 0)
(0 -0 0)
(0 -0 0)
(0 -0 0)
(0 -0 0)
(0 -0 0)
(0 -0 0)
(0 -0 0)
(0 -0 0)
(0 -0 0)
(0 -0 0)
(0 -0 0)
(0 -0 0)
(4.53026 -0 0.283304)
(4.38454 -0 0.28975)
(0 -0 0)
(0 -0 0)
(0 -0 0)
(0 -0 0)
(0 -0 0)
(0 -0 0)
(0 -0 0)
(0 -0 0)
(0 -0 0)
(0 -0 0)
(0 -0 0)
(0 -0 0)
(0 -0 0)
(0 -0 0)
(0 -0 0)
(0 -0 0)
(0 -0 0)
(0 -0 0)
(0 -0 0)
(0 -0 0)
(0 -0 0)
(0 -0 0)
(0 -0 0)
(0 -0 0)
(0 -0 0)
(0 -0 0)
(0 -0 0)
(0 -0 0)
(0 -0 0)
(0 -0 0)
(0 -0 0)
(0 -0 0)
(0 -0 0)
(0 -0 0)
(0 -0 0)
(0 -0 0)
(0 -0 0)
(0 -0 0)
(0 -0 -0)
(0 -0 -0)
(0 -0 -0)
(0 -0 -0)
(0 -0 -0)
(0 -0 -0)
(0 -0 -0)
(0 -0 -0)
(0 -0 -0)
(0 -0 -0)
(0 -0 -0)
(0 -0 -0)
(0 -0 -0)
(0 -0 -0)
(0 -0 -0)
(0 -0 -0)
(0 -0 -0)
(0 -0 -0)
(0 -0 -0)
(0 -0 -0)
(0 -0 -0)
(0 -0 -0)
(0 -0 -0)
(0 -0 -0)
(0 -0 -0)
(0 -0 -0)
(0 -0 -0)
(0 -0 -0)
(0 -0 -0)
(0 -0 -0)
(0 -0 -0)
(0 -0 -0)
(0 -0 -0)
(0 -0 -0)
(0 -0 -0)
(0 -0 -0)
(0 -0 -0)
(0 -0 -0)
(0 -0 -0)
(0 -0 -0)
(0 -0 -0)
(0 -0 -0)
(0 -0 -0)
(0 -0 -0)
(0 -0 -0)
(0 -0 -0)
(0 -0 -0)
(0 -0 -0)
(0 -0 -0)
(0 -0 -0)
(0 -0 -0)
(0 -0 -0)
(0 -0 -0)
(0 -0 -0)
(0 -0 -0)
(0 -0 -0)
(0 -0 -0)
(0 -0 -0)
(0 -0 -0)
(0 -0 -0)
(0 -0 -0)
(0 -0 -0)
(0 -0 0)
(0 -0 0)
(0 -0 0)
(0 -0 0)
(0 -0 0)
(0 -0 0)
(0 -0 0)
(0 -0 0)
(0 -0 0)
(0 -0 0)
(0 -0 0)
(0 -0 0)
(0 -0 0)
(0 -0 0)
(0 -0 0)
(0 -0 0)
(0 -0 0)
(0 -0 0)
(4.53931 -0 0.482351)
(4.38493 -0 0.496293)
(0 -0 0)
(0 -0 0)
(0 -0 0)
(0 -0 0)
(0 -0 0)
(0 -0 0)
(0 -0 0)
(0 -0 0)
(0 -0 0)
(0 -0 0)
(0 -0 0)
(0 -0 0)
(0 -0 0)
(0 -0 0)
(0 -0 0)
(0 -0 0)
(0 -0 0)
(0 -0 0)
(0 -0 0)
(0 -0 0)
(0 -0 0)
(0 -0 0)
(0 -0 0)
(0 -0 0)
(0 -0 0)
(0 -0 0)
(0 -0 0)
(0 -0 0)
(0 -0 0)
(0 -0 0)
(0 -0 0)
(0 -0 0)
(0 -0 0)
(0 -0 0)
(0 -0 0)
(0 -0 0)
(0 -0 0)
(0 -0 0)
(0 -0 -0)
(0 -0 -0)
(0 -0 -0)
(0 -0 -0)
(0 -0 -0)
(0 -0 -0)
(0 -0 -0)
(0 -0 -0)
(0 -0 -0)
(0 -0 -0)
(0 -0 -0)
(0 -0 -0)
(0 -0 -0)
(0 -0 -0)
(0 -0 -0)
(0 -0 -0)
(0 -0 -0)
(0 -0 -0)
(0 -0 -0)
(0 -0 -0)
(0 -0 -0)
(0 -0 -0)
(0 -0 -0)
(0 -0 -0)
(0 -0 -0)
(0 -0 -0)
(0 -0 -0)
(0 -0 -0)
(0 -0 -0)
(0 -0 -0)
(0 -0 -0)
(0 -0 -0)
(0 -0 -0)
(0 -0 -0)
(0 -0 -0)
(0 -0 -0)
(0 -0 -0)
(0 -0 -0)
(0 -0 -0)
(0 -0 -0)
(0 -0 -0)
(0 -0 -0)
(0 -0 -0)
(0 -0 -0)
(0 -0 -0)
(0 -0 -0)
(0 -0 -0)
(0 -0 -0)
(0 -0 -0)
(0 -0 -0)
(0 -0 -0)
(0 -0 -0)
(0 -0 -0)
(0 -0 -0)
(0 -0 -0)
(0 -0 -0)
(0 -0 -0)
(0 -0 -0)
(0 -0 -0)
(0 -0 -0)
(0 -0 -0)
(0 -0 -0)
(0 -0 0)
(0 -0 0)
(0 -0 0)
(0 -0 0)
(0 -0 0)
(0 -0 0)
(0 -0 0)
(0 -0 0)
(0 -0 0)
(0 -0 0)
(0 -0 0)
(0 -0 0)
(0 -0 0)
(0 -0 0)
(0 -0 0)
(0 -0 0)
(0 -0 0)
(0 -0 0)
(4.55831 -0 0.698715)
(4.38789 -0 0.726921)
(0 -0 0)
(0 -0 0)
(0 -0 0)
(0 -0 0)
(0 -0 0)
(0 -0 0)
(0 -0 0)
(0 -0 0)
(0 -0 0)
(0 -0 0)
(0 -0 0)
(0 -0 0)
(0 -0 0)
(0 -0 0)
(0 -0 0)
(0 -0 0)
(0 -0 0)
(0 -0 0)
(0 -0 0)
(0 -0 0)
(0 -0 0)
(0 -0 0)
(0 -0 0)
(0 -0 0)
(0 -0 0)
(0 -0 0)
(0 -0 0)
(0 -0 0)
(0 -0 0)
(0 -0 0)
(0 -0 0)
(0 -0 0)
(0 -0 0)
(0 -0 0)
(0 -0 0)
(0 -0 0)
(0 -0 0)
(0 -0 0)
(0 -0 -0)
(0 -0 -0)
(0 -0 -0)
(0 -0 -0)
(0 -0 -0)
(0 -0 -0)
(0 -0 -0)
(0 -0 -0)
(0 -0 -0)
(0 -0 -0)
(0 -0 -0)
(0 -0 -0)
(0 -0 -0)
(0 -0 -0)
(0 -0 -0)
(0 -0 -0)
(0 -0 -0)
(0 -0 -0)
(0 -0 -0)
(0 -0 -0)
(0 -0 -0)
(0 -0 -0)
(0 -0 -0)
(0 -0 -0)
(0 -0 -0)
(0 -0 -0)
(0 -0 -0)
(0 -0 -0)
(0 -0 -0)
(0 -0 -0)
(0 -0 -0)
(0 -0 -0)
(0 -0 -0)
(0 -0 -0)
(0 -0 -0)
(0 -0 -0)
(0 -0 -0)
(0 -0 -0)
(0 -0 -0)
(0 -0 -0)
(0 -0 -0)
(0 -0 -0)
(0 -0 -0)
(0 -0 -0)
(0 -0 -0)
(0 -0 -0)
(0 -0 -0)
(0 -0 -0)
(0 -0 -0)
(0 -0 -0)
(0 -0 -0)
(0 -0 -0)
(0 -0 -0)
(0 -0 -0)
(0 -0 -0)
(0 -0 -0)
(0 -0 -0)
(0 -0 -0)
(0 -0 -0)
(0 -0 -0)
(0 -0 -0)
(0 -0 -0)
(0 -0 -0)
(0 -0 0)
(0 -0 0)
(0 -0 0)
(0 -0 0)
(0 -0 0)
(0 -0 0)
(0 -0 0)
(0 -0 0)
(0 -0 0)
(0 -0 0)
(0 -0 0)
(0 -0 0)
(0 -0 0)
(0 -0 0)
(0 -0 0)
(0 -0 0)
(0 -0 0)
(4.59794 -0 0.950533)
(4.39448 -0 1.0031)
(0 -0 0)
(0 -0 0)
(0 -0 0)
(0 -0 0)
(0 -0 0)
(0 -0 0)
(0 -0 0)
(0 -0 0)
(0 -0 0)
(0 -0 0)
(0 -0 0)
(0 -0 0)
(0 -0 0)
(0 -0 0)
(0 -0 0)
(0 -0 0)
(0 -0 0)
(0 -0 0)
(0 -0 0)
(0 -0 0)
(0 -0 0)
(0 -0 0)
(0 -0 0)
(0 -0 0)
(0 -0 0)
(0 -0 0)
(0 -0 0)
(0 -0 0)
(0 -0 0)
(0 -0 0)
(0 -0 0)
(0 -0 0)
(0 -0 0)
(0 -0 0)
(0 -0 0)
(0 -0 0)
(0 -0 0)
(0 -0 0)
(0 -0 -0)
(0 -0 -0)
(0 -0 -0)
(0 -0 -0)
(0 -0 -0)
(0 -0 -0)
(0 -0 -0)
(0 -0 -0)
(0 -0 -0)
(0 -0 -0)
(0 -0 -0)
(0 -0 -0)
(0 -0 -0)
(0 -0 -0)
(0 -0 -0)
(0 -0 -0)
(0 -0 -0)
(0 -0 -0)
(0 -0 -0)
(0 -0 -0)
(0 -0 -0)
(0 -0 -0)
(0 -0 -0)
(0 -0 -0)
(0 -0 -0)
(0 -0 -0)
(0 -0 -0)
(0 -0 -0)
(0 -0 -0)
(0 -0 -0)
(0 -0 -0)
(0 -0 -0)
(0 -0 -0)
(0 -0 -0)
(0 -0 -0)
(0 -0 -0)
(0 -0 -0)
(0 -0 -0)
(0 -0 -0)
(0 -0 -0)
(0 -0 -0)
(0 -0 -0)
(0 -0 -0)
(0 -0 -0)
(0 -0 -0)
(0 -0 -0)
(0 -0 -0)
(0 -0 -0)
(0 -0 -0)
(0 -0 -0)
(0 -0 -0)
(0 -0 -0)
(0 -0 -0)
(0 -0 -0)
(0 -0 -0)
(0 -0 -0)
(0 -0 -0)
(0 -0 -0)
(0 -0 -0)
(0 -0 -0)
(0 -0 -0)
(0 -0 -0)
(0 -0 0)
(0 -0 0)
(0 -0 0)
(0 -0 0)
(0 -0 0)
(0 -0 0)
(0 -0 0)
(0 -0 0)
(0 -0 0)
(0 -0 0)
(0 -0 0)
(0 -0 0)
(0 -0 0)
(0 -0 0)
(0 -0 0)
(0 -0 0)
(0 -0 0)
(0 -0 0)
(4.67362 -0 1.26043)
(4.40356 -0 1.36508)
(0 -0 0)
(0 -0 0)
(0 -0 0)
(0 -0 0)
(0 -0 0)
(0 -0 0)
(0 -0 0)
(0 -0 0)
(0 -0 0)
(0 -0 0)
(0 -0 0)
(0 -0 0)
(0 -0 0)
(0 -0 0)
(0 -0 0)
(0 -0 0)
(0 -0 0)
(0 -0 0)
(0 -0 0)
(0 -0 0)
(0 -0 0)
(0 -0 0)
(0 -0 0)
(0 -0 0)
(0 -0 0)
(0 -0 0)
(0 -0 0)
(0 -0 0)
(0 -0 0)
(0 -0 0)
(0 -0 0)
(0 -0 0)
(0 -0 0)
(0 -0 0)
(0 -0 0)
(0 -0 0)
(0 -0 0)
(0 -0 0)
(0 -0 -0)
(0 -0 -0)
(0 -0 -0)
(0 -0 -0)
(0 -0 -0)
(0 -0 -0)
(0 -0 -0)
(0 -0 -0)
(0 -0 -0)
(0 -0 -0)
(0 -0 -0)
(0 -0 -0)
(0 -0 -0)
(0 -0 -0)
(0 -0 -0)
(0 -0 -0)
(0 -0 -0)
(0 -0 -0)
(0 -0 -0)
(0 -0 -0)
(0 -0 -0)
(0 -0 -0)
(0 -0 -0)
(0 -0 -0)
(0 -0 -0)
(0 -0 -0)
(0 -0 -0)
(0 -0 -0)
(0 -0 -0)
(0 -0 -0)
(0 -0 -0)
(0 -0 -0)
(0 -0 -0)
(0 -0 -0)
(0 -0 -0)
(0 -0 -0)
(0 -0 -0)
(0 -0 -0)
(0 -0 -0)
(0 -0 -0)
(0 -0 -0)
(0 -0 -0)
(0 -0 -0)
(0 -0 -0)
(0 -0 -0)
(0 -0 -0)
(0 -0 -0)
(0 -0 -0)
(0 -0 -0)
(0 -0 -0)
(0 -0 -0)
(0 -0 -0)
(0 -0 -0)
(0 -0 -0)
(0 -0 -0)
(0 -0 -0)
(0 -0 -0)
(0 -0 -0)
(0 -0 -0)
(0 -0 -0)
(0 -0 -0)
(0 -0 -0)
(0 -0 0)
(0 -0 0)
(0 -0 0)
(0 -0 0)
(0 -0 0)
(0 -0 0)
(0 -0 0)
(0 -0 0)
(0 -0 0)
(0 -0 0)
(0 -0 0)
(0 -0 0)
(0 -0 0)
(0 -0 0)
(0 -0 0)
(0 -0 0)
(0 -0 0)
(0 -0 0)
(4.82914 -0 1.65852)
(4.41423 -0 1.90712)
(0 -0 0)
(0 -0 0)
(0 -0 0)
(0 -0 0)
(0 -0 0)
(0 -0 0)
(0 -0 0)
(0 -0 0)
(0 -0 0)
(0 -0 0)
(0 -0 0)
(0 -0 0)
(0 -0 0)
(0 -0 0)
(0 -0 0)
(0 -0 0)
(0 -0 0)
(0 -0 0)
(0 -0 0)
(0 -0 0)
(0 -0 0)
(0 -0 0)
(0 -0 0)
(0 -0 0)
(0 -0 0)
(0 -0 0)
(0 -0 0)
(0 -0 0)
(0 -0 0)
(0 -0 0)
(0 -0 0)
(0 -0 0)
(0 -0 0)
(0 -0 0)
(0 -0 0)
(0 -0 0)
(0 -0 0)
(0 -0 0)
(0 -0 -0)
(0 -0 -0)
(0 -0 -0)
(0 -0 -0)
(0 -0 -0)
(0 -0 -0)
(0 -0 -0)
(0 -0 -0)
(0 -0 -0)
(0 -0 -0)
(0 -0 -0)
(0 -0 -0)
(0 -0 -0)
(0 -0 -0)
(0 -0 -0)
(0 -0 -0)
(0 -0 -0)
(0 -0 -0)
(0 -0 -0)
(0 -0 -0)
(0 -0 -0)
(0 -0 -0)
(0 -0 -0)
(0 -0 -0)
(0 -0 -0)
(0 -0 -0)
(0 -0 -0)
(0 -0 -0)
(0 -0 -0)
(0 -0 -0)
(0 -0 -0)
(0 -0 -0)
(0 -0 -0)
(0 -0 -0)
(0 -0 -0)
(0 -0 -0)
(0 -0 -0)
(0 -0 -0)
(0 -0 -0)
(0 -0 -0)
(0 -0 -0)
(0 -0 -0)
(0 -0 -0)
(0 -0 -0)
(0 -0 -0)
(0 -0 -0)
(0 -0 -0)
(0 -0 -0)
(0 -0 -0)
(0 -0 -0)
(0 -0 -0)
(0 -0 -0)
(0 -0 -0)
(0 -0 -0)
(0 -0 -0)
(0 -0 -0)
(0 -0 -0)
(0 -0 -0)
(0 -0 -0)
(0 -0 -0)
(0 -0 -0)
(0 -0 -0)
(0 -0 0)
(0 -0 0)
(0 -0 0)
(0 -0 0)
(0 -0 0)
(0 -0 0)
(0 -0 0)
(0 -0 0)
(0 -0 0)
(0 -0 0)
(0 -0 0)
(0 -0 0)
(0 -0 0)
(0 -0 0)
(0 -0 0)
(0 -0 0)
(0 -0 0)
(0 -0 0)
(5.18749 -0 2.15474)
(4.42069 -0 2.90666)
(0 -0 0)
(0 -0 0)
(0 -0 0)
(0 -0 0)
(0 -0 0)
(0 -0 0)
(0 -0 0)
(0 -0 0)
(0 -0 0)
(0 -0 0)
(0 -0 0)
(0 -0 0)
(0 -0 0)
(0 -0 0)
(0 -0 0)
(0 -0 0)
(0 -0 0)
(0 -0 0)
(0 -0 0)
(0 -0 0)
(0 -0 0)
(0 -0 0)
(0 -0 0)
(0 -0 0)
(0 -0 0)
(0 -0 0)
(0 -0 0)
(0 -0 0)
(0 -0 0)
(0 -0 0)
(0 -0 0)
(0 -0 0)
(0 -0 0)
(0 -0 0)
(0 -0 0)
(0 -0 0)
(0 -0 0)
(0 -0 0)
(0 -0 -0)
(0 -0 -0)
(0 -0 -0)
(0 -0 -0)
(0 -0 -0)
(0 -0 -0)
(0 -0 -0)
(0 -0 -0)
(0 -0 -0)
(0 -0 -0)
(0 -0 -0)
(0 -0 -0)
(0 -0 -0)
(0 -0 -0)
(0 -0 -0)
(0 -0 -0)
(0 -0 -0)
(0 -0 -0)
(0 -0 -0)
(0 -0 -0)
(0 -0 -0)
(0 -0 -0)
(0 -0 -0)
(0 -0 -0)
(0 -0 -0)
(0 -0 -0)
(0 -0 -0)
(0 -0 -0)
(0 -0 -0)
(0 -0 -0)
(0 -0 -0)
(0 -0 -0)
(0 -0 -0)
(0 -0 -0)
(0 -0 -0)
(0 -0 -0)
(0 -0 -0)
(0 -0 -0)
(0 -0 -0)
(0 -0 -0)
(0 -0 -0)
(0 -0 -0)
(0 -0 -0)
(0 -0 -0)
(0 -0 -0)
(0 -0 -0)
(0 -0 -0)
(0 -0 -0)
(0 -0 -0)
(0 -0 -0)
(0 -0 -0)
(0 -0 -0)
(0 -0 -0)
(0 -0 -0)
(0 -0 -0)
(0 -0 -0)
(0 -0 -0)
(0 -0 -0)
(0 -0 -0)
(0 -0 -0)
(0 -0 -0)
(0 -0 0)
(0 -0 0)
(0 -0 0)
(0 -0 0)
(0 -0 0)
(0 -0 0)
(0 -0 0)
(0 -0 0)
(0 -0 0)
(0 -0 0)
(0 -0 0)
(0 -0 0)
(0 -0 0)
(0 -0 0)
(0 -0 0)
(0 -0 0)
(0 -0 0)
(0 -0 0)
(0 -0 0)
(6.13152 -0 2.55846)
(4.49145 -0 5.45668)
(0 -0 0)
(0 -0 0)
(0 -0 0)
(0 -0 0)
(0 -0 0)
(0 -0 0)
(0 -0 0)
(0 -0 0)
(0 -0 0)
(0 -0 0)
(0 -0 0)
(0 -0 0)
(0 -0 0)
(0 -0 0)
(0 -0 0)
(0 -0 0)
(0 -0 0)
(0 -0 0)
(0 -0 0)
(0 -0 0)
(0 -0 0)
(0 -0 0)
(0 -0 0)
(0 -0 0)
(0 -0 0)
(0 -0 0)
(0 -0 0)
(0 -0 0)
(0 -0 0)
(0 -0 0)
(0 -0 0)
(0 -0 0)
(0 -0 0)
(0 -0 0)
(0 -0 0)
(0 -0 0)
(0 -0 0)
(0 -0 0)
(0 -0 -0)
(0 -0 -0)
(0 -0 -0)
(0 -0 -0)
(0 -0 -0)
(0 -0 -0)
(0 -0 -0)
(0 -0 -0)
(0 -0 -0)
(0 -0 -0)
(0 -0 -0)
(0 -0 -0)
(0 -0 -0)
(0 -0 -0)
(0 -0 -0)
(0 -0 -0)
(0 -0 -0)
(0 -0 -0)
(0 -0 -0)
(0 -0 -0)
(0 -0 -0)
(0 -0 -0)
(0 -0 -0)
(0 -0 -0)
(0 -0 -0)
(0 -0 -0)
(0 -0 -0)
(0 -0 -0)
(0 -0 -0)
(0 -0 -0)
(0 -0 -0)
(0 -0 -0)
(0 -0 -0)
(0 -0 -0)
(0 -0 -0)
(0 -0 -0)
(0 -0 -0)
(0 -0 -0)
(0 -0 -0)
(0 -0 -0)
(0 -0 -0)
(0 -0 -0)
(0 -0 -0)
(0 -0 -0)
(0 -0 -0)
(0 -0 -0)
(0 -0 -0)
(0 -0 -0)
(0 -0 -0)
(0 -0 -0)
(0 -0 -0)
(0 -0 -0)
(0 -0 -0)
(0 -0 -0)
(0 -0 -0)
(0 -0 -0)
(0 -0 -0)
(0 -0 -0)
(0 -0 -0)
(0 -0 -0)
(0 -0 -0)
(0 -0 0)
(0 -0 0)
(0 -0 0)
(0 -0 0)
(0 -0 0)
(0 -0 0)
(0 -0 0)
(0 -0 0)
(0 -0 0)
(0 -0 0)
(0 -0 0)
(0 -0 0)
(0 -0 0)
(0 -0 0)
(0 -0 0)
(0 -0 0)
(0 -0 0)
(0 -0 0)
(0 -0 0)
(7.23949 -0 0.880525)
(6.08659 -0 1.52195)
(-0.0815025 -0 0.167928)
(0 -0 0)
(0 -0 0)
(0 -0 0)
(0 -0 0)
(0 -0 0)
(0 -0 0)
(0 -0 0)
(0 -0 0)
(0 -0 0)
(0 -0 0)
(0 -0 0)
(0 -0 0)
(0 -0 0)
(0 -0 0)
(0 -0 0)
(0 -0 0)
(0 -0 0)
(0 -0 0)
(0 -0 0)
(0 -0 0)
(0 -0 0)
(0 -0 0)
(0 -0 0)
(0 -0 0)
(0 -0 0)
(0 -0 0)
(0 -0 0)
(0 -0 0)
(0 -0 0)
(0 -0 0)
(0 -0 0)
(0 -0 0)
(0 -0 0)
(0 -0 0)
(0 -0 0)
(0 -0 0)
(0 -0 0)
(0 -0 -0)
(0 -0 -0)
(0 -0 -0)
(0 -0 -0)
(0 -0 -0)
(0 -0 -0)
(0 -0 -0)
(0 -0 -0)
(0 -0 -0)
(0 -0 -0)
(0 -0 -0)
(0 -0 -0)
(0 -0 -0)
(0 -0 -0)
(0 -0 -0)
(0 -0 -0)
(0 -0 -0)
(0 -0 -0)
(0 -0 -0)
(0 -0 -0)
(0 -0 -0)
(0 -0 -0)
(0 -0 -0)
(0 -0 -0)
(0 -0 -0)
(0 -0 -0)
(0 -0 -0)
(0 -0 -0)
(0 -0 -0)
(0 -0 -0)
(0 -0 -0)
(0 -0 -0)
(0 -0 -0)
(0 -0 -0)
(0 -0 -0)
(0 -0 -0)
(0 -0 -0)
(0 -0 -0)
(0 -0 -0)
(0 -0 -0)
(0 -0 -0)
(0 -0 -0)
(0 -0 -0)
(0 -0 -0)
(0 -0 -0)
(0 -0 -0)
(0 -0 -0)
(0 -0 -0)
(0 -0 -0)
(0 -0 -0)
(0 -0 -0)
(0 -0 -0)
(0 -0 -0)
(0 -0 -0)
(0 -0 -0)
(0 -0 -0)
(0 -0 -0)
(0 -0 -0)
(0 -0 -0)
(0 -0 -0)
(0 -0 -0)
(0 -0 -0)
(0 -0 0)
(0 -0 0)
(0 -0 0)
(0 -0 0)
(0 -0 0)
(0 -0 0)
(0 -0 0)
(0 -0 0)
(0 -0 0)
(0 -0 0)
(0 -0 0)
(0 -0 0)
(0 -0 0)
(0 -0 0)
(0 -0 0)
(0 -0 0)
(0 -0 0)
(0 -0 0)
(0.0892002 -0 -0.00896614)
(5.41311 -0 -4.56091)
(2.16239 -0 -0.765541)
(0 -0 0)
(0 -0 0)
(0 -0 0)
(0 -0 0)
(0 -0 0)
(0 -0 0)
(0 -0 0)
(0 -0 0)
(0 -0 0)
(0 -0 0)
(0 -0 0)
(0 -0 0)
(0 -0 0)
(0 -0 0)
(0 -0 0)
(0 -0 0)
(0 -0 0)
(0 -0 0)
(0 -0 0)
(0 -0 0)
(0 -0 0)
(0 -0 0)
(0 -0 0)
(0 -0 0)
(0 -0 0)
(0 -0 0)
(0 -0 0)
(0 -0 0)
(0 -0 0)
(0 -0 0)
(0 -0 0)
(0 -0 0)
(0 -0 0)
(0 -0 0)
(0 -0 0)
(0 -0 0)
(0 -0 0)
(0 -0 -0)
(0 -0 -0)
(0 -0 -0)
(0 -0 -0)
(0 -0 -0)
(0 -0 -0)
(0 -0 -0)
(0 -0 -0)
(0 -0 -0)
(0 -0 -0)
(0 -0 -0)
(0 -0 -0)
(0 -0 -0)
(0 -0 -0)
(0 -0 -0)
(0 -0 -0)
(0 -0 -0)
(0 -0 -0)
(0 -0 -0)
(0 -0 -0)
(0 -0 -0)
(0 -0 -0)
(0 -0 -0)
(0 -0 -0)
(0 -0 -0)
(0 -0 -0)
(0 -0 -0)
(0 -0 -0)
(0 -0 -0)
(0 -0 -0)
(0 -0 -0)
(0 -0 -0)
(0 -0 -0)
(0 -0 -0)
(0 -0 -0)
(0 -0 -0)
(0 -0 -0)
(0 -0 -0)
(0 -0 -0)
(0 -0 -0)
(0 -0 -0)
(0 -0 -0)
(0 -0 -0)
(0 -0 -0)
(0 -0 -0)
(0 -0 -0)
(0 -0 -0)
(0 -0 -0)
(0 -0 -0)
(0 -0 -0)
(0 -0 -0)
(0 -0 -0)
(0 -0 -0)
(0 -0 -0)
(0 -0 -0)
(0 -0 -0)
(0 -0 -0)
(0 -0 -0)
(0 -0 -0)
(0 -0 -0)
(0 -0 -0)
(0 -0 -0)
(0 -0 0)
(0 -0 0)
(0 -0 0)
(0 -0 0)
(0 -0 0)
(0 -0 0)
(0 -0 0)
(0 -0 0)
(0 -0 0)
(0 -0 0)
(0 -0 0)
(0 -0 0)
(0 -0 0)
(0 -0 0)
(0 -0 0)
(0 -0 0)
(0 -0 0)
(0 -0 0)
(0 -0 -0)
(4.18088 -0 -1.3581)
(3.24094 -0 -0.518046)
(0 -0 0)
(0 -0 0)
(0 -0 0)
(0 -0 0)
(0 -0 0)
(0 -0 0)
(0 -0 0)
(0 -0 0)
(0 -0 0)
(0 -0 0)
(0 -0 0)
(0 -0 0)
(0 -0 0)
(0 -0 0)
(0 -0 0)
(0 -0 0)
(0 -0 0)
(0 -0 0)
(0 -0 0)
(0 -0 0)
(0 -0 0)
(0 -0 0)
(0 -0 0)
(0 -0 0)
(0 -0 0)
(0 -0 0)
(0 -0 0)
(0 -0 0)
(0 -0 0)
(0 -0 0)
(0 -0 0)
(0 -0 0)
(0 -0 0)
(0 -0 0)
(0 -0 0)
(0 -0 0)
(0 -0 0)
(0 -0 -0)
(0 -0 -0)
(0 -0 -0)
(0 -0 -0)
(0 -0 -0)
(0 -0 -0)
(0 -0 -0)
(0 -0 -0)
(0 -0 -0)
(0 -0 -0)
(0 -0 -0)
(0 -0 -0)
(0 -0 -0)
(0 -0 -0)
(0 -0 -0)
(0 -0 -0)
(0 -0 -0)
(0 -0 -0)
(0 -0 -0)
(0 -0 -0)
(0 -0 -0)
(0 -0 -0)
(0 -0 -0)
(0 -0 -0)
(0 -0 -0)
(0 -0 -0)
(0 -0 -0)
(0 -0 -0)
(0 -0 -0)
(0 -0 -0)
(0 -0 -0)
(0 -0 -0)
(0 -0 -0)
(0 -0 -0)
(0 -0 -0)
(0 -0 -0)
(0 -0 -0)
(0 -0 -0)
(0 -0 -0)
(0 -0 -0)
(0 -0 -0)
(0 -0 -0)
(0 -0 -0)
(0 -0 -0)
(0 -0 -0)
(0 -0 -0)
(0 -0 -0)
(0 -0 -0)
(0 -0 -0)
(0 -0 -0)
(0 -0 -0)
(0 -0 -0)
(0 -0 -0)
(0 -0 -0)
(0 -0 -0)
(0 -0 -0)
(0 -0 -0)
(0 -0 -0)
(0 -0 -0)
(0 -0 -0)
(0 -0 -0)
(0 -0 -0)
(0 -0 -0)
(0 -0 0)
(0 -0 0)
(0 -0 0)
(0 -0 0)
(0 -0 0)
(0 -0 0)
(0 -0 0)
(0 -0 0)
(0 -0 0)
(0 -0 0)
(0 -0 0)
(0 -0 0)
(0 -0 0)
(0 -0 0)
(0 -0 0)
(0 -0 0)
(0 -0 0)
(0 -0 -0)
(4.17532 -0 -0.245984)
(3.59946 -0 -0.019118)
(0 -0 0)
(0 -0 0)
(0 -0 0)
(0 -0 0)
(0 -0 0)
(0 -0 0)
(0 -0 0)
(0 -0 0)
(0 -0 0)
(0 -0 0)
(0 -0 0)
(0 -0 0)
(0 -0 0)
(0 -0 0)
(0 -0 0)
(0 -0 0)
(0 -0 0)
(0 -0 0)
(0 -0 0)
(0 -0 0)
(0 -0 0)
(0 -0 0)
(0 -0 0)
(0 -0 0)
(0 -0 0)
(0 -0 0)
(0 -0 0)
(0 -0 0)
(0 -0 0)
(0 -0 0)
(0 -0 0)
(0 -0 0)
(0 -0 0)
(0 -0 0)
(0 -0 0)
(0 -0 0)
(0 -0 0)
(0 -0 -0)
(0 -0 -0)
(0 -0 -0)
(0 -0 -0)
(0 -0 -0)
(0 -0 -0)
(0 -0 -0)
(0 -0 -0)
(0 -0 -0)
(0 -0 -0)
(0 -0 -0)
(0 -0 -0)
(0 -0 -0)
(0 -0 -0)
(0 -0 -0)
(0 -0 -0)
(0 -0 -0)
(0 -0 -0)
(0 -0 -0)
(0 -0 -0)
(0 -0 -0)
(0 -0 -0)
(0 -0 -0)
(0 -0 -0)
(0 -0 -0)
(0 -0 -0)
(0 -0 -0)
(0 -0 -0)
(0 -0 -0)
(0 -0 -0)
(0 -0 -0)
(0 -0 -0)
(0 -0 -0)
(0 -0 -0)
(0 -0 -0)
(0 -0 -0)
(0 -0 -0)
(0 -0 -0)
(0 -0 -0)
(0 -0 -0)
(0 -0 -0)
(0 -0 -0)
(0 -0 -0)
(0 -0 -0)
(0 -0 -0)
(0 -0 -0)
(0 -0 -0)
(0 -0 -0)
(0 -0 -0)
(0 -0 -0)
(0 -0 -0)
(0 -0 -0)
(0 -0 -0)
(0 -0 -0)
(0 -0 -0)
(0 -0 -0)
(0 -0 -0)
(0 -0 -0)
(0 -0 -0)
(0 -0 -0)
(0 -0 -0)
(0 -0 -0)
(0 -0 -0)
(0 -0 -0)
(0 -0 -0)
(0 -0 0)
(0 -0 0)
(0 -0 0)
(0 -0 0)
(0 -0 0)
(0 -0 0)
(0 -0 0)
(0 -0 0)
(0 -0 0)
(0 -0 0)
(0 -0 0)
(0 -0 0)
(0 -0 0)
(0 -0 0)
(0 -0 0)
(0 -0 0)
(4.17235 -0 0.360346)
(3.71508 -0 0.420016)
(0 -0 0)
(0 -0 0)
(0 -0 0)
(0 -0 0)
(0 -0 0)
(0 -0 0)
(0 -0 0)
(0 -0 0)
(0 -0 0)
(0 -0 0)
(0 -0 0)
(0 -0 0)
(0 -0 0)
(0 -0 0)
(0 -0 0)
(0 -0 0)
(0 -0 0)
(0 -0 0)
(0 -0 0)
(0 -0 0)
(0 -0 0)
(0 -0 0)
(0 -0 0)
(0 -0 0)
(0 -0 0)
(0 -0 0)
(0 -0 0)
(0 -0 0)
(0 -0 0)
(0 -0 0)
(0 -0 0)
(0 -0 0)
(0 -0 0)
(0 -0 0)
(0 -0 0)
(0 -0 0)
(0 -0 0)
(8.6325e-16 -0 -1.21476e-17)
(0 -0 -0)
(0 -0 -0)
(0 -0 -0)
(0 -0 -0)
(0 -0 -0)
(0 -0 -0)
(0 -0 -0)
(0 -0 -0)
(0 -0 -0)
(0 -0 -0)
(0 -0 -0)
(0 -0 -0)
(0 -0 -0)
(0 -0 -0)
(0 -0 -0)
(0 -0 -0)
(0 -0 -0)
(0 -0 -0)
(0 -0 -0)
(0 -0 -0)
(0 -0 -0)
(0 -0 -0)
(0 -0 -0)
(0 -0 -0)
(0 -0 -0)
(0 -0 -0)
(0 -0 -0)
(0 -0 -0)
(0 -0 -0)
(0 -0 -0)
(0 -0 -0)
(0 -0 -0)
(0 -0 -0)
(0 -0 -0)
(0 -0 -0)
(0 -0 -0)
(0 -0 -0)
(0 -0 -0)
(0 -0 -0)
(0 -0 -0)
(0 -0 -0)
(0 -0 -0)
(0 -0 -0)
(0 -0 -0)
(0 -0 -0)
(0 -0 -0)
(0 -0 -0)
(0 -0 -0)
(0 -0 -0)
(0 -0 -0)
(0 -0 -0)
(0 -0 -0)
(0 -0 -0)
(0 -0 -0)
(0 -0 -0)
(0 -0 -0)
(0 -0 -0)
(0 -0 -0)
(0 -0 -0)
(0 -0 -0)
(0 -0 -0)
(0 -0 -0)
(0 -0 -0)
(0 -0 -0)
(0 -0 -0)
(0 -0 -0)
(0 -0 0)
(0 -0 0)
(0 -0 0)
(0 -0 0)
(0 -0 0)
(0 -0 0)
(0 -0 0)
(0 -0 0)
(0 -0 0)
(0 -0 0)
(0 -0 0)
(0 -0 0)
(0 -0 0)
(0 -0 0)
(4.18285 -0 0.909534)
(3.70836 -0 0.846969)
(0 -0 0)
(0 -0 0)
(0 -0 0)
(0 -0 0)
(0 -0 0)
(0 -0 0)
(0 -0 0)
(0 -0 0)
(0 -0 0)
(0 -0 0)
(0 -0 0)
(0 -0 0)
(0 -0 0)
(0 -0 0)
(0 -0 0)
(0 -0 0)
(0 -0 0)
(0 -0 0)
(0 -0 0)
(0 -0 0)
(0 -0 0)
(0 -0 0)
(0 -0 0)
(0 -0 0)
(0 -0 0)
(0 -0 0)
(0 -0 0)
(0 -0 0)
(0 -0 0)
(0 -0 0)
(0 -0 0)
(0 -0 0)
(0 -0 0)
(0 -0 0)
(0 -0 0)
(0 -0 0)
(0 -0 0)
(0 -0 -0)
(0 -0 -0)
(0 -0 -0)
(0 -0 -0)
(0 -0 -0)
(0 -0 -0)
(0 -0 -0)
(0 -0 -0)
(0 -0 -0)
(0 -0 -0)
(0 -0 -0)
(0 -0 -0)
(0 -0 -0)
(0 -0 -0)
(0 -0 -0)
(0 -0 -0)
(0 -0 -0)
(0 -0 -0)
(0 -0 -0)
(0 -0 -0)
(0 -0 -0)
(0 -0 -0)
(0 -0 -0)
(0 -0 -0)
(0 -0 -0)
(0 -0 -0)
(0 -0 -0)
(0 -0 -0)
(0 -0 -0)
(0 -0 -0)
(0 -0 -0)
(0 -0 -0)
(0 -0 -0)
(0 -0 -0)
(0 -0 -0)
(0 -0 -0)
(0 -0 -0)
(0 -0 -0)
(0 -0 -0)
(0 -0 -0)
(0 -0 -0)
(0 -0 -0)
(0 -0 -0)
(0 -0 -0)
(0 -0 -0)
(0 -0 -0)
(0 -0 -0)
(0 -0 -0)
(0 -0 -0)
(0 -0 -0)
(0 -0 -0)
(0 -0 -0)
(0 -0 -0)
(0 -0 -0)
(0 -0 -0)
(0 -0 -0)
(0 -0 -0)
(0 -0 -0)
(0 -0 -0)
(0 -0 -0)
(0 -0 -0)
(0 -0 -0)
(0 -0 -0)
(0 -0 -0)
(0 -0 -0)
(0 -0 -0)
(0 -0 -0)
(0 -0 -0)
(0 -0 -0)
(0 -0 0)
(0 -0 0)
(0 -0 0)
(0 -0 0)
(0 -0 0)
(0 -0 0)
(0 -0 0)
(0 -0 0)
(0 -0 0)
(0 -0 0)
(0 -0 0)
(0 -0 0)
(4.18519 -0 1.6704)
(3.51387 -0 1.36592)
(0 -0 0)
(0 -0 0)
(0 -0 0)
(0 -0 0)
(0 -0 0)
(0 -0 0)
(0 -0 0)
(0 -0 0)
(0 -0 0)
(0 -0 0)
(0 -0 0)
(0 -0 0)
(0 -0 0)
(0 -0 0)
(0 -0 0)
(0 -0 0)
(0 -0 0)
(0 -0 0)
(0 -0 0)
(0 -0 0)
(0 -0 0)
(0 -0 0)
(0 -0 0)
(0 -0 0)
(0 -0 0)
(0 -0 0)
(0 -0 0)
(0 -0 0)
(0 -0 0)
(0 -0 0)
(0 -0 0)
(0 -0 0)
(0 -0 0)
(0 -0 0)
(0 -0 0)
(0 -0 0)
(0 -0 0)
(0 -0 -0)
(0 -0 -0)
(0 -0 -0)
(0 -0 -0)
(0 -0 -0)
(0 -0 -0)
(0 -0 -0)
(0 -0 -0)
(0 -0 -0)
(0 -0 -0)
(0 -0 -0)
(0 -0 -0)
(0 -0 -0)
(0 -0 -0)
(0 -0 -0)
(0 -0 -0)
(0 -0 -0)
(0 -0 -0)
(0 -0 -0)
(0 -0 -0)
(0 -0 -0)
(0 -0 -0)
(0 -0 -0)
(0 -0 -0)
(0 -0 -0)
(0 -0 -0)
(0 -0 -0)
(0 -0 -0)
(0 -0 -0)
(0 -0 -0)
(0 -0 -0)
(0 -0 -0)
(0 -0 -0)
(0 -0 -0)
(0 -0 -0)
(0 -0 -0)
(0 -0 -0)
(0 -0 -0)
(0 -0 -0)
(0 -0 -0)
(0 -0 -0)
(0 -0 -0)
(0 -0 -0)
(0 -0 -0)
(0 -0 -0)
(0 -0 -0)
(0 -0 -0)
(0 -0 -0)
(0 -0 -0)
(0 -0 -0)
(0 -0 -0)
(0 -0 -0)
(0 -0 -0)
(0 -0 -0)
(0 -0 -0)
(0 -0 -0)
(0 -0 -0)
(0 -0 -0)
(0 -0 -0)
(0 -0 -0)
(0 -0 -0)
(0 -0 -0)
(0 -0 -0)
(0 -0 -0)
(0 -0 -0)
(0 -0 -0)
(0 -0 -0)
(0 -0 -0)
(0 -0 -0)
(0 -0 -0)
(0 -0 -0)
(0 -0 0)
(0 -0 0)
(0 -0 0)
(0 -0 0)
(0 -0 0)
(0 -0 0)
(0 -0 0)
(0 -0 0)
(0 -0 0)
(0 -0 0)
(4.26457 -0 2.51378)
(3.80972 -0 2.56542)
(0 -0 0)
(0 -0 0)
(0 -0 0)
(0 -0 0)
(0 -0 0)
(0 -0 0)
(0 -0 0)
(0 -0 0)
(0 -0 0)
(0 -0 0)
(0 -0 0)
(0 -0 0)
(0 -0 0)
(0 -0 0)
(0 -0 0)
(0 -0 0)
(0 -0 0)
(0 -0 0)
(0 -0 0)
(0 -0 0)
(0 -0 0)
(0 -0 0)
(0 -0 0)
(0 -0 0)
(0 -0 0)
(0 -0 0)
(0 -0 0)
(0 -0 0)
(0 -0 0)
(0 -0 0)
(0 -0 0)
(0 -0 0)
(0 -0 0)
(0 -0 0)
(0 -0 0)
(0 -0 0)
(0 -0 0)
(8.37381e-16 -0 6.78235e-18)
(0 -0 0)
(0 -0 0)
(0 -0 0)
(0 -0 0)
(0 -0 0)
(0 -0 0)
(0 -0 0)
(0 -0 0)
(0 -0 0)
(0 -0 0)
(0 -0 0)
(0 -0 0)
(0 -0 0)
(0 -0 -0)
(0 -0 -0)
(0 -0 -0)
(0 -0 -0)
(0 -0 -0)
(0 -0 -0)
(0 -0 -0)
(0 -0 -0)
(0 -0 -0)
(0 -0 -0)
(0 -0 -0)
(0 -0 -0)
(0 -0 -0)
(0 -0 -0)
(0 -0 -0)
(0 -0 -0)
(0 -0 -0)
(0 -0 -0)
(0 -0 -0)
(0 -0 -0)
(0 -0 -0)
(0 -0 -0)
(0 -0 -0)
(0 -0 -0)
(0 -0 -0)
(0 -0 -0)
(0 -0 -0)
(0 -0 -0)
(0 -0 -0)
(0 -0 -0)
(0 -0 -0)
(0 -0 -0)
(0 -0 -0)
(0 -0 -0)
(0 -0 -0)
(0 -0 -0)
(0 -0 -0)
(0 -0 -0)
(0 -0 -0)
(0 -0 -0)
(0 -0 -0)
(0 -0 -0)
(0 -0 -0)
(0 -0 -0)
(0 -0 -0)
(0 -0 -0)
(0 -0 -0)
(0 -0 -0)
(0 -0 -0)
(0 -0 -0)
(0 -0 -0)
(0 -0 -0)
(0 -0 -0)
(0 -0 -0)
(0 -0 -0)
(0 -0 -0)
(0 -0 -0)
(0 -0 -0)
(0 -0 -0)
(0 -0 0)
(0 -0 0)
(0 -0 0)
(0 -0 0)
(0 -0 0)
(0 -0 0)
(0 -0 0)
(0 -0 0)
(0.839199 -0 0.089692)
(2.73928 -0 0.450094)
(1.35132 -0 0.208586)
(0 -0 0)
(0 -0 0)
(0 -0 0)
(0 -0 0)
(0 -0 0)
(0 -0 0)
(0 -0 0)
(0 -0 0)
(0 -0 0)
(0 -0 0)
(0 -0 0)
(0 -0 0)
(0 -0 0)
(0 -0 0)
(0 -0 0)
(0 -0 0)
(0 -0 0)
(0 -0 0)
(0 -0 0)
(0 -0 0)
(0 -0 0)
(0 -0 0)
(0 -0 0)
(0 -0 0)
(0 -0 0)
(0 -0 0)
(0 -0 0)
(0 -0 0)
(0 -0 0)
(0 -0 0)
(0 -0 0)
(0 -0 0)
(0 -0 0)
(0 -0 0)
(0 -0 0)
(0 -0 0)
(0 -0 0)
(0 -0 0)
(0 -0 0)
(0 -0 0)
(0 -0 0)
(0 -0 0)
(0 -0 0)
(0 -0 0)
(0 -0 0)
(0 -0 0)
(0 -0 0)
(0 -0 0)
(0 -0 0)
(0 -0 0)
(0 -0 0)
(0 -0 0)
(0 -0 0)
(0 -0 0)
(0 -0 0)
(0 -0 0)
(0 -0 0)
(0 -0 -0)
(0 -0 -0)
(0 -0 -0)
(0 -0 -0)
(0 -0 -0)
(0 -0 -0)
(0 -0 -0)
(0 -0 -0)
(0 -0 -0)
(0 -0 -0)
(0 -0 -0)
(0 -0 -0)
(0 -0 -0)
(0 -0 -0)
(0 -0 -0)
(0 -0 -0)
(0 -0 -0)
(0 -0 -0)
(0 -0 -0)
(0 -0 -0)
(0 -0 -0)
(0 -0 -0)
(0 -0 -0)
(0 -0 -0)
(0 -0 -0)
(0 -0 -0)
(0 -0 -0)
(0 -0 -0)
(0 -0 -0)
(0 -0 -0)
(0 -0 -0)
(0 -0 -0)
(0 -0 -0)
(0 -0 -0)
(0 -0 -0)
(0 -0 -0)
(0 -0 -0)
(0 -0 -0)
(0 -0 -0)
(0 -0 -0)
(0 -0 -0)
(0 -0 -0)
(0 -0 -0)
(0 -0 -0)
(0 -0 -0)
(0 -0 -0)
(0 -0 -0)
(0 -0 -0)
(0 -0 -0)
(0 -0 -0)
(0 -0 -0)
(0 -0 -0)
(0 -0 -0)
(0 -0 -0)
(0 -0 -0)
(0 -0 -0)
(0 -0 -0)
(0 -0 -0)
(0 -0 -0)
(0 -0 -0)
(0 -0 -0)
(2.75262 -0 -1.5396)
(2.48444 -0 -0.511275)
(0 -0 -0)
(0 -0 0)
(0 -0 0)
(0 -0 0)
(0 -0 0)
(0 -0 0)
(0 -0 0)
(0 -0 0)
(0 -0 0)
(0 -0 0)
(0 -0 0)
(0 -0 0)
(0 -0 0)
(0 -0 0)
(0 -0 0)
(0 -0 0)
(0 -0 0)
(0 -0 0)
(0 -0 0)
(0 -0 0)
(0 -0 0)
(0 -0 0)
(0 -0 0)
(0 -0 0)
(0 -0 0)
(0 -0 0)
(0 -0 0)
(0 -0 0)
(0 -0 0)
(0 -0 0)
(0 -0 0)
(0 -0 0)
(0 -0 0)
(0 -0 0)
(0 -0 0)
(0 -0 0)
(0 -0 0)
(0 -0 0)
(0 -0 0)
(0 -0 0)
(0 -0 0)
(0 -0 0)
(0 -0 0)
(0 -0 0)
(0 -0 0)
(0 -0 0)
(0 -0 0)
(0 -0 0)
(0 -0 0)
(0 -0 0)
(0 -0 0)
(0 -0 0)
(0 -0 0)
(0 -0 0)
(0 -0 0)
(0 -0 0)
(0 -0 0)
(0 -0 0)
(0 -0 0)
(0 -0 0)
(0 -0 -0)
(0 -0 -0)
(0 -0 -0)
(0 -0 -0)
(0 -0 -0)
(0 -0 -0)
(0 -0 -0)
(0 -0 -0)
(0 -0 -0)
(0 -0 -0)
(0 -0 -0)
(0 -0 -0)
(0 -0 -0)
(0 -0 -0)
(0 -0 -0)
(0 -0 -0)
(0 -0 -0)
(0 -0 -0)
(0 -0 -0)
(0 -0 -0)
(0 -0 -0)
(0 -0 -0)
(0 -0 -0)
(0 -0 -0)
(0 -0 -0)
(0 -0 -0)
(0 -0 -0)
(0 -0 -0)
(0 -0 -0)
(0 -0 -0)
(0 -0 -0)
(0 -0 -0)
(0 -0 -0)
(0 -0 -0)
(0 -0 -0)
(0 -0 -0)
(0 -0 -0)
(0 -0 -0)
(0 -0 -0)
(0 -0 -0)
(0 -0 -0)
(0 -0 -0)
(0 -0 -0)
(0 -0 -0)
(0 -0 -0)
(0 -0 -0)
(0 -0 -0)
(0 -0 -0)
(0 -0 -0)
(0 -0 -0)
(0 -0 -0)
(0 -0 -0)
(0 -0 -0)
(0 -0 -0)
(0 -0 -0)
(0 -0 -0)
(0 -0 -0)
(0 -0 -0)
(3.3192 -0 -1.26289)
(3.0222 -0 -0.702012)
(0 -0 -0)
(0 -0 -0)
(0 -0 -0)
(0 -0 0)
(0 -0 0)
(0 -0 0)
(0 -0 0)
(0 -0 0)
(0 -0 0)
(0 -0 0)
(0 -0 0)
(0 -0 0)
(0 -0 0)
(0 -0 0)
(0 -0 0)
(0 -0 0)
(0 -0 0)
(0 -0 0)
(0 -0 0)
(0 -0 0)
(0 -0 0)
(0 -0 0)
(0 -0 0)
(0 -0 0)
(0 -0 0)
(0 -0 0)
(0 -0 0)
(0 -0 0)
(0 -0 0)
(0 -0 0)
(0 -0 0)
(0 -0 0)
(0 -0 0)
(0 -0 0)
(0 -0 0)
(0 -0 0)
(9.7582e-16 -0 4.58296e-17)
(0 -0 0)
(0 -0 0)
(0 -0 0)
(0 -0 0)
(0 -0 0)
(0 -0 0)
(0 -0 0)
(0 -0 0)
(0 -0 0)
(0 -0 0)
(0 -0 0)
(0 -0 0)
(0 -0 0)
(0 -0 0)
(0 -0 0)
(0 -0 0)
(0 -0 0)
(0 -0 0)
(0 -0 0)
(0 -0 0)
(0 -0 0)
(0 -0 0)
(0 -0 0)
(0 -0 0)
(0 -0 -0)
(0 -0 -0)
(0 -0 -0)
(0 -0 -0)
(0 -0 -0)
(0 -0 -0)
(0 -0 -0)
(0 -0 -0)
(0 -0 -0)
(0 -0 -0)
(0 -0 -0)
(0 -0 -0)
(0 -0 -0)
(0 -0 -0)
(0 -0 -0)
(0 -0 -0)
(0 -0 -0)
(0 -0 -0)
(0 -0 -0)
(0 -0 -0)
(0 -0 -0)
(0 -0 -0)
(0 -0 -0)
(0 -0 -0)
(0 -0 -0)
(0 -0 -0)
(0 -0 -0)
(0 -0 -0)
(0 -0 -0)
(0 -0 -0)
(0 -0 -0)
(0 -0 -0)
(0 -0 -0)
(0 -0 -0)
(0 -0 -0)
(0 -0 -0)
(0 -0 -0)
(0 -0 -0)
(0 -0 -0)
(0 -0 -0)
(0 -0 -0)
(0 -0 -0)
(0 -0 -0)
(0 -0 -0)
(0 -0 -0)
(0 -0 -0)
(0 -0 -0)
(0 -0 -0)
(0 -0 -0)
(0 -0 -0)
(0 -0 -0)
(0 -0 -0)
(0 -0 -0)
(0 -0 -0)
(0 -0 -0)
(0 -0 -0)
(0 -0 -0)
(3.68764 -0 -1.20488)
(3.37786 -0 -0.807719)
(0 -0 -0)
(0 -0 -0)
(0 -0 -0)
(0 -0 -0)
(0 -0 -0)
(0 -0 0)
(0 -0 0)
(0 -0 0)
(0 -0 0)
(0 -0 0)
(0 -0 0)
(0 -0 0)
(0 -0 0)
(0 -0 0)
(0 -0 0)
(0 -0 0)
(0 -0 0)
(0 -0 0)
(0 -0 0)
(0 -0 0)
(0 -0 0)
(0 -0 0)
(0 -0 0)
(0 -0 0)
(0 -0 0)
(0 -0 0)
(0 -0 0)
(0 -0 0)
(0 -0 0)
(0 -0 0)
(0 -0 0)
(0 -0 0)
(0 -0 0)
(0 -0 0)
(0 -0 0)
(0 -0 0)
(0 -0 0)
(0 -0 0)
(0 -0 0)
(0 -0 0)
(0 -0 0)
(0 -0 0)
(0 -0 0)
(0 -0 0)
(0 -0 0)
(0 -0 0)
(0 -0 0)
(0 -0 0)
(0 -0 0)
(0 -0 0)
(0 -0 0)
(0 -0 0)
(0 -0 0)
(0 -0 0)
(0 -0 0)
(0 -0 0)
(0 -0 0)
(0 -0 0)
(0 -0 0)
(0 -0 0)
(0 -0 0)
(0 -0 -0)
(0 -0 -0)
(0 -0 -0)
(0 -0 -0)
(0 -0 -0)
(0 -0 -0)
(0 -0 -0)
(0 -0 -0)
(-0 -0 -0)
(-0 -0 -0)
(-0 -0 -0)
(0 -0 -0)
(0 -0 -0)
(0 -0 -0)
(0 -0 -0)
(0 -0 -0)
(0 -0 -0)
(0 -0 -0)
(0 -0 -0)
(0 -0 -0)
(0 -0 -0)
(0 -0 -0)
(0 -0 -0)
(0 -0 -0)
(0 -0 -0)
(0 -0 -0)
(0 -0 -0)
(0 -0 -0)
(0 -0 -0)
(0 -0 -0)
(0 -0 -0)
(0 -0 -0)
(0 -0 -0)
(0 -0 -0)
(0 -0 -0)
(0 -0 -0)
(0 -0 -0)
(0 -0 -0)
(0 -0 -0)
(0 -0 -0)
(0 -0 -0)
(0 -0 -0)
(0 -0 -0)
(0 -0 -0)
(0 -0 -0)
(0 -0 -0)
(0 -0 -0)
(0 -0 -0)
(0 -0 -0)
(0 -0 -0)
(0 -0 -0)
(0 -0 -0)
(0 -0 -0)
(0 -0 -0)
(0 -0 -0)
(0 -0 -0)
(0 -0 -0)
(4.07065 -0 -1.35395)
(3.68464 -0 -0.922132)
(0 -0 -0)
(0 -0 -0)
(0 -0 -0)
(0 -0 -0)
(0 -0 -0)
(0 -0 -0)
(0 -0 0)
(0 -0 0)
(0 -0 0)
(0 -0 0)
(0 -0 0)
(0 -0 0)
(0 -0 0)
(0 -0 0)
(0 -0 0)
(0 -0 0)
(0 -0 0)
(0 -0 0)
(0 -0 0)
(0 -0 0)
(0 -0 0)
(0 -0 0)
(0 -0 0)
(0 -0 0)
(0 -0 0)
(0 -0 0)
(0 -0 0)
(0 -0 0)
(0 -0 0)
(0 -0 0)
(0 -0 0)
(0 -0 0)
(0 -0 0)
(0 -0 0)
(0 -0 0)
(0 -0 0)
(0 -0 0)
(0 -0 0)
(0 -0 0)
(0 -0 0)
(0 -0 0)
(0 -0 0)
(0 -0 0)
(0 -0 0)
(0 -0 0)
(0 -0 0)
(0 -0 0)
(0 -0 0)
(0 -0 0)
(0 -0 0)
(0 -0 0)
(0 -0 0)
(0 -0 0)
(0 -0 0)
(0 -0 0)
(0 -0 0)
(0 -0 0)
(0 -0 0)
(0 -0 0)
(0 -0 0)
(0 -0 -0)
(0 -0 -0)
(0 -0 -0)
(0 -0 -0)
(-0 -0 -0)
(-0 -0 -0)
(-0 -0 -0)
(-0 -0 -0)
(-0 -0 -0)
(-0 -0 -0)
(-0 -0 -0)
(-0 -0 -0)
(0 -0 -0)
(0 -0 -0)
(0 -0 -0)
(0 -0 -0)
(0 -0 -0)
(0 -0 -0)
(0 -0 -0)
(0 -0 -0)
(0 -0 -0)
(0 -0 -0)
(0 -0 -0)
(0 -0 -0)
(0 -0 -0)
(0 -0 -0)
(0 -0 -0)
(0 -0 -0)
(0 -0 -0)
(0 -0 -0)
(0 -0 -0)
(0 -0 -0)
(0 -0 -0)
(0 -0 -0)
(0 -0 -0)
(0 -0 -0)
(0 -0 -0)
(0 -0 -0)
(0 -0 -0)
(0 -0 -0)
(0 -0 -0)
(0 -0 -0)
(0 -0 -0)
(0 -0 -0)
(0 -0 -0)
(0 -0 -0)
(0 -0 -0)
(0 -0 -0)
(0 -0 -0)
(0 -0 -0)
(0 -0 -0)
(0 -0 -0)
(0 -0 -0)
(0 -0 -0)
(0 -0 -0)
(0 -0 -0)
(0 -0 -0)
(0 -0 -0)
(4.71003 -0 -1.48995)
(3.99617 -0 -0.893935)
(0 -0 -0)
(0 -0 -0)
(0 -0 -0)
(0 -0 -0)
(0 -0 -0)
(0 -0 -0)
(0 -0 -0)
(0 -0 -0)
(0 -0 0)
(0 -0 0)
(0 -0 0)
(0 -0 0)
(0 -0 0)
(0 -0 0)
(0 -0 0)
(0 -0 0)
(0 -0 0)
(0 -0 0)
(0 -0 0)
(0 -0 0)
(0 -0 0)
(0 -0 0)
(0 -0 0)
(0 -0 0)
(0 -0 0)
(0 -0 0)
(0 -0 0)
(0 -0 0)
(0 -0 0)
(0 -0 0)
(0 -0 0)
(0 -0 0)
(0 -0 0)
(0 -0 0)
(0 -0 0)
(0 -0 0)
(0 -0 0)
(0 -0 0)
(0 -0 0)
(0 -0 0)
(0 -0 0)
(0 -0 0)
(0 -0 0)
(0 -0 0)
(0 -0 0)
(0 -0 0)
(0 -0 0)
(0 -0 0)
(0 -0 0)
(0 -0 0)
(0 -0 0)
(0 -0 0)
(0 -0 0)
(0 -0 0)
(0 -0 0)
(0 -0 0)
(0 -0 0)
(0 -0 0)
(-0 -0 0)
(-0 -0 -0)
(-0 -0 -0)
(-0 -0 -0)
(-0 -0 -0)
(-0 -0 -0)
(-0 -0 -0)
(-0 -0 -0)
(-0 -0 -0)
(-0 -0 -0)
(-0 -0 -0)
(-0 -0 -0)
(0 -0 -0)
(0 -0 -0)
(0 -0 -0)
(0 -0 -0)
(0 -0 -0)
(0 -0 -0)
(0 -0 -0)
(0 -0 0)
(0 -0 0)
(0 -0 0)
(0 -0 0)
(0 -0 0)
(0 -0 0)
(0 -0 0)
(0 -0 0)
(0 -0 0)
(0 -0 0)
(0 -0 0)
(0 -0 0)
(0 -0 0)
(0 -0 0)
(0 -0 0)
(0 -0 0)
(0 -0 0)
(0 -0 -0)
(0 -0 -0)
(0 -0 -0)
(0 -0 -0)
(0 -0 -0)
(0 -0 -0)
(0 -0 -0)
(0 -0 -0)
(0 -0 -0)
(0 -0 -0)
(0 -0 -0)
(0 -0 -0)
(0 -0 -0)
(0 -0 -0)
(0 -0 -0)
(0 -0 -0)
(0 -0 -0)
(0 -0 -0)
(0 -0 -0)
(0 -0 -0)
(0 -0 -0)
(0 -0 -0)
(0 -0 -0)
(0 -0 -0)
(5.93303 -0 -0.991359)
(4.46205 -0 -0.174846)
(0 -0 -0)
(0 -0 -0)
(0 -0 -0)
(0 -0 -0)
(0 -0 -0)
(0 -0 -0)
(0 -0 -0)
(0 -0 -0)
(0 -0 0)
(0 -0 0)
(0 -0 0)
(0 -0 0)
(0 -0 0)
(0 -0 0)
(0 -0 0)
(0 -0 0)
(0 -0 0)
(0 -0 0)
(0 -0 0)
(0 -0 0)
(0 -0 0)
(0 -0 0)
(0 -0 0)
(0 -0 0)
(0 -0 0)
(0 -0 0)
(0 -0 0)
(0 -0 0)
(0 -0 0)
(0 -0 0)
(0 -0 0)
(0 -0 0)
(0 -0 0)
(0 -0 0)
(0 -0 0)
(0 -0 0)
(0 -0 0)
(0 -0 0)
(0 -0 0)
(0 -0 0)
(0 -0 0)
(0 -0 0)
(0 -0 0)
(0 -0 0)
(0 -0 0)
(0 -0 0)
(0 -0 0)
(0 -0 0)
(0 -0 0)
(0 -0 0)
(0 -0 0)
(0 -0 0)
(0 -0 0)
(0 -0 0)
(-0 -0 0)
(-0 -0 0)
(-0 -0 0)
(-0 -0 0)
(-0 -0 -0)
(-0 -0 -0)
(-0 -0 -0)
(-0 -0 -0)
(-0 -0 -0)
(-0 -0 -0)
(-0 -0 -0)
(-0 -0 -0)
(-0 -0 -0)
(-0 -0 -0)
(0 -0 -0)
(0 -0 -0)
(0 -0 -0)
(0 -0 -0)
(0 -0 -0)
(0 -0 -0)
(0 -0 -0)
(0 -0 0)
(0 -0 0)
(0 -0 0)
(0 -0 0)
(0 -0 0)
(0 -0 0)
(0 -0 0)
(0 -0 0)
(0 -0 0)
(0 -0 0)
(0 -0 0)
(0 -0 0)
(0 -0 0)
(0 -0 0)
(0 -0 0)
(0 -0 0)
(0 -0 0)
(0 -0 0)
(0 -0 0)
(0 -0 0)
(0 -0 0)
(0 -0 0)
(0 -0 0)
(0 -0 -0)
(0 -0 -0)
(0 -0 -0)
(0 -0 -0)
(0 -0 -0)
(0 -0 -0)
(0 -0 -0)
(0 -0 -0)
(0 -0 -0)
(0 -0 -0)
(0 -0 -0)
(0 -0 -0)
(0 -0 -0)
(0 -0 -0)
(0 -0 -0)
(0 -0 -0)
(0 -0 -0)
(0 -0 -0)
(0 -0 -0)
(0.0921774 -0 -0.0658005)
(5.45278 -0 -3.42728)
(5.00447 -0 -5.91766)
(0.826337 -0 -1.11607)
(0 -0 -0)
(0 -0 -0)
(0 -0 -0)
(0 -0 -0)
(0 -0 -0)
(0 -0 -0)
(0 -0 -0)
(0 -0 -0)
(0 -0 0)
(0 -0 0)
(0 -0 0)
(0 -0 0)
(0 -0 0)
(0 -0 0)
(0 -0 0)
(0 -0 0)
(0 -0 0)
(0 -0 0)
(0 -0 0)
(0 -0 0)
(0 -0 0)
(0 -0 0)
(0 -0 0)
(0 -0 0)
(0 -0 0)
(0 -0 0)
(0 -0 0)
(0 -0 0)
(0 -0 0)
(0 -0 0)
(0 -0 0)
(0 -0 0)
(0 -0 0)
(0 -0 0)
(0 -0 0)
(0 -0 0)
(0 -0 0)
(0 -0 0)
(0 -0 0)
(0 -0 0)
(0 -0 0)
(0 -0 0)
(0 -0 0)
(0 -0 0)
(0 -0 0)
(0 -0 0)
(0 -0 0)
(0 -0 0)
(0 -0 0)
(0 -0 0)
(0 -0 0)
(0 -0 0)
(-0 -0 0)
(-0 -0 0)
(-0 -0 0)
(-0 -0 0)
(-0 -0 0)
(-0 -0 0)
(-0 -0 0)
(-0 -0 0)
(-0 -0 -0)
(-0 -0 -0)
(-0 -0 -0)
(-0 -0 -0)
(-0 -0 -0)
(-0 -0 -0)
(0 -0 -0)
(0 -0 -0)
(0 -0 -0)
(0 -0 -0)
(0 -0 -0)
(0 -0 -0)
(0 -0 -0)
(0 -0 0)
(0 -0 0)
(0 -0 0)
(0 -0 -0)
(0 -0 -0)
(0 -0 -0)
(0 -0 0)
(0 -0 0)
(0 -0 0)
(0 -0 0)
(0 -0 0)
(0 -0 0)
(0 -0 0)
(0 -0 0)
(0 -0 0)
(0 -0 0)
(0 -0 0)
(0 -0 0)
(0 -0 0)
(0 -0 0)
(0 -0 0)
(0 -0 0)
(0 -0 0)
(0 -0 0)
(0 -0 0)
(0 -0 0)
(0 -0 -0)
(0 -0 -0)
(0 -0 -0)
(0 -0 -0)
(0 -0 -0)
(0 -0 -0)
(0 -0 -0)
(0 -0 -0)
(0 -0 -0)
(0 -0 -0)
(0 -0 -0)
(0 -0 -0)
(0 -0 -0)
(0 -0 -0)
(0 -0 -0)
(0 -0 -0)
(0 -0 -0)
(0 -0 -0)
(0.0823525 -0 -0.0877618)
(7.78535 -0 -8.78372)
(5.40911 -0 -3.91121)
(0 -0 -0)
(0 -0 -0)
(0 -0 -0)
(0 -0 -0)
(0 -0 -0)
(0 -0 -0)
(0 -0 -0)
(0 -0 -0)
(0 -0 -0)
(0 -0 0)
(0 -0 0)
(0 -0 0)
(0 -0 0)
(0 -0 0)
(0 -0 0)
(0 -0 0)
(0 -0 0)
(0 -0 0)
(0 -0 0)
(0 -0 0)
(0 -0 0)
(0 -0 0)
(0 -0 0)
(0 -0 0)
(0 -0 0)
(0 -0 0)
(0 -0 0)
(0 -0 0)
(0 -0 0)
(0 -0 0)
(0 -0 0)
(0 -0 0)
(0 -0 0)
(0 -0 0)
(0 -0 0)
(0 -0 -0)
(0 -0 -0)
(0 -0 -0)
(0 -0 -0)
(0 -0 -0)
(0 -0 -0)
(0 -0 -0)
(0 -0 -0)
(0 -0 -0)
(0 -0 -0)
(0 -0 -0)
(0 -0 -0)
(0 -0 -0)
(0 -0 -0)
(0 -0 -0)
(0 -0 -0)
(0 -0 0)
(-0 -0 0)
(-0 -0 0)
(-0 -0 0)
(-0 -0 0)
(-0 -0 0)
(-0 -0 0)
(-0 -0 0)
(-0 -0 0)
(-0 -0 0)
(-0 -0 0)
(-0 -0 0)
(-0 -0 0)
(-0 -0 0)
(-0 -0 0)
(-0 -0 0)
(0 -0 0)
(0 -0 0)
(0 -0 0)
(0 -0 0)
(0 -0 0)
(0 -0 0)
(0 -0 -0)
(0 -0 -0)
(0 -0 -0)
(0 -0 -0)
(0 -0 -0)
(0 -0 -0)
(0 -0 -0)
(0 -0 -0)
(0 -0 -0)
(0 -0 -0)
(0 -0 0)
(0 -0 0)
(0 -0 0)
(0 -0 0)
(0 -0 0)
(0.00281837 -0 6.0128e-05)
(0.00482404 -0 6.21947e-05)
(0.0156726 -0 7.02956e-05)
(0.0135368 -0 4.33294e-05)
(0.0218655 -0 0.000167102)
(0.0211745 -0 0.00021643)
(0.0270205 -0 0.000324082)
(0.0265611 -0 0.000162657)
(0.027073 -0 8.56065e-05)
(0.0218842 -0 5.39371e-05)
(0.0193277 -0 8.43843e-05)
(0.0164128 -0 1.20243e-05)
(0.0133574 -0 -9.65168e-06)
(0.0180197 -0 -4.6043e-05)
(0.0305983 -0 -5.46487e-05)
(0.04264 -0 -9.14027e-07)
(0.0444895 -0 -3.66579e-06)
(0.0484304 -0 -2.15851e-05)
(0.0590174 -0 -8.04718e-05)
(0.0680179 -0 -0.000149997)
(0.0605473 -0 -0.000329898)
(0.0523183 -0 -0.000674215)
(0.0371771 -0 -0.000525095)
(0.0308857 -0 -0.000769207)
(0.0139781 -0 -0.000427713)
(0.013093 -0 -0.000352816)
(0 -0 -0)
(0 -0 -0)
(0 -0 -0)
(0 -0 -0)
(8.80753 -0 -3.65092)
(7.27381 -0 -1.87054)
(0 -0 -0)
(0 -0 -0)
(0 -0 -0)
(0 -0 -0)
(0 -0 -0)
(0 -0 -0)
(0 -0 -0)
(0 -0 -0)
(0 -0 -0)
(0 -0 0)
(0 -0 0)
(0 -0 0)
(0 -0 0)
(0 -0 0)
(0 -0 0)
(0 -0 0)
(0 -0 0)
(0 -0 0)
(0 -0 0)
(0 -0 0)
(0 -0 0)
(0 -0 0)
(0 -0 0)
(0 -0 0)
(0 -0 0)
(0 -0 0)
(0 -0 0)
(0 -0 0)
(0 -0 0)
(0 -0 0)
(0 -0 0)
(0 -0 0)
(0 -0 0)
(0 -0 0)
(0 -0 0)
(0 -0 -0)
(0 -0 -0)
(0 -0 -0)
(0 -0 -0)
(0 -0 -0)
(0 -0 -0)
(0 -0 -0)
(0 -0 -0)
(0 -0 -0)
(0 -0 -0)
(0 -0 -0)
(0 -0 -0)
(0 -0 -0)
(0 -0 -0)
(0 -0 -0)
(0 -0 -0)
(0 -0 -0)
(0 -0 0)
(0 -0 0)
(0 -0 0)
(-0 -0 0)
(-0 -0 0)
(-0 -0 0)
(-0 -0 0)
(-0 -0 0)
(-0 -0 0)
(-0 -0 0)
(-0 -0 0)
(-0 -0 0)
(-0 -0 0)
(-0 -0 0)
(-0 -0 0)
(-0 -0 0)
(-0 -0 0)
(-0 -0 0)
(-0 -0 0)
(-0 -0 0)
(-0 -0 0)
(-0 -0 -0)
(-0 -0 -0)
(-0 -0 -0)
(-0 -0 -0)
(0 -0 -0)
(0 -0 -0)
(0 -0 -0)
(0 -0 -0)
(0 -0 -0)
(0.00552232 -0 -0.000219025)
(0.0130853 -0 -9.41366e-05)
(0.024377 -0 -3.6957e-05)
(0.0309995 -0 1.90034e-05)
(0.031981 -0 -0.00203959)
(0.0235816 -0 -0.0038461)
(0.0233475 -0 -0.00525771)
(0.0476821 -0 -0.00904476)
(0.0589643 -0 -0.00821465)
(0.0627433 -0 -0.00786653)
(0.0518596 -0 -0.00824824)
(0.0421101 -0 -0.00841479)
(0.0281784 -0 -0.00634891)
(0.0276086 -0 -0.00439467)
(0.0246939 -0 -0.00269084)
(0.00292276 -0 -0.000407985)
(-0.00942694 -0 0.0010289)
(-0.021397 -0 0.00174849)
(-0.0406604 -0 0.00248541)
(-0.0157541 -0 0.00103219)
(0.0395357 -0 -0.00186318)
(0.0737339 -0 -0.00105278)
(0.0573937 -0 0.000717361)
(0.0502163 -0 0.00171612)
(0.11148 -0 0.00628237)
(0.15961 -0 0.0136457)
(0.114456 -0 0.0150027)
(0.0930724 -0 0.0159353)
(0.0736885 -0 0.0145043)
(0.0521846 -0 0.0121232)
(0.0475731 -0 0.0119478)
(0.083974 -0 0.0178923)
(0.151429 -0 0.020094)
(0.184127 -0 0.00839777)
(0.0760332 -0 0.000198509)
(0.0845331 -0 0.000215749)
(10.1227 -0 2.69028)
(7.78454 -0 2.92044)
(0 -0 0)
(0 -0 -0)
(0 -0 -0)
(0 -0 -0)
(0 -0 -0)
(0 -0 -0)
(0 -0 -0)
(0 -0 -0)
(0 -0 -0)
(0 -0 -0)
(0 -0 0)
(0 -0 0)
(0 -0 0)
(0 -0 0)
(0 -0 0)
(0 -0 0)
(0 -0 0)
(0 -0 0)
(0 -0 0)
(0 -0 0)
(0 -0 0)
(0 -0 0)
(0 -0 0)
(0 -0 0)
(0 -0 0)
(0 -0 0)
(0 -0 0)
(0 -0 0)
(0 -0 0)
(0 -0 0)
(0 -0 0)
(0 -0 0)
(0 -0 0)
(0 -0 0)
(0 -0 0)
(-2.7753e-16 -0 -1.41341e-15)
(0 -0 -0)
(0 -0 -0)
(0 -0 -0)
(0 -0 -0)
(0 -0 -0)
(0 -0 -0)
(0 -0 -0)
(0 -0 -0)
(0 -0 -0)
(0 -0 -0)
(0 -0 -0)
(0 -0 -0)
(0 -0 -0)
(0 -0 -0)
(0 -0 -0)
(0 -0 -0)
(0 -0 0)
(0 -0 0)
(0 -0 0)
(0 -0 0)
(0 -0 0)
(0 -0 0)
(0 -0 0)
(-0 -0 0)
(-0 -0 0)
(-0 -0 0)
(-0 -0 0)
(-0 -0 0)
(-0 -0 0)
(-0 -0 0)
(-0 -0 0)
(-0 -0 0)
(-0 -0 0)
(-0 -0 0)
(-0 -0 0)
(-0 -0 0)
(-0 -0 0)
(-0 -0 -0)
(-0 -0 -0)
(-0 -0 -0)
(-0 -0 -0)
(-0 -0 -0)
(-0.000868893 -0 -0.000233957)
(0.00212919 -0 -0.000368575)
(0.0203424 -0 -0.00194382)
(0.0617877 -0 -0.0151969)
(0.0859485 -0 -0.02129)
(0.0912655 -0 -0.0160858)
(0.136942 -0 -0.0180615)
(0.163119 -0 -0.0205385)
(0.119178 -0 -0.0179608)
(0.0949824 -0 -0.0170581)
(0.100699 -0 -0.0175588)
(0.123664 -0 -0.0151954)
(0.138355 -0 -0.00893082)
(0.14258 -0 -0.00567209)
(0.119456 -0 -0.0059246)
(0.100809 -0 -0.00634515)
(0.0494262 -0 -0.00418296)
(0.0183657 -0 -0.00229685)
(-0.00193369 -0 -0.000745906)
(-0.0463635 -0 0.00536867)
(-0.0791717 -0 0.0095426)
(-0.0719536 -0 0.00744061)
(-0.117299 -0 0.00995335)
(-0.0695817 -0 0.00492666)
(0.0442433 -0 -0.00238151)
(0.0270209 -0 -0.00104621)
(0.0610358 -0 -0.00157634)
(0.12817 -0 -0.00116778)
(0.201527 -0 0.00282444)
(0.259784 -0 0.00971)
(0.206806 -0 0.0109847)
(0.17935 -0 0.0136617)
(0.118939 -0 0.0119617)
(0.117044 -0 0.0107013)
(0.145256 -0 0.0102202)
(0.434471 -0 0.0341741)
(0.617142 -0 0.0848829)
(0.927481 -0 0.197993)
(0.624988 -0 0.152215)
(0.598834 -0 0.134831)
(9.0911 -0 7.8257)
(4.21372 -0 6.50088)
(0.544457 -0 0.460403)
(0 -0 0)
(0 -0 -0)
(0 -0 -0)
(0 -0 -0)
(0 -0 -0)
(0 -0 -0)
(0 -0 -0)
(0 -0 -0)
(0 -0 -0)
(0 -0 0)
(0 -0 0)
(0 -0 0)
(0 -0 0)
(0 -0 0)
(0 -0 0)
(0 -0 0)
(0 -0 0)
(0 -0 0)
(0 -0 0)
(0 -0 0)
(0 -0 0)
(0 -0 0)
(0 -0 0)
(0 -0 0)
(0 -0 0)
(0 -0 0)
(0 -0 0)
(0 -0 0)
(0 -0 0)
(0 -0 0)
(0 -0 0)
(0 -0 0)
(0 -0 0)
(0 -0 0)
(-0 -0 -0)
(-0 -0 -0)
(-0 -0 -0)
(-0 -0 -0)
(0 -0 -0)
(0 -0 -0)
(0 -0 -0)
(0 -0 -0)
(0 -0 -0)
(0 -0 -0)
(0 -0 -0)
(0 -0 -0)
(0 -0 -0)
(0 -0 -0)
(0 -0 -0)
(0 -0 -0)
(0 -0 -0)
(0 -0 0)
(0 -0 0)
(0 -0 0)
(0.00115333 -0 2.13918e-05)
(0.00489007 -0 6.75729e-05)
(0.00777716 -0 9.87177e-05)
(0.00582627 -0 4.36989e-05)
(0.00283983 -0 3.0294e-05)
(0.000823415 -0 2.72269e-05)
(-0.00130024 -0 2.72159e-05)
(-0.00462096 -0 2.4831e-05)
(-0.00841116 -0 1.99031e-05)
(-0.0124099 -0 9.36194e-06)
(-0.0149103 -0 9.62787e-07)
(-0.015026 -0 3.89948e-06)
(-0.0145775 -0 1.66691e-06)
(-0.0157413 -0 4.54874e-07)
(-0.0181141 -0 4.61863e-06)
(-0.0243749 -0 1.83763e-05)
(-0.0318634 -0 2.42724e-05)
(-0.0436784 -0 -8.98379e-06)
(-0.0538939 -0 -8.25901e-05)
(-0.0585006 -0 0.00103347)
(-0.0451663 -0 0.00283432)
(-0.0273284 -0 0.00414023)
(-0.0182181 -0 0.00423378)
(0.000592908 -0 0.00316322)
(0.0380594 -0 -0.00163858)
(0.116475 -0 -0.0143638)
(0.232026 -0 -0.0361514)
(0.276642 -0 -0.0322756)
(0.293781 -0 -0.0274398)
(0.383177 -0 -0.0458712)
(0.354469 -0 -0.04594)
(0.327209 -0 -0.042476)
(0.266152 -0 -0.0339308)
(0.221717 -0 -0.0245218)
(0.174082 -0 -0.019712)
(0.216017 -0 -0.0274099)
(0.177922 -0 -0.0209617)
(0.213904 -0 -0.0189954)
(0.170602 -0 -0.0108099)
(0.0924015 -0 -0.00388778)
(0.120795 -0 -0.00356043)
(0.000785848 -0 -0.000354754)
(-0.264315 -0 0.0195042)
(-0.36093 -0 0.0282633)
(-0.184798 -0 0.0167552)
(-0.338382 -0 0.0285021)
(-0.181539 -0 0.0132893)
(0.173251 -0 -0.00786271)
(-0.00807576 -0 0.000364559)
(0.155913 -0 -0.00302841)
(0.470928 -0 -0.000932948)
(0.599047 -0 0.00753167)
(0.738037 -0 0.020481)
(0.657351 -0 0.0189622)
(0.660933 -0 0.00964519)
(0.297734 -0 0.0030259)
(0.480788 -0 0.00749903)
(0.792216 -0 0.0142523)
(1.40945 -0 0.0548748)
(1.37079 -0 0.0860534)
(1.73121 -0 0.18609)
(1.89762 -0 0.334257)
(1.938 -0 0.405093)
(6.28103 -0 2.54961)
(1.35656 -0 4.53125)
(-0.0348554 -0 0.497207)
(0 -0 0)
(0 -0 -0)
(0 -0 -0)
(0 -0 -0)
(0 -0 -0)
(0 -0 -0)
(0 -0 -0)
(0 -0 -0)
(0 -0 -0)
(0 -0 0)
(0 -0 0)
(0 -0 0)
(0 -0 0)
(0 -0 0)
(0 -0 0)
(0 -0 0)
(0 -0 0)
(0 -0 0)
(0 -0 0)
(0 -0 0)
(0 -0 0)
(0 -0 0)
(0 -0 0)
(0 -0 0)
(0 -0 0)
(0 -0 0)
(0 -0 0)
(0 -0 0)
(0 -0 0)
(0 -0 0)
(0 -0 0)
(0 -0 0)
(0 -0 0)
(0 -0 0)
(-0 -0 -0)
(-0 -0 -0)
(-0 -0 -0)
(-0.000868524 -0 -3.08499e-05)
(-0.00422568 -0 -0.000878883)
(0.0236329 -0 -0.000710248)
(0.0631213 -0 -0.000943098)
(0.127661 -0 -0.000395668)
(0.175525 -0 -1.63462e-05)
(0.194494 -0 -2.3763e-05)
(0.191343 -0 -3.61958e-05)
(0.199617 -0 -3.32447e-05)
(0.190115 -0 -1.19616e-06)
(0.198773 -0 -4.32553e-05)
(0.224297 -0 -1.36017e-05)
(0.247525 -0 -2.61868e-05)
(0.262894 -0 -1.73129e-05)
(0.250235 -0 1.36476e-05)
(0.246458 -0 -0.00460375)
(0.166523 -0 -0.0111026)
(0.114402 -0 -0.0119358)
(0.137199 -0 -0.014252)
(0.14225 -0 -0.0109595)
(0.0931899 -0 -0.00486955)
(0.0611006 -0 -0.00210407)
(0.0296249 -0 -0.00127588)
(-0.00278773 -0 -0.00028406)
(-0.0512203 -0 0.000808551)
(-0.0997615 -0 0.00186989)
(-0.148476 -0 0.00179246)
(-0.177739 -0 0.000218549)
(-0.202017 -0 -0.00121254)
(-0.221788 -0 -0.000981682)
(-0.299538 -0 0.000720938)
(-0.369583 -0 0.00559431)
(-0.517819 -0 0.0169846)
(-0.548071 -0 0.0274456)
(-0.5437 -0 0.0338468)
(-0.50442 -0 0.0341264)
(-0.433939 -0 0.0292171)
(-0.282065 -0 0.0169243)
(-0.181155 -0 0.0103677)
(-0.148845 -0 0.00886132)
(-0.160201 -0 0.0108972)
(-0.00221505 -0 -0.00023626)
(0.164573 -0 -0.00841387)
(0.370937 -0 -0.0159229)
(0.859923 -0 -0.0380825)
(1.07635 -0 -0.049694)
(1.22029 -0 -0.0507034)
(1.06802 -0 -0.039342)
(1.09752 -0 -0.0368998)
(0.929415 -0 -0.032438)
(0.863596 -0 -0.0361645)
(0.468387 -0 -0.0296754)
(0.467855 -0 -0.0371384)
(0.664427 -0 -0.0587668)
(1.00426 -0 -0.0899129)
(0.548599 -0 -0.0568511)
(0.063883 -0 -0.00870071)
(0.0864782 -0 -0.00117094)
(-0.332874 -0 0.0424673)
(-0.549176 -0 0.0395483)
(-0.516739 -0 0.0210119)
(0.0405665 -0 -0.00351307)
(-1.18134 -0 0.0329453)
(-0.655843 -0 0.0159478)
(1.09985 -0 -0.0285491)
(-0.184831 -0 0.000302517)
(0.506201 -0 -0.0160105)
(2.453 -0 -0.0309043)
(4.79373 -0 -0.0323671)
(4.55215 -0 -0.0402748)
(5.16814 -0 -0.046883)
(7.75585 -0 -0.0317723)
(4.34499 -0 -0.00229143)
(0.48863 -0 0.0114634)
(8.60289 -0 0.0849561)
(9.72106 -0 0.126673)
(2.89506 -0 0.060244)
(7.55294 -0 0.149248)
(11.7541 -0 0.282137)
(1.80154 -0 0.101127)
(-11.1357 -0 -0.762245)
(-15.6217 -0 -1.17561)
(-2.3256 -0 0.688956)
(0 -0 0)
(0 -0 -0)
(0 -0 -0)
(0 -0 -0)
(0 -0 -0)
(0 -0 -0)
(0 -0 -0)
(0 -0 -0)
(0 -0 -0)
(0 -0 -0)
(0 -0 0)
(0 -0 0)
(0 -0 0)
(0 -0 0)
(0 -0 0)
(0 -0 0)
(0 -0 0)
(0 -0 0)
(0 -0 0)
(0 -0 0)
(0 -0 0)
(0 -0 0)
(0 -0 0)
(0 -0 0)
(0 -0 0)
(0 -0 0)
(0 -0 0)
(0 -0 0)
(0 -0 0)
(0 -0 0)
(0 -0 0)
(0 -0 0)
(0 -0 0)
(0 -0 0)
(-8.67224 -0 -3.4302e-05)
(-4.90018 -0 0.0442597)
(-2.21102 -0 0.0928369)
(-0.409736 -0 0.038843)
(0.380319 -0 -0.00153703)
(0.785912 -0 -0.018668)
(1.39604 -0 -0.0503177)
(2.22254 -0 -0.0568839)
(2.73877 -0 -0.0238035)
(2.65416 -0 0.0130119)
(2.1019 -0 0.020486)
(2.47048 -0 0.0183728)
(2.71015 -0 -0.00308419)
(2.56477 -0 -0.0243263)
(2.93339 -0 -0.0365125)
(2.88191 -0 -0.0493207)
(2.20791 -0 -0.0563301)
(1.73932 -0 -0.0485836)
(1.70522 -0 -0.0403792)
(1.2368 -0 -0.032143)
(0.703886 -0 -0.0179688)
(0.838439 -0 -0.0138696)
(1.20146 -0 -0.0149819)
(1.0212 -0 -0.0234128)
(0.941984 -0 -0.0219943)
(0.762 -0 -0.0099539)
(0.638016 -0 -0.00529768)
(0.164749 -0 -0.00134839)
(-0.478823 -0 0.0124109)
(-1.13783 -0 0.0282764)
(-1.83529 -0 0.046875)
(-2.22595 -0 0.0533501)
(-2.86358 -0 0.0692145)
(-3.28807 -0 0.0930837)
(-3.59273 -0 0.115019)
(-4.36966 -0 0.143698)
(-4.60607 -0 0.131664)
(-3.85069 -0 0.101772)
(-3.42939 -0 0.0989629)
(-1.98768 -0 0.0586831)
(-1.16476 -0 0.0319819)
(-0.210729 -0 0.00403793)
(0.215806 -0 -0.00627488)
(-0.858073 -0 0.0169431)
(-0.555001 -0 0.0125536)
(-1.09348 -0 0.0289101)
(-1.33226 -0 0.030029)
(3.64873 -0 -0.0506856)
(5.9392 -0 -0.0664092)
(2.85697 -0 -0.045696)
(2.47026 -0 -0.0454504)
(4.31387 -0 -0.0724062)
(3.42144 -0 -0.0576801)
(3.92521 -0 -0.0572224)
(4.32726 -0 -0.0415974)
(3.30253 -0 -0.0346013)
(2.9501 -0 -0.0616374)
(4.56804 -0 -0.128089)
(6.58459 -0 -0.17354)
(-1.92907 -0 0.058695)
(-7.48158 -0 0.26504)
(-3.55706 -0 0.120475)
(-0.778518 -0 0.0257529)
(-2.4546 -0 0.109362)
(-2.60682 -0 0.14888)
(-0.846719 -0 0.0561262)
(1.87604 -0 -0.12194)
(4.35509 -0 -0.316634)
(-1.27791 -0 0.116872)
(-3.55068 -0 0.326068)
(4.27299 -0 -0.349516)
(10.442 -0 -0.84972)
(6.33946 -0 -0.518894)
(4.23456 -0 -0.334595)
(10.8694 -0 -0.826353)
(6.08269 -0 -0.477151)
(-0.522278 -0 0.0537244)
(5.54321 -0 -0.447068)
(7.21665 -0 -0.594612)
(0.0267762 -0 0.00266545)
(2.88953 -0 -0.279953)
(3.91411 -0 -0.39584)
(0.491789 -0 -0.0562651)
(-1.12976 -0 0.17117)
(-1.35961 -0 0.176823)
(-0.0298516 -0 -0.00230599)
(0 -0 0)
(0 -0 -0)
(0 -0 -0)
(0 -0 -0)
(0 -0 -0)
(0 -0 -0)
(0 -0 -0)
(0 -0 -0)
(0 -0 -0)
(0 -0 -0)
(0 -0 -0)
(0 -0 -0)
(0 -0 -0)
(0 -0 -0)
(0 -0 -0)
(0 -0 -0)
(0 -0 -0)
(0 -0 -0)
(0 -0 0)
(0 -0 0)
(0 -0 0)
(0 -0 0)
(0 -0 0)
(0 -0 0)
(0 -0 0)
(0 -0 0)
(0 -0 -0)
(0 -0 -0)
(0 -0 -0)
(0 -0 -0)
(0 -0 -0)
(0 -0 -0)
(0 -0 -0)
(0 -0 -0)
(-139.633 -0 0.75292)
(-32.9757 -0 0.457944)
(-5.3955 -0 0.0890188)
(-3.10223 -0 0.05239)
(-11.5086 -0 0.225457)
(-3.95591 -0 0.0695872)
(5.80888 -0 -0.0617596)
(13.9991 -0 0.0367971)
(27.3749 -0 0.225043)
(17.1058 -0 -0.0103784)
(4.98279 -0 -0.012225)
(22.4606 -0 0.274661)
(24.9622 -0 0.473886)
(14.5153 -0 0.236659)
(25.2577 -0 0.490381)
(24.962 -0 0.538971)
(11.2009 -0 0.194617)
(15.8121 -0 0.196221)
(21.4091 -0 0.13727)
(11.8626 -0 -0.00865515)
(1.98376 -0 -0.00895595)
(-2.07422 -0 0.0178153)
(3.01123 -0 -0.0279793)
(7.12022 -0 -0.0843489)
(14.5384 -0 -0.146739)
(19.7494 -0 -0.210055)
(16.136 -0 -0.27011)
(8.31847 -0 -0.205651)
(-1.27613 -0 0.0370597)
(-12.1378 -0 0.483302)
(-19.4563 -0 0.941535)
(-19.302 -0 1.0078)
(-16.4035 -0 0.817435)
(-12.5383 -0 0.587027)
(-11.0571 -0 0.507743)
(-14.2595 -0 0.707207)
(-16.8201 -0 0.910722)
(-9.81227 -0 0.517613)
(-2.65728 -0 0.127108)
(-0.669754 -0 0.0312914)
(-4.91704 -0 0.218652)
(-5.39978 -0 0.221621)
(1.23436 -0 -0.0410383)
(4.01214 -0 -0.137384)
(0.756095 -0 -0.0260751)
(-1.76396 -0 0.0623668)
(-1.57159 -0 0.0525336)
(3.05406 -0 -0.0972552)
(7.66441 -0 -0.213206)
(5.18395 -0 -0.148637)
(1.46892 -0 -0.052484)
(1.85805 -0 -0.0732286)
(3.75631 -0 -0.144038)
(5.02267 -0 -0.207171)
(3.73341 -0 -0.184822)
(1.62217 -0 -0.0863008)
(2.31277 -0 -0.09263)
(2.22123 -0 -0.0737186)
(1.65398 -0 -0.0671734)
(-0.0386769 -0 -0.000361934)
(-2.62995 -0 0.144537)
(-2.34524 -0 0.137886)
(-1.0542 -0 0.0625087)
(-1.01222 -0 0.0629765)
(-1.38525 -0 0.0832823)
(-0.965613 -0 0.0513247)
(-0.293924 -0 0.013695)
(0.157412 -0 -0.00589695)
(-0.147482 -0 0.00511566)
(-0.267446 -0 0.0107561)
(0.185207 -0 -0.00605606)
(0.73479 -0 -0.0206276)
(0.837411 -0 -0.0298525)
(0.570336 -0 -0.022012)
(0.90815 -0 -0.0297162)
(0.644076 -0 -0.0297192)
(0.325219 -0 -0.0207167)
(0.428661 -0 -0.023188)
(0.532853 -0 -0.0355455)
(0.152551 -0 -0.0152922)
(0.130077 -0 -0.013299)
(0.0658699 -0 -0.00628439)
(0.0205366 -0 -0.00212728)
(-9.66785e-05 -0 8.84455e-06)
(-2.07827e-05 -0 1.37303e-06)
(-0 -0 -0)
(0 -0 -0)
(0 -0 -0)
(0 -0 -0)
(0 -0 -0)
(0 -0 -0)
(0 -0 -0)
(0 -0 -0)
(0 -0 -0)
(0 -0 -0)
(0 -0 -0)
(0 -0 -0)
(0 -0 -0)
(0 -0 -0)
(0 -0 -0)
(0 -0 -0)
(0 -0 -0)
(0 -0 -0)
(0 -0 -0)
(0 -0 -0)
(0 -0 -0)
(0 -0 -0)
(0 -0 -0)
(0 -0 -0)
(0 -0 -0)
(0 -0 -0)
(0 -0 -0)
(0 -0 -0)
(0 -0 -0)
(0 -0 -0)
(0 -0 -0)
(0 -0 -0)
(0 -0 -0)
(0 -0 -0)
(0 -0 -0)
(-33.4473 -0 -0.218207)
(-8.76373 -0 -0.164398)
(-3.2159 -0 -0.0831956)
(-1.63942 -0 -0.0450633)
(-0.607823 -0 -0.0179853)
(2.07161 -0 0.0756319)
(3.29726 -0 0.103631)
(5.50737 -0 0.130431)
(8.15292 -0 0.176781)
(6.91767 -0 0.158585)
(7.00166 -0 0.127028)
(9.88087 -0 0.0570974)
(8.17748 -0 -0.03331)
(7.75609 -0 -0.02688)
(10.6141 -0 -0.0116251)
(9.41945 -0 -0.082627)
(5.7779 -0 -0.116326)
(6.03568 -0 -0.140512)
(5.30571 -0 -0.117412)
(2.44869 -0 -0.0590726)
(0.749313 -0 -0.0216204)
(0.107086 -0 -0.00409028)
(1.08628 -0 -0.0326284)
(2.2929 -0 -0.0446665)
(2.99624 -0 -0.043253)
(3.28182 -0 -0.0409255)
(2.48003 -0 -0.0307972)
(0.976349 -0 -0.0160856)
(-0.433642 -0 0.0090258)
(-1.67678 -0 0.0437661)
(-2.259 -0 0.0625319)
(-2.35845 -0 0.0657175)
(-2.03049 -0 0.0603658)
(-1.87124 -0 0.0570359)
(-1.42532 -0 0.0447073)
(-1.42916 -0 0.0434147)
(-1.36402 -0 0.0321338)
(-1.20002 -0 0.0161426)
(-0.667823 -0 0.00432846)
(-0.330338 -0 0.001896)
(-0.311782 -0 0.00256583)
(-0.290738 -0 0.00221597)
(-0.0861365 -0 -6.35597e-05)
(0.128333 -0 0.00115646)
(0.143023 -0 0.00112132)
(0.0786772 -0 0.000238381)
(0.103426 -0 0.00040513)
(0.327569 -0 0.00219359)
(0.636475 -0 0.00317289)
(0.646364 -0 0.000617581)
(0.390663 -0 -0.000266299)
(0.347347 -0 5.5205e-05)
(0.468279 -0 0.000717336)
(0.563411 -0 0.00106749)
(0.43343 -0 4.71135e-06)
(0.271437 -0 -0.00140359)
(0.210838 -0 -0.00348538)
(0.132576 -0 -0.00324407)
(0.0831252 -0 -0.00184594)
(0.0325907 -0 -0.000548604)
(-0.0870335 -0 0.00239241)
(-0.136868 -0 0.00286069)
(-0.110268 -0 0.0013353)
(-0.104076 -0 0.00140446)
(-0.114275 -0 0.00279658)
(-0.100021 -0 0.00294069)
(-0.0735648 -0 0.00179453)
(-0.0443539 -0 0.00090298)
(-0.0325708 -0 0.00097053)
(-0.0209741 -0 0.000936581)
(-0.0069118 -0 0.000372644)
(0.0148496 -0 -0.000823455)
(0.0321504 -0 -0.00237362)
(0.0341939 -0 -0.0030381)
(0.0399679 -0 -0.00339649)
(0.0408187 -0 -0.0037439)
(0.0311596 -0 -0.00410932)
(0.020366 -0 -0.00282883)
(0.018201 -0 -0.0019564)
(0.0111828 -0 -0.00166688)
(0.00343567 -0 -0.000772421)
(0.000866444 -0 -0.000201525)
(1.74726e-05 -0 -2.51723e-06)
(-0 -0 -0)
(-0 -0 -0)
(-0 -0 -0)
(0 -0 -0)
(0 -0 -0)
(0 -0 -0)
(0 -0 -0)
(0 -0 -0)
(0 -0 -0)
(0 -0 -0)
(0 -0 -0)
(0 -0 -0)
(0 -0 -0)
(0 -0 -0)
(0 -0 -0)
(0 -0 -0)
(0 -0 -0)
(0 -0 -0)
(0 -0 -0)
(0 -0 -0)
(0 -0 -0)
(0 -0 -0)
(0 -0 -0)
(0 -0 -0)
(0 -0 -0)
(0 -0 -0)
(0 -0 -0)
(0 -0 -0)
(0 -0 -0)
(0 -0 -0)
(0 -0 -0)
(0 -0 -0)
(0 -0 -0)
(0 -0 -0)
(0 -0 -0)
(0 -0 -0)
(0 -0 -0)
(-0.314684 -0 -0.000558025)
(-0.0968063 -0 -0.000568872)
(-0.0397902 -0 -0.000402307)
(-0.0141539 -0 -0.000197166)
(0.00925635 -0 0.000194474)
(0.0497646 -0 0.00110556)
(0.0865267 -0 0.00203917)
(0.142521 -0 0.00377587)
(0.20923 -0 0.00536044)
(0.236495 -0 0.00478675)
(0.27381 -0 0.00531458)
(0.363965 -0 0.00709293)
(0.342599 -0 0.00697246)
(0.384264 -0 0.00980776)
(0.451808 -0 0.0116111)
(0.425125 -0 0.00762916)
(0.342158 -0 0.00342202)
(0.298118 -0 0.00282505)
(0.223381 -0 0.00340189)
(0.118288 -0 0.00218269)
(0.0822401 -0 0.00161772)
(0.107286 -0 0.00211149)
(0.123431 -0 0.00138815)
(0.125713 -0 0.000336737)
(0.106535 -0 0.000326289)
(0.0817393 -0 0.000137051)
(0.0414385 -0 -0.00018894)
(-0.0130449 -0 0.00015109)
(-0.0457963 -0 0.00081185)
(-0.0702682 -0 0.00138445)
(-0.082089 -0 0.00231181)
(-0.0858448 -0 0.00315793)
(-0.0801081 -0 0.0029024)
(-0.0820551 -0 0.00254517)
(-0.0687519 -0 0.00190912)
(-0.0650727 -0 0.0021112)
(-0.0525728 -0 0.00187793)
(-0.0513301 -0 0.00174588)
(-0.039163 -0 0.00163831)
(-0.0312031 -0 0.00174643)
(-0.0186916 -0 0.00105357)
(-0.0116574 -0 0.000480703)
(-0.00475568 -0 0.000135679)
(0.00128936 -0 -3.65906e-05)
(0.00717079 -0 -0.000103427)
(0.0127973 -0 -8.82814e-05)
(0.0166822 -0 -0.000105517)
(0.0238067 -0 -0.000170446)
(0.0318551 -0 -0.000286007)
(0.0361079 -0 -0.000360802)
(0.0332531 -0 -0.000321876)
(0.0334657 -0 -0.000563618)
(0.0339005 -0 -0.000933917)
(0.0336302 -0 -0.00105874)
(0.0291377 -0 -0.00108445)
(0.0221971 -0 -0.00103297)
(0.0153544 -0 -0.000582483)
(0.00939633 -0 -0.000192527)
(0.00374412 -0 -6.14615e-05)
(-9.34778e-05 -0 -2.35539e-07)
(-0.0052444 -0 0.000212425)
(-0.00901743 -0 0.000410614)
(-0.0103346 -0 0.000353355)
(-0.0115586 -0 0.000298577)
(-0.0119216 -0 0.000419385)
(-0.0112268 -0 0.000543702)
(-0.00943093 -0 0.00038482)
(-0.00761815 -0 0.000153773)
(-0.00618935 -0 0.0001601)
(-0.0039713 -0 0.000184318)
(-0.00205508 -0 8.25062e-05)
(-0.000346175 -0 7.01392e-06)
(0.00131963 -0 -6.66915e-05)
(0.00264733 -0 -0.000276606)
(0.00309219 -0 -0.000361687)
(0.00341758 -0 -0.000426473)
(0.00227242 -0 -0.000398696)
(0.000943664 -0 -0.000209948)
(0.000506238 -0 -0.000104633)
(4.8759e-05 -0 -6.70259e-06)
(1.18172e-05 -0 -8.48911e-07)
(1.03067e-06 -0 -3.09636e-07)
(0 -0 -0)
(0 -0 -0)
(0 -0 -0)
(0 -0 -0)
(0 -0 -0)
(0 -0 -0)
(0 -0 -0)
(0 -0 -0)
(0 -0 -0)
(0 -0 -0)
(0 -0 -0)
(0 -0 -0)
(0 -0 -0)
(0 -0 -0)
(0 -0 -0)
(0 -0 -0)
(0 -0 -0)
(0 -0 -0)
(0 -0 -0)
(0 -0 -0)
(0 -0 -0)
(0 -0 -0)
(0 -0 -0)
(0 -0 -0)
(0 -0 -0)
(0 -0 -0)
(0 -0 -0)
(0 -0 -0)
(0 -0 -0)
(0 -0 -0)
(0 -0 -0)
(0 -0 -0)
(0 -0 -0)
(0 -0 -0)
(0 -0 -0)
(0 -0 -0)
(0 -0 -0)
(0 -0 0)
(-0.00406958 -0 -9.15121e-06)
(-0.00152641 -0 -9.35882e-06)
(-0.000634763 -0 -6.78074e-06)
(-0.000129897 -0 -3.91782e-06)
(0.000288981 -0 1.15256e-05)
(0.000811536 -0 4.5059e-05)
(0.00150302 -0 8.53509e-05)
(0.00223989 -0 0.000155655)
(0.00399197 -0 0.000307497)
(0.0056681 -0 0.000460296)
(0.00807534 -0 0.000716716)
(0.0113912 -0 0.000840916)
(0.0130667 -0 0.000540025)
(0.0112127 -0 0.000272556)
(0.0142627 -0 6.86985e-05)
(0.011953 -0 -1.34543e-05)
(0.0112702 -0 0.000405575)
(0.011274 -0 0.000715479)
(0.0107117 -0 0.000581942)
(0.00857536 -0 0.00037247)
(0.00893376 -0 0.000370627)
(0.00942955 -0 0.000362789)
(0.010031 -0 0.000326129)
(0.00709938 -0 0.000149649)
(0.00389535 -0 1.68635e-05)
(1.33691e-05 -0 -7.38839e-06)
(-0.0025634 -0 -6.26605e-06)
(-0.00527126 -0 -3.56053e-05)
(-0.00739918 -0 -0.000125928)
(-0.00861751 -0 -0.000191508)
(-0.0100779 -0 -0.000205308)
(-0.0105469 -0 -0.000203893)
(-0.0108968 -0 -0.000160042)
(-0.0108419 -0 -6.867e-05)
(-0.0107911 -0 -1.2994e-05)
(-0.0106368 -0 1.79054e-05)
(-0.0100312 -0 6.34998e-05)
(-0.00909707 -0 8.83947e-05)
(-0.00797987 -0 0.000118839)
(-0.00619051 -0 0.000159693)
(-0.0042016 -0 0.00014142)
(-0.00242089 -0 7.52066e-05)
(-0.000968382 -0 2.39245e-05)
(0.000344737 -0 -8.76242e-06)
(0.00156851 -0 -7.00899e-05)
(0.00252213 -0 -0.000155166)
(0.00339794 -0 -0.000139661)
(0.00442459 -0 -0.00010885)
(0.00537395 -0 -0.000202845)
(0.00560195 -0 -0.000311327)
(0.00576242 -0 -0.000393404)
(0.0054163 -0 -0.000467918)
(0.00497843 -0 -0.000453607)
(0.00411391 -0 -0.000300699)
(0.00396196 -0 -0.000230208)
(0.00306155 -0 -0.000186191)
(0.00223495 -0 -0.000159978)
(0.000991088 -0 -6.85229e-05)
(0.000262459 -0 -1.4005e-05)
(-0.000109958 -0 3.60076e-06)
(-0.000495141 -0 1.14438e-05)
(-0.000733325 -0 -4.09753e-06)
(-0.0010521 -0 -2.24813e-05)
(-0.00124427 -0 -9.41556e-06)
(-0.0013992 -0 1.46172e-05)
(-0.00135232 -0 3.06057e-05)
(-0.00122829 -0 3.96792e-05)
(-0.00101286 -0 4.55009e-05)
(-0.000909444 -0 7.66494e-05)
(-0.000471475 -0 6.60684e-05)
(-0.000189891 -0 2.68874e-05)
(-3.79474e-05 -0 4.01465e-06)
(5.8035e-05 -0 -7.27811e-06)
(1.0382e-05 -0 -1.38596e-06)
(1.25891e-05 -0 -6.66837e-07)
(1.53517e-05 -0 -3.59325e-08)
(1.14124e-05 -0 -1.21277e-07)
(5.81049e-06 -0 -1.46272e-07)
(3.94652e-06 -0 -8.42617e-08)
(0 -0 -0)
(0 -0 -0)
(0 -0 -0)
(0 -0 -0)
(0 -0 -0)
(0 -0 -0)
(0 -0 -0)
(0 -0 -0)
(0 -0 -0)
(0 -0 -0)
(0 -0 0)
(0 -0 0)
(0 -0 0)
(0 -0 0)
(0 -0 0)
(0 -0 0)
(0 -0 -0)
(0 -0 -0)
(0 -0 -0)
(0 -0 -0)
(0 -0 -0)
(0 -0 -0)
(0 -0 -0)
(0 -0 -0)
(0 -0 -0)
(0 -0 -0)
(0 -0 -0)
(0 -0 -0)
(0 -0 -0)
(0 -0 -0)
(0 -0 -0)
(0 -0 -0)
(0 -0 -0)
(0 -0 -0)
(0 -0 -0)
(0 -0 -0)
(0 -0 -0)
(0 -0 -0)
(0 -0 0)
(0 -0 0)
(0 -0 0)
(-4.82493e-05 -0 3.18198e-10)
(-2.54076e-05 -0 1.14099e-09)
(-1.04586e-05 -0 8.84396e-10)
(-2.85065e-06 -0 4.32989e-09)
(6.88917e-07 -0 3.05474e-08)
(4.11814e-06 -0 6.22864e-08)
(8.20492e-06 -0 3.47673e-08)
(1.08943e-05 -0 8.97543e-08)
(1.67311e-05 -0 1.05808e-07)
(2.28451e-05 -0 9.58595e-08)
(3.25951e-05 -0 1.34391e-07)
(4.97786e-05 -0 1.91368e-06)
(6.20733e-05 -0 6.91859e-06)
(0.000438829 -0 5.46194e-05)
(0.000474074 -0 4.07013e-05)
(0.000511291 -0 4.66513e-05)
(0.000559853 -0 6.41415e-05)
(0.000841243 -0 7.41679e-05)
(0.000905445 -0 3.87975e-05)
(0.000778691 -0 2.3414e-05)
(0.000823119 -0 3.91078e-05)
(0.000785945 -0 5.71183e-05)
(0.000805424 -0 6.03042e-05)
(0.000596102 -0 1.62911e-05)
(0.000186107 -0 -5.96213e-06)
(-0.000159471 -0 1.64697e-05)
(-0.000347505 -0 2.28853e-05)
(-0.000496101 -0 -1.54336e-06)
(-0.000686726 -0 -3.77513e-05)
(-0.00103017 -0 -6.90685e-05)
(-0.0012102 -0 -8.85558e-05)
(-0.00153889 -0 -0.00011094)
(-0.001667 -0 -0.000106764)
(-0.0020079 -0 -9.67778e-05)
(-0.001866 -0 -4.02994e-05)
(-0.00180566 -0 -4.12286e-06)
(-0.00161868 -0 7.67688e-06)
(-0.0015742 -0 1.8141e-05)
(-0.00129059 -0 2.2632e-05)
(-0.00105223 -0 1.82347e-05)
(-0.00064275 -0 4.58147e-06)
(-0.000326821 -0 -2.10823e-06)
(-2.72072e-05 -0 2.53968e-07)
(0.000253294 -0 -1.00332e-05)
(0.000486132 -0 -2.6673e-05)
(0.000670154 -0 -2.97883e-05)
(0.000709258 -0 -4.01473e-05)
(0.000836689 -0 -8.37153e-05)
(0.000747841 -0 -9.72087e-05)
(0.00067009 -0 -8.45314e-05)
(0.000528009 -0 -5.79821e-05)
(0.000472523 -0 -4.72831e-05)
(0.000275143 -0 -3.22684e-05)
(0.000211123 -0 -3.30601e-05)
(1.86927e-05 -0 -2.47225e-06)
(1.67206e-05 -0 -7.70432e-07)
(1.36622e-05 -0 1.26917e-10)
(6.52172e-06 -0 -3.9087e-09)
(1.81038e-06 -0 -1.63596e-09)
(-8.5926e-07 -0 -1.67426e-09)
(-3.42555e-06 -0 -1.05314e-09)
(-5.29876e-06 -0 -1.04258e-10)
(-8.03055e-06 -0 -1.05742e-09)
(-9.90249e-06 -0 -9.56408e-12)
(-1.14054e-05 -0 -1.01847e-11)
(-1.19758e-05 -0 1.11304e-10)
(-1.17495e-05 -0 6.56505e-10)
(-1.04852e-05 -0 8.74139e-10)
(-8.66438e-06 -0 5.55981e-09)
(-4.8552e-06 -0 2.52787e-08)
(-2.10307e-06 -0 2.4067e-08)
(-6.58409e-07 -0 1.89812e-09)
(-6.62798e-08 -0 8.11624e-09)
(0 -0 0)
(0 -0 -0)
(0 -0 -0)
(0 -0 -0)
(0 -0 -0)
(0 -0 -0)
(0 -0 -0)
(0 -0 -0)
(0 -0 -0)
(0 -0 -0)
(0 -0 -0)
(0 -0 -0)
(0 -0 -0)
(0 -0 -0)
(0 -0 -0)
(0 -0 -0)
(0 -0 -0)
(0 -0 0)
(0 -0 0)
(0 -0 0)
(0 -0 0)
(0 -0 0)
(0 -0 0)
(0 -0 0)
(0 -0 0)
(0 -0 0)
(0 -0 0)
(0 -0 0)
(0 -0 -0)
(0 -0 -0)
(0 -0 -0)
(0 -0 -0)
(0 -0 -0)
(0 -0 -0)
(0 -0 -0)
(0 -0 -0)
(0 -0 -0)
(0 -0 -0)
(0 -0 -0)
(0 -0 -0)
(0 -0 -0)
(0 -0 -0)
(0 -0 0)
(0 -0 0)
(0 -0 0)
(0 -0 0)
(0 -0 0)
(-0 -0 0)
(-0 -0 0)
(-0 -0 0)
(-0 -0 0)
(0 -0 0)
(0 -0 0)
(0 -0 0)
(0 -0 0)
(0 -0 0)
(0 -0 0)
(0 -0 0)
(0 -0 0)
(0 -0 0)
(4.48372e-06 -0 2.38075e-08)
(4.51556e-06 -0 1.59097e-09)
(6.02214e-06 -0 -1.06663e-10)
(7.2682e-06 -0 -9.87487e-09)
(9.75609e-06 -0 -1.56598e-08)
(8.6822e-06 -0 -1.39389e-09)
(7.39453e-06 -0 -2.00275e-09)
(7.61141e-06 -0 -7.91333e-09)
(8.18109e-06 -0 -2.23378e-08)
(8.15994e-06 -0 -4.76814e-08)
(5.51371e-06 -0 -6.87443e-09)
(-6.15402e-07 -0 -1.54075e-08)
(-4.64238e-06 -0 -5.46148e-08)
(-4.85099e-06 -0 -3.60568e-08)
(-3.78615e-06 -0 -3.72898e-10)
(-3.12792e-06 -0 -3.24976e-08)
(-5.64444e-06 -0 -2.44195e-08)
(-6.87666e-06 -0 -3.95541e-08)
(-7.30507e-06 -0 -3.25099e-08)
(-8.77632e-06 -0 -1.96037e-08)
(-1.19402e-05 -0 -1.21347e-08)
(-1.16606e-05 -0 -7.33556e-10)
(-1.11356e-05 -0 -4.05653e-11)
(-9.63382e-06 -0 -1.07108e-11)
(-9.06107e-06 -0 1.26224e-10)
(-7.19956e-06 -0 7.75169e-10)
(-5.37218e-06 -0 1.1422e-09)
(-3.0978e-06 -0 5.66488e-10)
(-1.54078e-06 -0 1.29951e-09)
(6.79876e-07 -0 3.79309e-10)
(3.8884e-06 -0 9.13099e-09)
(5.91479e-06 -0 2.34102e-08)
(6.99637e-06 -0 6.93294e-09)
(7.64538e-06 -0 7.06657e-09)
(9.37822e-06 -0 4.06463e-08)
(9.01216e-06 -0 6.28573e-08)
(8.04329e-06 -0 4.14072e-08)
(5.80341e-06 -0 2.07274e-08)
(5.09397e-06 -0 1.59597e-08)
(3.24015e-06 -0 6.98178e-09)
(2.8422e-06 -0 1.52454e-08)
(0 -0 0)
(0 -0 0)
(0 -0 -0)
(0 -0 -0)
(0 -0 -0)
(-0 -0 -0)
(-0 -0 -0)
(-0 -0 -0)
(-0 -0 -0)
(-0 -0 -0)
(-0 -0 -0)
(-0 -0 -0)
(-0 -0 0)
(-0 -0 0)
(-0 -0 0)
(-0 -0 0)
(-0 -0 0)
(-0 -0 0)
(-0 -0 0)
(0 -0 0)
(0 -0 0)
(0 -0 0)
(0 -0 -0)
(0 -0 -0)
(0 -0 -0)
(0 -0 -0)
(0 -0 -0)
(0 -0 -0)
(0 -0 -0)
(0 -0 -0)
(0 -0 -0)
(0 -0 -0)
(0 -0 -0)
(0 -0 -0)
(0 -0 -0)
(0 -0 -0)
(0 -0 0)
(0 -0 0)
(0 -0 0)
(0 -0 0)
(0 -0 0)
(0 -0 0)
(0 -0 0)
(0 -0 0)
(0 -0 0)
(0 -0 0)
(0 -0 0)
(0 -0 0)
(0 -0 0)
(0 -0 -0)
(0 -0 -0)
(0 -0 -0)
(0 -0 -0)
(0 -0 -0)
(0 -0 -0)
(0 -0 -0)
(0 -0 -0)
(0 -0 -0)
(0 -0 -0)
(0 -0 -0)
(0 -0 -0)
(0 -0 0)
(0 -0 0)
(0 -0 0)
(0 -0 0)
(0 -0 0)
(-0 -0 0)
(-0 -0 0)
(-0 -0 0)
(-0 -0 0)
(0 -0 0)
(0 -0 0)
(0 -0 0)
(0 -0 0)
(0 -0 0)
(0 -0 0)
(0 -0 0)
(0 -0 0)
(0 -0 0)
(0 -0 0)
(0 -0 0)
(0 -0 0)
(0 -0 -0)
(0 -0 -0)
(0 -0 -0)
(0 -0 -0)
(0 -0 -0)
(0 -0 -0)
(0 -0 -0)
(0 -0 -0)
(-0 -0 -0)
(-0 -0 -0)
(-0 -0 -0)
(-0 -0 -0)
(-0 -0 -0)
(-0 -0 -0)
(-0 -0 -0)
(-0 -0 -0)
(-0 -0 -0)
(-0 -0 -0)
(-0 -0 -0)
(-0 -0 -0)
(-0 -0 -0)
(-0 -0 0)
(-0 -0 0)
(0 -0 0)
(0 -0 0)
(0 -0 0)
(0 -0 0)
(0 -0 0)
(0 -0 0)
(0 -0 0)
(0 -0 0)
(0 -0 0)
(0 -0 0)
(0 -0 0)
(0 -0 0)
(0 -0 0)
(0 -0 0)
(0 -0 0)
(0 -0 0)
(0 -0 -0)
(0 -0 -0)
(0 -0 -0)
(-0 -0 -0)
(-0 -0 -0)
(-0 -0 -0)
(-0 -0 -0)
(-0 -0 -0)
(-0 -0 -0)
(-0 -0 -0)
(-0 -0 -0)
(-0 -0 -0)
(-0 -0 0)
(-0 -0 0)
(-0 -0 0)
(-0 -0 0)
(-0 -0 0)
(-0 -0 0)
(-0 -0 0)
(0 -0 0)
(0 -0 0)
(0 -0 0)
(0 -0 0)
(0 -0 -0)
(0 -0 -0)
(0 -0 -0)
(0 -0 -0)
(0 -0 -0)
(0 -0 -0)
(0 -0 -0)
(0 -0 -0)
(0 -0 -0)
(0 -0 -0)
(0 -0 -0)
(0 -0 -0)
(0 -0 -0)
(0 -0 0)
(0 -0 0)
(0 -0 0)
(0 -0 0)
(0 -0 0)
(0 -0 0)
(0 -0 0)
(0 -0 0)
(0 -0 0)
(0 -0 0)
(0 -0 0)
(0 -0 0)
(0 -0 0)
(0 -0 -0)
(0 -0 -0)
(0 -0 -0)
(0 -0 -0)
(0 -0 -0)
(0 -0 -0)
(0 -0 -0)
(0 -0 -0)
(0 -0 -0)
(0 -0 -0)
(0 -0 -0)
(0 -0 0)
(0 -0 0)
(0 -0 0)
(0 -0 0)
(0 -0 0)
(-0 -0 0)
(-0 -0 0)
(-0 -0 0)
(-0 -0 0)
(0 -0 0)
(0 -0 0)
(0 -0 0)
(0 -0 0)
(0 -0 0)
(0 -0 0)
(0 -0 0)
(0 -0 0)
(0 -0 0)
(0 -0 0)
(0 -0 0)
(0 -0 -0)
(0 -0 -0)
(0 -0 -0)
(0 -0 -0)
(0 -0 -0)
(0 -0 -0)
(0 -0 -0)
(0 -0 -0)
(0 -0 -0)
(-0 -0 -0)
(-0 -0 -0)
(-0 -0 -0)
(-0 -0 -0)
(-0 -0 -0)
(-0 -0 -0)
(-0 -0 -0)
(-0 -0 -0)
(-0 -0 -0)
(-0 -0 -0)
(-0 -0 -0)
(-0 -0 -0)
(-0 -0 -0)
(0 -0 0)
(0 -0 0)
(0 -0 0)
(0 -0 0)
(0 -0 0)
(0 -0 0)
(0 -0 0)
(0 -0 0)
(0 -0 0)
(0 -0 0)
(0 -0 0)
(0 -0 0)
(0 -0 0)
(0 -0 0)
(0 -0 0)
(0 -0 0)
(0 -0 0)
(0 -0 -0)
(0 -0 -0)
(0 -0 -0)
(0 -0 -0)
(-0 -0 -0)
(-0 -0 -0)
(-0 -0 -0)
(-0 -0 -0)
(-0 -0 -0)
(-0 -0 -0)
(-0 -0 -0)
(-0 -0 -0)
(-0 -0 -0)
(-0 -0 0)
(-0 -0 0)
(-0 -0 0)
(-0 -0 0)
(-0 -0 0)
(-0 -0 0)
(-0 -0 0)
(0 -0 0)
(0 -0 0)
(0 -0 0)
(0 -0 0)
(0 -0 -0)
(0 -0 -0)
(0 -0 -0)
(0 -0 -0)
(0 -0 -0)
(0 -0 -0)
(0 -0 -0)
(0 -0 -0)
(0 -0 -0)
(0 -0 -0)
(0 -0 -0)
(0 -0 -0)
(0 -0 -0)
(0 -0 0)
(0 -0 0)
(0 -0 0)
(0 -0 0)
(0 -0 0)
(0 -0 0)
(0 -0 0)
(0 -0 0)
(0 -0 0)
(0 -0 0)
(0 -0 0)
(0 -0 0)
(0 -0 0)
(0 -0 0)
(0 -0 -0)
(0 -0 -0)
(0 -0 -0)
(0 -0 -0)
(0 -0 -0)
(0 -0 -0)
(0 -0 -0)
(0 -0 -0)
(0 -0 -0)
(0 -0 0)
(0 -0 0)
(0 -0 0)
(0 -0 0)
(0 -0 0)
(0 -0 0)
)
;

boundaryField
{
    hot
    {
        type            calculated;
        value           nonuniform List<vector> 
32
(
(0 -0 -0)
(0 -0 0)
(0 -0 -0)
(0 -0 -0)
(0 -0 -0)
(0 -0 -0)
(0 -0 -0)
(0 -0 -0)
(0 -0 -0)
(0 -0 -0)
(0 -0 -0)
(0 -0 -0)
(0 -0 -0)
(0 -0 -0)
(0 -0 -0)
(0 -0 -0)
(0 -0 -0)
(0 -0 0)
(0 -0 0)
(0 -0 0)
(0 -0 0)
(0 -0 0)
(0 -0 0)
(0 -0 0)
(0 -0 0)
(0 -0 0)
(0 -0 -0)
(0 -0 -0)
(-0 -0 -0)
(-0 -0 -0)
(-0 -0 -0)
(-11.0206 -0 -3.4302e-05)
)
;
    }
    hotTop
    {
        type            calculated;
        value           nonuniform List<vector> 8((-227.064 -0 1.22368) (-54.5841 -0 -0.356112) (-0.495746 -0 -0.000879372) (-0.00599645 -0 -1.34833e-05) (-6.1415e-05 -0 3.18198e-10) (-0 -0 0) (-0 -0 0) (-0 -0 0));
    }
    cold
    {
        type            calculated;
        value           uniform (0 -0 0);
    }
    coldTop
    {
        type            calculated;
        value           uniform (0 -0 -0);
    }
    top
    {
        type            calculated;
        value           uniform (-0 -0 -0);
    }
    btm
    {
        type            calculated;
        value           nonuniform List<vector> 
120
(
(0 -0 -0)
(0 -0 -0)
(0 -0 -0)
(0 -0 -0)
(0 -0 -0)
(0 -0 -0)
(0 -0 -0)
(0 -0 -0)
(0 -0 -0)
(0 -0 -0)
(0 -0 -0)
(0 -0 -0)
(0 -0 -0)
(0 -0 -0)
(0 -0 -0)
(0 -0 -0)
(0 -0 -0)
(0 -0 -0)
(0 -0 -0)
(0 -0 -0)
(0 -0 -0)
(0 -0 -0)
(0 -0 -0)
(0 -0 -0)
(0 -0 -0)
(0 -0 -0)
(0 -0 -0)
(0 -0 -0)
(0 -0 -0)
(0 -0 -0)
(0 -0 -0)
(0 -0 -0)
(0 -0 -0)
(0 -0 -0)
(0 -0 -0)
(0 -0 -0)
(0 -0 -0)
(0 -0 -0)
(0 -0 -0)
(0 -0 -0)
(0 -0 -0)
(0 -0 -0)
(0 -0 -0)
(0 -0 -0)
(0 -0 -0)
(0 -0 -0)
(0 -0 -0)
(0 -0 -0)
(0 -0 -0)
(0 -0 -0)
(0 -0 -0)
(0 -0 -0)
(0 -0 -0)
(0 -0 -0)
(0 -0 -0)
(0 -0 -0)
(0 -0 -0)
(0 -0 -0)
(0 -0 -0)
(0 -0 -0)
(0 -0 -0)
(0 -0 -0)
(0 -0 -0)
(0 -0 -0)
(0 -0 -0)
(0 -0 -0)
(0 -0 -0)
(0 -0 -0)
(0 -0 -0)
(0 -0 -0)
(0 -0 -0)
(0 -0 -0)
(0 -0 -0)
(0 -0 -0)
(0 -0 -0)
(0 -0 -0)
(0 -0 -0)
(0 -0 -0)
(0 -0 -0)
(0 -0 -0)
(4.52615 -0 -0)
(4.38536 -0 -0)
(0 -0 -0)
(0 -0 -0)
(0 -0 -0)
(0 -0 -0)
(0 -0 -0)
(0 -0 -0)
(0 -0 -0)
(0 -0 -0)
(0 -0 -0)
(0 -0 -0)
(0 -0 -0)
(0 -0 -0)
(0 -0 -0)
(0 -0 -0)
(0 -0 -0)
(0 -0 -0)
(0 -0 -0)
(0 -0 -0)
(0 -0 -0)
(0 -0 -0)
(0 -0 -0)
(0 -0 -0)
(0 -0 -0)
(0 -0 -0)
(0 -0 -0)
(0 -0 -0)
(0 -0 -0)
(0 -0 -0)
(0 -0 -0)
(0 -0 -0)
(0 -0 -0)
(0 -0 -0)
(0 -0 -0)
(0 -0 -0)
(0 -0 -0)
(0 -0 -0)
(0 -0 -0)
(0 -0 -0)
)
;
    }
    frontAndBack
    {
        type            empty;
    }
}


// ************************************************************************* //
