/*--------------------------------*- C++ -*----------------------------------*\
  =========                 |
  \\      /  F ield         | OpenFOAM: The Open Source CFD Toolbox
   \\    /   O peration     | Website:  https://openfoam.org
    \\  /    A nd           | Version:  6
     \\/     M anipulation  |
\*---------------------------------------------------------------------------*/
FoamFile
{
    version     2.0;
    format      ascii;
    class       volVectorField;
    location    "700";
    object      S_Marg;
}
// * * * * * * * * * * * * * * * * * * * * * * * * * * * * * * * * * * * * * //

dimensions      [1 -2 -2 0 0 0 0];

internalField   nonuniform List<vector> 
4800
(
(0 -0 -0)
(1.0785e-15 -0 -7.86944e-19)
(0 -0 -0)
(0 -0 -0)
(0 -0 -0)
(0 -0 -0)
(0 -0 -0)
(0 -0 -0)
(0 -0 -0)
(0 -0 -0)
(0 -0 -0)
(0 -0 -0)
(0 -0 -0)
(0 -0 -0)
(7.62071e-16 -0 -1.8311e-17)
(0 -0 -0)
(0 -0 -0)
(6.38735e-16 -0 -2.45998e-17)
(0 -0 -0)
(0 -0 -0)
(5.35948e-16 -0 -3.14478e-17)
(0 -0 -0)
(0 -0 -0)
(0 -0 -0)
(0 -0 -0)
(0 -0 -0)
(0 -0 -0)
(0 -0 -0)
(3.95207e-16 -0 -3.50677e-17)
(0 -0 -0)
(0 -0 -0)
(0 -0 -0)
(0 -0 -0)
(0 -0 -0)
(4.44661e-16 -0 -2.26197e-17)
(0 -0 -0)
(0 -0 -0)
(0 -0 -0)
(0 -0 -0)
(0 -0 -0)
(6.36839e-16 -0 -8.06452e-18)
(0 -0 -0)
(0 -0 -0)
(0 -0 -0)
(0 -0 -0)
(0 -0 -0)
(0 -0 -0)
(0 -0 -0)
(0 -0 -0)
(0 -0 -0)
(0 -0 -0)
(0 -0 -0)
(0 -0 -0)
(0 -0 -0)
(0 -0 -0)
(0 -0 -0)
(0 -0 -0)
(0 -0 -0)
(0 -0 -0)
(0 -0 -0)
(0 -0 -0)
(0 -0 -0)
(0 -0 -0)
(0 -0 -0)
(0 -0 -0)
(0 -0 -0)
(0 -0 -0)
(0 -0 -0)
(0 -0 -0)
(0 -0 -0)
(0 -0 -0)
(0 -0 -0)
(0 -0 -0)
(0 -0 -0)
(0 -0 -0)
(0 -0 -0)
(0 -0 -0)
(0 -0 -0)
(0 -0 -0)
(3.25193 -0 -0.0377802)
(3.27846 -0 -0.017224)
(0.00168562 -0 -3.51787e-06)
(0.0013229 -0 -3.00838e-07)
(0.000959728 -0 9.41027e-07)
(0.000599807 -0 1.08062e-06)
(0.000244992 -0 5.79082e-07)
(0 -0 0)
(0 -0 0)
(0 -0 0)
(0 -0 0)
(0 -0 0)
(0 -0 0)
(0 -0 0)
(0 -0 0)
(0 -0 0)
(0 -0 0)
(0 -0 0)
(0 -0 0)
(0 -0 0)
(0 -0 0)
(0 -0 0)
(0 -0 0)
(0 -0 0)
(0 -0 0)
(0 -0 0)
(0 -0 0)
(0 -0 0)
(0 -0 0)
(0 -0 0)
(0 -0 0)
(0 -0 0)
(0 -0 0)
(0 -0 0)
(0 -0 0)
(0 -0 0)
(0 -0 0)
(0 -0 0)
(0 -0 0)
(0 -0 0)
(0 -0 0)
(1.07829e-15 -0 -1.07943e-18)
(0 -0 -0)
(0 -0 -0)
(0 -0 -0)
(0 -0 -0)
(0 -0 -0)
(0 -0 -0)
(0 -0 -0)
(0 -0 -0)
(0 -0 -0)
(0 -0 -0)
(0 -0 -0)
(0 -0 -0)
(0 -0 -0)
(0 -0 -0)
(0 -0 -0)
(0 -0 -0)
(0 -0 -0)
(0 -0 -0)
(0 -0 -0)
(0 -0 -0)
(0 -0 -0)
(0 -0 -0)
(0 -0 -0)
(0 -0 -0)
(0 -0 -0)
(0 -0 -0)
(0 -0 -0)
(0 -0 -0)
(0 -0 -0)
(0 -0 -0)
(0 -0 -0)
(0 -0 -0)
(0 -0 -0)
(0 -0 -0)
(0 -0 -0)
(0 -0 -0)
(0 -0 -0)
(0 -0 -0)
(0 -0 -0)
(0 -0 -0)
(0 -0 -0)
(0 -0 -0)
(0 -0 -0)
(0 -0 -0)
(0 -0 -0)
(0 -0 -0)
(0 -0 -0)
(0 -0 -0)
(0 -0 -0)
(0 -0 -0)
(0 -0 -0)
(0 -0 -0)
(0 -0 -0)
(0 -0 -0)
(0 -0 -0)
(0 -0 -0)
(0 -0 -0)
(0 -0 -0)
(0 -0 -0)
(0 -0 -0)
(0 -0 -0)
(0 -0 -0)
(0 -0 -0)
(0 -0 -0)
(0 -0 -0)
(0 -0 -0)
(0 -0 -0)
(0 -0 -0)
(0 -0 -0)
(0 -0 -0)
(0 -0 -0)
(0 -0 -0)
(0 -0 -0)
(0 -0 -0)
(0 -0 -0)
(0 -0 -0)
(0 -0 -0)
(0 -0 -0)
(3.30233 -0 -0.0837829)
(3.30936 -0 -0.0417456)
(0 -0 -0)
(0 -0 -0)
(0 -0 0)
(0 -0 0)
(0 -0 0)
(0 -0 0)
(0 -0 0)
(0 -0 0)
(0 -0 0)
(0 -0 0)
(0 -0 0)
(0 -0 0)
(0 -0 0)
(0 -0 0)
(0 -0 0)
(0 -0 0)
(0 -0 0)
(0 -0 0)
(0 -0 0)
(0 -0 0)
(0 -0 0)
(0 -0 0)
(0 -0 0)
(0 -0 0)
(0 -0 0)
(0 -0 0)
(0 -0 0)
(0 -0 0)
(0 -0 0)
(0 -0 0)
(0 -0 0)
(0 -0 0)
(0 -0 0)
(0 -0 0)
(0 -0 0)
(0 -0 0)
(0 -0 0)
(0 -0 0)
(0 -0 0)
(0 -0 -0)
(0 -0 -0)
(0 -0 -0)
(0 -0 -0)
(0 -0 -0)
(0 -0 -0)
(0 -0 -0)
(0 -0 -0)
(0 -0 -0)
(0 -0 -0)
(0 -0 -0)
(0 -0 -0)
(0 -0 -0)
(0 -0 -0)
(0 -0 -0)
(0 -0 -0)
(0 -0 -0)
(0 -0 -0)
(0 -0 -0)
(0 -0 -0)
(0 -0 -0)
(0 -0 -0)
(0 -0 -0)
(0 -0 -0)
(0 -0 -0)
(0 -0 -0)
(0 -0 -0)
(0 -0 -0)
(0 -0 -0)
(0 -0 -0)
(0 -0 -0)
(0 -0 -0)
(0 -0 -0)
(0 -0 -0)
(0 -0 -0)
(0 -0 -0)
(0 -0 -0)
(0 -0 -0)
(0 -0 -0)
(0 -0 -0)
(0 -0 -0)
(0 -0 -0)
(0 -0 -0)
(0 -0 -0)
(0 -0 -0)
(0 -0 -0)
(0 -0 -0)
(0 -0 -0)
(0 -0 -0)
(0 -0 -0)
(0 -0 -0)
(0 -0 -0)
(0 -0 -0)
(0 -0 -0)
(0 -0 -0)
(0 -0 -0)
(0 -0 -0)
(0 -0 -0)
(0 -0 -0)
(0 -0 -0)
(0 -0 -0)
(0 -0 -0)
(0 -0 -0)
(0 -0 -0)
(0 -0 -0)
(0 -0 -0)
(0 -0 -0)
(0 -0 -0)
(0 -0 -0)
(0 -0 -0)
(0 -0 -0)
(0 -0 -0)
(0 -0 -0)
(0 -0 -0)
(0 -0 -0)
(0 -0 -0)
(0 -0 -0)
(0 -0 -0)
(0 -0 -0)
(3.35054 -0 -0.0942072)
(3.34561 -0 -0.0500637)
(0 -0 -0)
(0 -0 0)
(0 -0 0)
(0 -0 0)
(0 -0 0)
(0 -0 0)
(0 -0 0)
(0 -0 0)
(0 -0 0)
(0 -0 0)
(0 -0 0)
(0 -0 0)
(0 -0 0)
(0 -0 0)
(0 -0 0)
(0 -0 0)
(0 -0 0)
(0 -0 0)
(0 -0 0)
(0 -0 0)
(0 -0 0)
(0 -0 0)
(0 -0 0)
(0 -0 0)
(0 -0 0)
(0 -0 0)
(0 -0 0)
(0 -0 0)
(0 -0 0)
(0 -0 0)
(0 -0 0)
(0 -0 0)
(0 -0 0)
(0 -0 0)
(0 -0 0)
(0 -0 0)
(0 -0 0)
(0 -0 0)
(0 -0 0)
(0 -0 -0)
(0 -0 -0)
(0 -0 -0)
(0 -0 -0)
(0 -0 -0)
(0 -0 -0)
(0 -0 -0)
(0 -0 -0)
(0 -0 -0)
(0 -0 -0)
(0 -0 -0)
(0 -0 -0)
(0 -0 -0)
(0 -0 -0)
(0 -0 -0)
(0 -0 -0)
(0 -0 -0)
(0 -0 -0)
(0 -0 -0)
(0 -0 -0)
(0 -0 -0)
(0 -0 -0)
(0 -0 -0)
(0 -0 -0)
(0 -0 -0)
(0 -0 -0)
(0 -0 -0)
(0 -0 -0)
(0 -0 -0)
(0 -0 -0)
(0 -0 -0)
(0 -0 -0)
(0 -0 -0)
(0 -0 -0)
(0 -0 -0)
(0 -0 -0)
(0 -0 -0)
(0 -0 -0)
(0 -0 -0)
(0 -0 -0)
(0 -0 -0)
(0 -0 -0)
(0 -0 -0)
(0 -0 -0)
(0 -0 -0)
(0 -0 -0)
(0 -0 -0)
(0 -0 -0)
(0 -0 -0)
(0 -0 -0)
(0 -0 -0)
(0 -0 -0)
(0 -0 -0)
(0 -0 -0)
(0 -0 -0)
(0 -0 -0)
(0 -0 -0)
(0 -0 -0)
(0 -0 -0)
(0 -0 -0)
(0 -0 -0)
(0 -0 -0)
(0 -0 -0)
(0 -0 -0)
(0 -0 -0)
(0 -0 -0)
(0 -0 -0)
(0 -0 -0)
(0 -0 -0)
(0 -0 -0)
(0 -0 -0)
(0 -0 -0)
(0 -0 -0)
(0 -0 -0)
(0 -0 -0)
(0 -0 -0)
(0 -0 -0)
(0 -0 -0)
(0 -0 -0)
(3.40085 -0 -0.0912588)
(3.38539 -0 -0.0471857)
(0 -0 -0)
(0 -0 0)
(0 -0 0)
(0 -0 0)
(0 -0 0)
(0 -0 0)
(0 -0 0)
(0 -0 0)
(0 -0 0)
(0 -0 0)
(0 -0 0)
(0 -0 0)
(0 -0 0)
(0 -0 0)
(0 -0 0)
(0 -0 0)
(0 -0 0)
(0 -0 0)
(0 -0 0)
(0 -0 0)
(0 -0 0)
(0 -0 0)
(0 -0 0)
(0 -0 0)
(0 -0 0)
(0 -0 0)
(0 -0 0)
(0 -0 0)
(0 -0 0)
(0 -0 0)
(0 -0 0)
(0 -0 0)
(0 -0 0)
(0 -0 0)
(0 -0 0)
(0 -0 0)
(0 -0 0)
(0 -0 0)
(0 -0 0)
(0 -0 -0)
(0 -0 -0)
(0 -0 -0)
(0 -0 -0)
(0 -0 -0)
(0 -0 -0)
(0 -0 -0)
(0 -0 -0)
(0 -0 -0)
(0 -0 -0)
(0 -0 -0)
(0 -0 -0)
(0 -0 -0)
(0 -0 -0)
(0 -0 -0)
(0 -0 -0)
(0 -0 -0)
(0 -0 -0)
(0 -0 -0)
(0 -0 -0)
(0 -0 -0)
(0 -0 -0)
(0 -0 -0)
(0 -0 -0)
(0 -0 -0)
(0 -0 -0)
(0 -0 -0)
(0 -0 -0)
(0 -0 -0)
(0 -0 -0)
(0 -0 -0)
(0 -0 -0)
(0 -0 -0)
(0 -0 -0)
(0 -0 -0)
(0 -0 -0)
(0 -0 -0)
(0 -0 -0)
(0 -0 -0)
(0 -0 -0)
(0 -0 -0)
(0 -0 -0)
(0 -0 -0)
(0 -0 -0)
(0 -0 -0)
(0 -0 -0)
(0 -0 -0)
(0 -0 -0)
(0 -0 -0)
(0 -0 -0)
(0 -0 -0)
(0 -0 -0)
(0 -0 -0)
(0 -0 -0)
(0 -0 -0)
(0 -0 -0)
(0 -0 -0)
(0 -0 -0)
(0 -0 -0)
(0 -0 -0)
(0 -0 -0)
(0 -0 -0)
(0 -0 -0)
(0 -0 -0)
(0 -0 -0)
(0 -0 -0)
(0 -0 -0)
(0 -0 -0)
(0 -0 -0)
(0 -0 -0)
(0 -0 -0)
(0 -0 -0)
(0 -0 -0)
(0 -0 -0)
(0 -0 -0)
(0 -0 -0)
(0 -0 -0)
(0 -0 -0)
(0 -0 -0)
(3.45036 -0 -0.0869211)
(3.42523 -0 -0.0370993)
(0 -0 0)
(0 -0 0)
(0 -0 0)
(0 -0 0)
(0 -0 0)
(0 -0 0)
(0 -0 0)
(0 -0 0)
(0 -0 0)
(0 -0 0)
(0 -0 0)
(0 -0 0)
(0 -0 0)
(0 -0 0)
(0 -0 0)
(0 -0 0)
(0 -0 0)
(0 -0 0)
(0 -0 0)
(0 -0 0)
(0 -0 0)
(0 -0 0)
(0 -0 0)
(0 -0 0)
(0 -0 0)
(0 -0 0)
(0 -0 0)
(0 -0 0)
(0 -0 0)
(0 -0 0)
(0 -0 0)
(0 -0 0)
(0 -0 0)
(0 -0 0)
(0 -0 0)
(0 -0 0)
(0 -0 0)
(0 -0 0)
(0 -0 0)
(0 -0 -0)
(0 -0 -0)
(0 -0 -0)
(0 -0 -0)
(0 -0 -0)
(0 -0 -0)
(0 -0 -0)
(0 -0 -0)
(0 -0 -0)
(0 -0 -0)
(0 -0 -0)
(0 -0 -0)
(0 -0 -0)
(0 -0 -0)
(0 -0 -0)
(0 -0 -0)
(0 -0 -0)
(0 -0 -0)
(0 -0 -0)
(0 -0 -0)
(0 -0 -0)
(0 -0 -0)
(0 -0 -0)
(0 -0 -0)
(0 -0 -0)
(0 -0 -0)
(0 -0 -0)
(0 -0 -0)
(0 -0 -0)
(0 -0 -0)
(0 -0 -0)
(0 -0 -0)
(0 -0 -0)
(0 -0 -0)
(0 -0 -0)
(0 -0 -0)
(0 -0 -0)
(0 -0 -0)
(0 -0 -0)
(0 -0 -0)
(0 -0 -0)
(0 -0 -0)
(0 -0 -0)
(0 -0 -0)
(0 -0 -0)
(0 -0 -0)
(0 -0 -0)
(0 -0 -0)
(0 -0 -0)
(0 -0 -0)
(0 -0 -0)
(0 -0 -0)
(0 -0 -0)
(0 -0 -0)
(0 -0 -0)
(0 -0 -0)
(0 -0 -0)
(0 -0 -0)
(0 -0 -0)
(0 -0 -0)
(0 -0 -0)
(0 -0 -0)
(0 -0 -0)
(0 -0 -0)
(0 -0 -0)
(0 -0 -0)
(0 -0 -0)
(0 -0 -0)
(0 -0 -0)
(0 -0 -0)
(0 -0 -0)
(0 -0 -0)
(0 -0 -0)
(0 -0 -0)
(0 -0 -0)
(0 -0 -0)
(0 -0 -0)
(0 -0 -0)
(0 -0 -0)
(3.51241 -0 -0.0736021)
(3.47451 -0 -0.0178652)
(0 -0 0)
(0 -0 0)
(0 -0 0)
(0 -0 0)
(0 -0 0)
(0 -0 0)
(0 -0 0)
(0 -0 0)
(0 -0 0)
(0 -0 0)
(0 -0 0)
(0 -0 0)
(0 -0 0)
(0 -0 0)
(0 -0 0)
(0 -0 0)
(0 -0 0)
(0 -0 0)
(0 -0 0)
(0 -0 0)
(0 -0 0)
(0 -0 0)
(0 -0 0)
(0 -0 0)
(0 -0 0)
(0 -0 0)
(0 -0 0)
(0 -0 0)
(0 -0 0)
(0 -0 0)
(0 -0 0)
(0 -0 0)
(0 -0 0)
(0 -0 0)
(0 -0 0)
(0 -0 0)
(0 -0 0)
(0 -0 0)
(0 -0 0)
(0 -0 -0)
(0 -0 -0)
(0 -0 -0)
(0 -0 -0)
(0 -0 -0)
(0 -0 -0)
(0 -0 -0)
(0 -0 -0)
(0 -0 -0)
(0 -0 -0)
(0 -0 -0)
(0 -0 -0)
(0 -0 -0)
(0 -0 -0)
(0 -0 -0)
(0 -0 -0)
(0 -0 -0)
(0 -0 -0)
(0 -0 -0)
(0 -0 -0)
(0 -0 -0)
(0 -0 -0)
(0 -0 -0)
(0 -0 -0)
(0 -0 -0)
(0 -0 -0)
(0 -0 -0)
(0 -0 -0)
(0 -0 -0)
(0 -0 -0)
(0 -0 -0)
(0 -0 -0)
(0 -0 -0)
(0 -0 -0)
(0 -0 -0)
(0 -0 -0)
(0 -0 -0)
(0 -0 -0)
(0 -0 -0)
(0 -0 -0)
(0 -0 -0)
(0 -0 -0)
(0 -0 -0)
(0 -0 -0)
(0 -0 -0)
(0 -0 -0)
(0 -0 -0)
(0 -0 -0)
(0 -0 -0)
(0 -0 -0)
(0 -0 -0)
(0 -0 -0)
(0 -0 -0)
(0 -0 -0)
(0 -0 -0)
(0 -0 -0)
(0 -0 -0)
(0 -0 -0)
(0 -0 -0)
(0 -0 -0)
(0 -0 -0)
(0 -0 -0)
(0 -0 -0)
(0 -0 -0)
(0 -0 -0)
(0 -0 -0)
(0 -0 -0)
(0 -0 -0)
(0 -0 -0)
(0 -0 -0)
(0 -0 -0)
(0 -0 -0)
(0 -0 -0)
(0 -0 -0)
(0 -0 -0)
(0 -0 -0)
(0 -0 -0)
(0 -0 -0)
(0 -0 -0)
(3.57229 -0 -0.0400795)
(3.52286 -0 0.0139452)
(0 -0 0)
(0 -0 0)
(0 -0 0)
(0 -0 0)
(0 -0 0)
(0 -0 0)
(0 -0 0)
(0 -0 0)
(0 -0 0)
(0 -0 0)
(0 -0 0)
(0 -0 0)
(0 -0 0)
(0 -0 0)
(0 -0 0)
(0 -0 0)
(0 -0 0)
(0 -0 0)
(0 -0 0)
(0 -0 0)
(0 -0 0)
(0 -0 0)
(0 -0 0)
(0 -0 0)
(0 -0 0)
(0 -0 0)
(0 -0 0)
(0 -0 0)
(0 -0 0)
(0 -0 0)
(0 -0 0)
(0 -0 0)
(0 -0 0)
(0 -0 0)
(0 -0 0)
(0 -0 0)
(0 -0 0)
(0 -0 0)
(0 -0 0)
(0 -0 -0)
(0 -0 -0)
(0 -0 -0)
(0 -0 -0)
(0 -0 -0)
(0 -0 -0)
(0 -0 -0)
(0 -0 -0)
(0 -0 -0)
(0 -0 -0)
(0 -0 -0)
(0 -0 -0)
(0 -0 -0)
(0 -0 -0)
(0 -0 -0)
(0 -0 -0)
(0 -0 -0)
(0 -0 -0)
(0 -0 -0)
(0 -0 -0)
(0 -0 -0)
(0 -0 -0)
(0 -0 -0)
(0 -0 -0)
(0 -0 -0)
(0 -0 -0)
(0 -0 -0)
(0 -0 -0)
(0 -0 -0)
(0 -0 -0)
(0 -0 -0)
(0 -0 -0)
(0 -0 -0)
(0 -0 -0)
(0 -0 -0)
(0 -0 -0)
(0 -0 -0)
(0 -0 -0)
(0 -0 -0)
(0 -0 -0)
(0 -0 -0)
(0 -0 -0)
(0 -0 -0)
(0 -0 -0)
(0 -0 -0)
(0 -0 -0)
(0 -0 -0)
(0 -0 -0)
(0 -0 -0)
(0 -0 -0)
(0 -0 -0)
(0 -0 -0)
(0 -0 -0)
(0 -0 -0)
(0 -0 -0)
(0 -0 -0)
(0 -0 -0)
(0 -0 -0)
(0 -0 -0)
(0 -0 -0)
(0 -0 -0)
(0 -0 -0)
(0 -0 -0)
(0 -0 -0)
(0 -0 -0)
(0 -0 -0)
(0 -0 -0)
(0 -0 -0)
(0 -0 -0)
(0 -0 -0)
(0 -0 -0)
(0 -0 -0)
(0 -0 -0)
(0 -0 -0)
(0 -0 -0)
(0 -0 -0)
(0 -0 -0)
(0 -0 -0)
(0 -0 -0)
(3.62914 -0 0.0117283)
(3.56961 -0 0.0577259)
(0 -0 0)
(0 -0 0)
(0 -0 0)
(0 -0 0)
(0 -0 0)
(0 -0 0)
(0 -0 0)
(0 -0 0)
(0 -0 0)
(0 -0 0)
(0 -0 0)
(0 -0 0)
(0 -0 0)
(0 -0 0)
(0 -0 0)
(0 -0 0)
(0 -0 0)
(0 -0 0)
(0 -0 0)
(0 -0 0)
(0 -0 0)
(0 -0 0)
(0 -0 0)
(0 -0 0)
(0 -0 0)
(0 -0 0)
(0 -0 0)
(0 -0 0)
(0 -0 0)
(0 -0 0)
(0 -0 0)
(0 -0 0)
(0 -0 0)
(0 -0 0)
(0 -0 0)
(0 -0 0)
(0 -0 0)
(0 -0 0)
(0 -0 0)
(0 -0 -0)
(0 -0 -0)
(0 -0 -0)
(0 -0 -0)
(0 -0 -0)
(0 -0 -0)
(0 -0 -0)
(0 -0 -0)
(0 -0 -0)
(0 -0 -0)
(0 -0 -0)
(0 -0 -0)
(0 -0 -0)
(0 -0 -0)
(0 -0 -0)
(0 -0 -0)
(0 -0 -0)
(0 -0 -0)
(0 -0 -0)
(0 -0 -0)
(0 -0 -0)
(0 -0 -0)
(0 -0 -0)
(0 -0 -0)
(0 -0 -0)
(0 -0 -0)
(0 -0 -0)
(0 -0 -0)
(0 -0 -0)
(0 -0 -0)
(0 -0 -0)
(0 -0 -0)
(0 -0 -0)
(0 -0 -0)
(0 -0 -0)
(0 -0 -0)
(0 -0 -0)
(0 -0 -0)
(0 -0 -0)
(0 -0 -0)
(0 -0 -0)
(0 -0 -0)
(0 -0 -0)
(0 -0 -0)
(0 -0 -0)
(0 -0 -0)
(0 -0 -0)
(0 -0 -0)
(0 -0 -0)
(0 -0 -0)
(0 -0 -0)
(0 -0 -0)
(0 -0 -0)
(0 -0 -0)
(0 -0 -0)
(0 -0 -0)
(0 -0 -0)
(0 -0 -0)
(0 -0 -0)
(0 -0 -0)
(0 -0 -0)
(0 -0 -0)
(0 -0 -0)
(0 -0 -0)
(0 -0 -0)
(0 -0 -0)
(0 -0 -0)
(0 -0 -0)
(0 -0 -0)
(0 -0 -0)
(0 -0 -0)
(0 -0 -0)
(0 -0 -0)
(0 -0 -0)
(0 -0 -0)
(0 -0 -0)
(0 -0 -0)
(0 -0 -0)
(0 -0 0)
(3.66435 -0 0.0760369)
(3.60621 -0 0.109607)
(0 -0 0)
(0 -0 0)
(0 -0 0)
(0 -0 0)
(0 -0 0)
(0 -0 0)
(0 -0 0)
(0 -0 0)
(0 -0 0)
(0 -0 0)
(0 -0 0)
(0 -0 0)
(0 -0 0)
(0 -0 0)
(0 -0 0)
(0 -0 0)
(0 -0 0)
(0 -0 0)
(0 -0 0)
(0 -0 0)
(0 -0 0)
(0 -0 0)
(0 -0 0)
(0 -0 0)
(0 -0 0)
(0 -0 0)
(0 -0 0)
(0 -0 0)
(0 -0 0)
(0 -0 0)
(0 -0 0)
(0 -0 0)
(0 -0 0)
(0 -0 0)
(0 -0 0)
(0 -0 0)
(0 -0 0)
(0 -0 0)
(0 -0 0)
(0 -0 -0)
(0 -0 -0)
(0 -0 -0)
(0 -0 -0)
(0 -0 -0)
(0 -0 -0)
(0 -0 -0)
(0 -0 -0)
(0 -0 -0)
(0 -0 -0)
(0 -0 -0)
(0 -0 -0)
(0 -0 -0)
(0 -0 -0)
(0 -0 -0)
(0 -0 -0)
(0 -0 -0)
(0 -0 -0)
(0 -0 -0)
(0 -0 -0)
(0 -0 -0)
(0 -0 -0)
(0 -0 -0)
(0 -0 -0)
(0 -0 -0)
(0 -0 -0)
(0 -0 -0)
(0 -0 -0)
(0 -0 -0)
(0 -0 -0)
(0 -0 -0)
(0 -0 -0)
(0 -0 -0)
(0 -0 -0)
(0 -0 -0)
(0 -0 -0)
(0 -0 -0)
(0 -0 -0)
(0 -0 -0)
(0 -0 -0)
(0 -0 -0)
(0 -0 -0)
(0 -0 -0)
(0 -0 -0)
(0 -0 -0)
(0 -0 -0)
(0 -0 -0)
(0 -0 -0)
(0 -0 -0)
(0 -0 -0)
(0 -0 -0)
(0 -0 -0)
(0 -0 -0)
(0 -0 -0)
(0 -0 -0)
(0 -0 -0)
(0 -0 -0)
(0 -0 -0)
(0 -0 -0)
(0 -0 -0)
(0 -0 -0)
(0 -0 -0)
(0 -0 -0)
(0 -0 -0)
(0 -0 -0)
(0 -0 -0)
(0 -0 -0)
(0 -0 -0)
(0 -0 -0)
(0 -0 -0)
(0 -0 -0)
(0 -0 -0)
(0 -0 -0)
(0 -0 -0)
(0 -0 -0)
(0 -0 -0)
(0 -0 -0)
(0 -0 -0)
(0 -0 0)
(3.69543 -0 0.120622)
(3.63655 -0 0.161716)
(0 -0 0)
(0 -0 0)
(0 -0 0)
(0 -0 0)
(0 -0 0)
(0 -0 0)
(0 -0 0)
(0 -0 0)
(0 -0 0)
(0 -0 0)
(0 -0 0)
(0 -0 0)
(0 -0 0)
(0 -0 0)
(0 -0 0)
(0 -0 0)
(0 -0 0)
(0 -0 0)
(0 -0 0)
(0 -0 0)
(0 -0 0)
(0 -0 0)
(0 -0 0)
(0 -0 0)
(0 -0 0)
(0 -0 0)
(0 -0 0)
(0 -0 0)
(0 -0 0)
(0 -0 0)
(0 -0 0)
(0 -0 0)
(0 -0 0)
(0 -0 0)
(0 -0 0)
(0 -0 0)
(0 -0 0)
(0 -0 0)
(0 -0 0)
(0 -0 -0)
(0 -0 -0)
(0 -0 -0)
(0 -0 -0)
(0 -0 -0)
(0 -0 -0)
(0 -0 -0)
(0 -0 -0)
(0 -0 -0)
(0 -0 -0)
(0 -0 -0)
(0 -0 -0)
(0 -0 -0)
(0 -0 -0)
(0 -0 -0)
(0 -0 -0)
(0 -0 -0)
(0 -0 -0)
(0 -0 -0)
(0 -0 -0)
(0 -0 -0)
(0 -0 -0)
(0 -0 -0)
(0 -0 -0)
(0 -0 -0)
(0 -0 -0)
(0 -0 -0)
(0 -0 -0)
(0 -0 -0)
(0 -0 -0)
(0 -0 -0)
(0 -0 -0)
(0 -0 -0)
(0 -0 -0)
(0 -0 -0)
(0 -0 -0)
(0 -0 -0)
(0 -0 -0)
(0 -0 -0)
(0 -0 -0)
(0 -0 -0)
(0 -0 -0)
(0 -0 -0)
(0 -0 -0)
(0 -0 -0)
(0 -0 -0)
(0 -0 -0)
(0 -0 -0)
(0 -0 -0)
(0 -0 -0)
(0 -0 -0)
(0 -0 -0)
(0 -0 -0)
(0 -0 -0)
(0 -0 -0)
(0 -0 -0)
(0 -0 -0)
(0 -0 -0)
(0 -0 -0)
(0 -0 -0)
(0 -0 -0)
(0 -0 -0)
(0 -0 -0)
(0 -0 -0)
(0 -0 -0)
(0 -0 -0)
(0 -0 -0)
(0 -0 -0)
(0 -0 -0)
(0 -0 -0)
(0 -0 -0)
(0 -0 -0)
(0 -0 -0)
(0 -0 -0)
(0 -0 -0)
(0 -0 -0)
(0 -0 -0)
(0 -0 -0)
(0 -0 0)
(3.75796 -0 0.152665)
(3.68317 -0 0.219244)
(0 -0 0)
(0 -0 0)
(0 -0 0)
(0 -0 0)
(0 -0 0)
(0 -0 0)
(0 -0 0)
(0 -0 0)
(0 -0 0)
(0 -0 0)
(0 -0 0)
(0 -0 0)
(0 -0 0)
(0 -0 0)
(0 -0 0)
(0 -0 0)
(0 -0 0)
(0 -0 0)
(0 -0 0)
(0 -0 0)
(0 -0 0)
(0 -0 0)
(0 -0 0)
(0 -0 0)
(0 -0 0)
(0 -0 0)
(0 -0 0)
(0 -0 0)
(0 -0 0)
(0 -0 0)
(0 -0 0)
(0 -0 0)
(0 -0 0)
(0 -0 0)
(0 -0 0)
(0 -0 0)
(0 -0 0)
(0 -0 0)
(0 -0 0)
(0 -0 -0)
(0 -0 -0)
(0 -0 -0)
(0 -0 -0)
(0 -0 -0)
(0 -0 -0)
(0 -0 -0)
(0 -0 -0)
(0 -0 -0)
(0 -0 -0)
(0 -0 -0)
(0 -0 -0)
(0 -0 -0)
(0 -0 -0)
(0 -0 -0)
(0 -0 -0)
(0 -0 -0)
(0 -0 -0)
(0 -0 -0)
(0 -0 -0)
(0 -0 -0)
(0 -0 -0)
(0 -0 -0)
(0 -0 -0)
(0 -0 -0)
(0 -0 -0)
(0 -0 -0)
(0 -0 -0)
(0 -0 -0)
(0 -0 -0)
(0 -0 -0)
(0 -0 -0)
(0 -0 -0)
(0 -0 -0)
(0 -0 -0)
(0 -0 -0)
(0 -0 -0)
(0 -0 -0)
(0 -0 -0)
(0 -0 -0)
(0 -0 -0)
(0 -0 -0)
(0 -0 -0)
(0 -0 -0)
(0 -0 -0)
(0 -0 -0)
(0 -0 -0)
(0 -0 -0)
(0 -0 -0)
(0 -0 -0)
(0 -0 -0)
(0 -0 -0)
(0 -0 -0)
(0 -0 -0)
(0 -0 -0)
(0 -0 -0)
(0 -0 -0)
(0 -0 -0)
(0 -0 -0)
(0 -0 -0)
(0 -0 -0)
(0 -0 -0)
(0 -0 -0)
(0 -0 -0)
(0 -0 -0)
(0 -0 -0)
(0 -0 -0)
(0 -0 -0)
(0 -0 -0)
(0 -0 -0)
(0 -0 -0)
(0 -0 -0)
(0 -0 -0)
(0 -0 -0)
(0 -0 -0)
(0 -0 -0)
(0 -0 -0)
(0 -0 0)
(0 -0 0)
(3.84843 -0 0.221929)
(3.74632 -0 0.298991)
(0 -0 0)
(0 -0 0)
(0 -0 0)
(0 -0 0)
(0 -0 0)
(0 -0 0)
(0 -0 0)
(0 -0 0)
(0 -0 0)
(0 -0 0)
(0 -0 0)
(0 -0 0)
(0 -0 0)
(0 -0 0)
(0 -0 0)
(0 -0 0)
(0 -0 0)
(0 -0 0)
(0 -0 0)
(0 -0 0)
(0 -0 0)
(0 -0 0)
(0 -0 0)
(0 -0 0)
(0 -0 0)
(0 -0 0)
(0 -0 0)
(0 -0 0)
(0 -0 0)
(0 -0 0)
(0 -0 0)
(0 -0 0)
(0 -0 0)
(0 -0 0)
(0 -0 0)
(0 -0 0)
(0 -0 0)
(0 -0 0)
(0 -0 0)
(0 -0 -0)
(0 -0 -0)
(0 -0 -0)
(0 -0 -0)
(0 -0 -0)
(0 -0 -0)
(0 -0 -0)
(0 -0 -0)
(0 -0 -0)
(0 -0 -0)
(0 -0 -0)
(0 -0 -0)
(0 -0 -0)
(0 -0 -0)
(0 -0 -0)
(0 -0 -0)
(0 -0 -0)
(0 -0 -0)
(0 -0 -0)
(0 -0 -0)
(0 -0 -0)
(0 -0 -0)
(0 -0 -0)
(0 -0 -0)
(0 -0 -0)
(0 -0 -0)
(0 -0 -0)
(0 -0 -0)
(0 -0 -0)
(0 -0 -0)
(0 -0 -0)
(0 -0 -0)
(0 -0 -0)
(0 -0 -0)
(0 -0 -0)
(0 -0 -0)
(0 -0 -0)
(0 -0 -0)
(0 -0 -0)
(0 -0 -0)
(0 -0 -0)
(0 -0 -0)
(0 -0 -0)
(0 -0 -0)
(0 -0 -0)
(0 -0 -0)
(0 -0 -0)
(0 -0 -0)
(0 -0 -0)
(0 -0 -0)
(0 -0 -0)
(0 -0 -0)
(0 -0 -0)
(0 -0 -0)
(0 -0 -0)
(0 -0 -0)
(0 -0 -0)
(0 -0 -0)
(0 -0 -0)
(0 -0 -0)
(0 -0 -0)
(0 -0 -0)
(0 -0 -0)
(0 -0 -0)
(0 -0 -0)
(0 -0 -0)
(0 -0 -0)
(0 -0 -0)
(0 -0 -0)
(0 -0 -0)
(0 -0 -0)
(0 -0 -0)
(0 -0 -0)
(0 -0 -0)
(0 -0 -0)
(0 -0 -0)
(0 -0 0)
(0 -0 0)
(0 -0 0)
(3.92833 -0 0.320084)
(3.80583 -0 0.405562)
(0 -0 0)
(0 -0 0)
(0 -0 0)
(0 -0 0)
(0 -0 0)
(0 -0 0)
(0 -0 0)
(0 -0 0)
(0 -0 0)
(0 -0 0)
(0 -0 0)
(0 -0 0)
(0 -0 0)
(0 -0 0)
(0 -0 0)
(0 -0 0)
(0 -0 0)
(0 -0 0)
(0 -0 0)
(0 -0 0)
(0 -0 0)
(0 -0 0)
(0 -0 0)
(0 -0 0)
(0 -0 0)
(0 -0 0)
(0 -0 0)
(0 -0 0)
(0 -0 0)
(0 -0 0)
(0 -0 0)
(0 -0 0)
(0 -0 0)
(0 -0 0)
(0 -0 0)
(0 -0 0)
(0 -0 0)
(0 -0 0)
(0 -0 0)
(0 -0 -0)
(0 -0 -0)
(0 -0 -0)
(0 -0 -0)
(0 -0 -0)
(0 -0 -0)
(0 -0 -0)
(0 -0 -0)
(0 -0 -0)
(0 -0 -0)
(0 -0 -0)
(0 -0 -0)
(0 -0 -0)
(0 -0 -0)
(0 -0 -0)
(0 -0 -0)
(0 -0 -0)
(0 -0 -0)
(0 -0 -0)
(0 -0 -0)
(0 -0 -0)
(0 -0 -0)
(0 -0 -0)
(0 -0 -0)
(0 -0 -0)
(0 -0 -0)
(0 -0 -0)
(0 -0 -0)
(0 -0 -0)
(0 -0 -0)
(0 -0 -0)
(0 -0 -0)
(0 -0 -0)
(0 -0 -0)
(0 -0 -0)
(0 -0 -0)
(0 -0 -0)
(0 -0 -0)
(0 -0 -0)
(0 -0 -0)
(0 -0 -0)
(0 -0 -0)
(0 -0 -0)
(0 -0 -0)
(0 -0 -0)
(0 -0 -0)
(0 -0 -0)
(0 -0 -0)
(0 -0 -0)
(0 -0 -0)
(0 -0 -0)
(0 -0 -0)
(0 -0 -0)
(0 -0 -0)
(0 -0 -0)
(0 -0 -0)
(0 -0 -0)
(0 -0 -0)
(0 -0 -0)
(0 -0 -0)
(0 -0 -0)
(0 -0 -0)
(0 -0 -0)
(0 -0 -0)
(0 -0 -0)
(0 -0 -0)
(0 -0 -0)
(0 -0 -0)
(0 -0 -0)
(0 -0 -0)
(0 -0 -0)
(0 -0 -0)
(0 -0 -0)
(0 -0 -0)
(0 -0 -0)
(0 -0 0)
(0 -0 0)
(0 -0 0)
(0 -0 0)
(4.03403 -0 0.446772)
(3.87443 -0 0.545306)
(0 -0 0)
(0 -0 0)
(0 -0 0)
(0 -0 0)
(0 -0 0)
(0 -0 0)
(0 -0 0)
(0 -0 0)
(0 -0 0)
(0 -0 0)
(0 -0 0)
(0 -0 0)
(0 -0 0)
(0 -0 0)
(0 -0 0)
(0 -0 0)
(0 -0 0)
(0 -0 0)
(0 -0 0)
(0 -0 0)
(0 -0 0)
(0 -0 0)
(0 -0 0)
(0 -0 0)
(0 -0 0)
(0 -0 0)
(0 -0 0)
(0 -0 0)
(0 -0 0)
(0 -0 0)
(0 -0 0)
(0 -0 0)
(0 -0 0)
(0 -0 0)
(0 -0 0)
(0 -0 0)
(0 -0 0)
(0 -0 0)
(0 -0 0)
(8.51497e-16 -0 -1.40098e-17)
(0 -0 -0)
(0 -0 -0)
(0 -0 -0)
(0 -0 -0)
(0 -0 -0)
(0 -0 -0)
(0 -0 -0)
(0 -0 -0)
(0 -0 -0)
(0 -0 -0)
(0 -0 -0)
(0 -0 -0)
(0 -0 -0)
(0 -0 -0)
(0 -0 -0)
(0 -0 -0)
(0 -0 -0)
(0 -0 -0)
(0 -0 -0)
(0 -0 -0)
(0 -0 -0)
(0 -0 -0)
(0 -0 -0)
(0 -0 -0)
(0 -0 -0)
(0 -0 -0)
(0 -0 -0)
(0 -0 -0)
(0 -0 -0)
(0 -0 -0)
(0 -0 -0)
(0 -0 -0)
(0 -0 -0)
(0 -0 -0)
(0 -0 -0)
(0 -0 -0)
(0 -0 -0)
(0 -0 -0)
(0 -0 -0)
(0 -0 -0)
(0 -0 -0)
(0 -0 -0)
(0 -0 -0)
(0 -0 -0)
(0 -0 -0)
(0 -0 -0)
(0 -0 -0)
(0 -0 -0)
(0 -0 -0)
(0 -0 -0)
(0 -0 -0)
(0 -0 -0)
(0 -0 -0)
(0 -0 -0)
(0 -0 -0)
(0 -0 -0)
(0 -0 -0)
(0 -0 -0)
(0 -0 -0)
(0 -0 -0)
(0 -0 -0)
(0 -0 -0)
(0 -0 -0)
(0 -0 -0)
(0 -0 -0)
(0 -0 -0)
(0 -0 -0)
(0 -0 -0)
(0 -0 -0)
(0 -0 -0)
(0 -0 -0)
(0 -0 -0)
(0 -0 -0)
(0 -0 -0)
(0 -0 0)
(0 -0 0)
(0 -0 0)
(0 -0 0)
(4.14114 -0 0.616386)
(3.93605 -0 0.738661)
(0 -0 0)
(0 -0 0)
(0 -0 0)
(0 -0 0)
(0 -0 0)
(0 -0 0)
(0 -0 0)
(0 -0 0)
(0 -0 0)
(0 -0 0)
(0 -0 0)
(0 -0 0)
(0 -0 0)
(0 -0 0)
(0 -0 0)
(0 -0 0)
(0 -0 0)
(0 -0 0)
(0 -0 0)
(0 -0 0)
(0 -0 0)
(0 -0 0)
(0 -0 0)
(0 -0 0)
(0 -0 0)
(0 -0 0)
(0 -0 0)
(0 -0 0)
(0 -0 0)
(0 -0 0)
(0 -0 0)
(0 -0 0)
(0 -0 0)
(0 -0 0)
(0 -0 0)
(0 -0 0)
(0 -0 0)
(0 -0 0)
(0 -0 0)
(0 -0 -0)
(0 -0 -0)
(0 -0 -0)
(0 -0 -0)
(0 -0 -0)
(0 -0 -0)
(0 -0 -0)
(0 -0 -0)
(0 -0 -0)
(0 -0 -0)
(0 -0 -0)
(0 -0 -0)
(0 -0 -0)
(0 -0 -0)
(0 -0 -0)
(0 -0 -0)
(0 -0 -0)
(0 -0 -0)
(0 -0 -0)
(0 -0 -0)
(0 -0 -0)
(0 -0 -0)
(0 -0 -0)
(0 -0 -0)
(0 -0 -0)
(0 -0 -0)
(0 -0 -0)
(0 -0 -0)
(0 -0 -0)
(0 -0 -0)
(0 -0 -0)
(0 -0 -0)
(0 -0 -0)
(0 -0 -0)
(0 -0 -0)
(0 -0 -0)
(0 -0 -0)
(0 -0 -0)
(0 -0 -0)
(0 -0 -0)
(0 -0 -0)
(0 -0 -0)
(0 -0 -0)
(0 -0 -0)
(0 -0 -0)
(0 -0 -0)
(0 -0 -0)
(0 -0 -0)
(0 -0 -0)
(0 -0 -0)
(0 -0 -0)
(0 -0 -0)
(0 -0 -0)
(0 -0 -0)
(0 -0 -0)
(0 -0 -0)
(0 -0 -0)
(0 -0 -0)
(0 -0 -0)
(0 -0 -0)
(0 -0 -0)
(0 -0 -0)
(0 -0 -0)
(0 -0 -0)
(0 -0 -0)
(0 -0 -0)
(0 -0 -0)
(0 -0 -0)
(0 -0 -0)
(0 -0 -0)
(0 -0 -0)
(0 -0 -0)
(0 -0 -0)
(0 -0 -0)
(0 -0 -0)
(0 -0 0)
(0 -0 0)
(0 -0 0)
(0 -0 0)
(4.29912 -0 0.833465)
(3.99682 -0 1.04791)
(0 -0 0)
(0 -0 0)
(0 -0 0)
(0 -0 0)
(0 -0 0)
(0 -0 0)
(0 -0 0)
(0 -0 0)
(0 -0 0)
(0 -0 0)
(0 -0 0)
(0 -0 0)
(0 -0 0)
(0 -0 0)
(0 -0 0)
(0 -0 0)
(0 -0 0)
(0 -0 0)
(0 -0 0)
(0 -0 0)
(0 -0 0)
(0 -0 0)
(0 -0 0)
(0 -0 0)
(0 -0 0)
(0 -0 0)
(0 -0 0)
(0 -0 0)
(0 -0 0)
(0 -0 0)
(0 -0 0)
(0 -0 0)
(0 -0 0)
(0 -0 0)
(0 -0 0)
(0 -0 0)
(0 -0 0)
(0 -0 0)
(0 -0 0)
(0 -0 -0)
(0 -0 -0)
(0 -0 -0)
(0 -0 -0)
(0 -0 -0)
(0 -0 -0)
(0 -0 -0)
(0 -0 -0)
(0 -0 -0)
(0 -0 -0)
(0 -0 -0)
(0 -0 -0)
(0 -0 -0)
(0 -0 -0)
(0 -0 -0)
(0 -0 -0)
(0 -0 -0)
(0 -0 -0)
(0 -0 -0)
(0 -0 -0)
(0 -0 -0)
(0 -0 -0)
(0 -0 -0)
(0 -0 -0)
(0 -0 -0)
(0 -0 -0)
(0 -0 -0)
(0 -0 -0)
(0 -0 -0)
(0 -0 -0)
(0 -0 -0)
(0 -0 -0)
(0 -0 -0)
(0 -0 -0)
(0 -0 -0)
(0 -0 -0)
(0 -0 -0)
(0 -0 -0)
(0 -0 -0)
(0 -0 -0)
(0 -0 -0)
(0 -0 -0)
(0 -0 -0)
(0 -0 -0)
(0 -0 -0)
(0 -0 -0)
(0 -0 -0)
(0 -0 -0)
(0 -0 -0)
(0 -0 -0)
(0 -0 -0)
(0 -0 -0)
(0 -0 -0)
(0 -0 -0)
(0 -0 -0)
(0 -0 -0)
(0 -0 -0)
(0 -0 -0)
(0 -0 -0)
(0 -0 -0)
(0 -0 -0)
(0 -0 -0)
(0 -0 -0)
(0 -0 -0)
(0 -0 -0)
(0 -0 -0)
(0 -0 -0)
(0 -0 -0)
(0 -0 -0)
(0 -0 -0)
(0 -0 -0)
(0 -0 -0)
(0 -0 -0)
(0 -0 -0)
(0 -0 -0)
(0 -0 0)
(0 -0 0)
(0 -0 0)
(0 -0 0)
(4.58721 -0 1.13641)
(4.05398 -0 1.69677)
(0 -0 0)
(0 -0 0)
(0 -0 0)
(0 -0 0)
(0 -0 0)
(0 -0 0)
(0 -0 0)
(0 -0 0)
(0 -0 0)
(0 -0 0)
(0 -0 0)
(0 -0 0)
(0 -0 0)
(0 -0 0)
(0 -0 0)
(0 -0 0)
(0 -0 0)
(0 -0 0)
(0 -0 0)
(0 -0 0)
(0 -0 0)
(0 -0 0)
(0 -0 0)
(0 -0 0)
(0 -0 0)
(0 -0 0)
(0 -0 0)
(0 -0 0)
(0 -0 0)
(0 -0 0)
(0 -0 0)
(0 -0 0)
(0 -0 0)
(0 -0 0)
(0 -0 0)
(0 -0 0)
(0 -0 0)
(0 -0 0)
(0 -0 0)
(7.54934e-16 -0 -1.8509e-17)
(0 -0 -0)
(0 -0 -0)
(0 -0 -0)
(0 -0 -0)
(0 -0 -0)
(0 -0 -0)
(0 -0 -0)
(0 -0 -0)
(0 -0 -0)
(0 -0 -0)
(0 -0 -0)
(0 -0 -0)
(0 -0 -0)
(0 -0 -0)
(0 -0 -0)
(0 -0 -0)
(0 -0 -0)
(0 -0 -0)
(0 -0 -0)
(0 -0 -0)
(0 -0 -0)
(0 -0 -0)
(0 -0 -0)
(0 -0 -0)
(0 -0 -0)
(0 -0 -0)
(0 -0 -0)
(0 -0 -0)
(0 -0 -0)
(0 -0 -0)
(0 -0 -0)
(0 -0 -0)
(0 -0 -0)
(0 -0 -0)
(0 -0 -0)
(0 -0 -0)
(0 -0 -0)
(0 -0 -0)
(0 -0 -0)
(0 -0 -0)
(0 -0 -0)
(0 -0 -0)
(0 -0 -0)
(0 -0 -0)
(0 -0 -0)
(0 -0 -0)
(0 -0 -0)
(0 -0 -0)
(0 -0 -0)
(0 -0 -0)
(0 -0 -0)
(0 -0 -0)
(0 -0 -0)
(0 -0 -0)
(0 -0 -0)
(0 -0 -0)
(0 -0 -0)
(0 -0 -0)
(0 -0 -0)
(0 -0 -0)
(0 -0 -0)
(0 -0 -0)
(0 -0 -0)
(0 -0 -0)
(0 -0 -0)
(0 -0 -0)
(0 -0 -0)
(0 -0 -0)
(0 -0 -0)
(0 -0 -0)
(0 -0 -0)
(0 -0 -0)
(0 -0 -0)
(0 -0 -0)
(0 -0 0)
(0 -0 0)
(0 -0 0)
(0 -0 0)
(5.27459 -0 1.43954)
(4.81808 -0 4.09462)
(0 -0 0)
(0 -0 0)
(0 -0 0)
(0 -0 0)
(0 -0 0)
(0 -0 0)
(0 -0 0)
(0 -0 0)
(0 -0 0)
(0 -0 0)
(0 -0 0)
(0 -0 0)
(0 -0 0)
(0 -0 0)
(0 -0 0)
(0 -0 0)
(0 -0 0)
(0 -0 0)
(0 -0 0)
(0 -0 0)
(0 -0 0)
(0 -0 0)
(0 -0 0)
(0 -0 0)
(0 -0 0)
(0 -0 0)
(0 -0 0)
(0 -0 0)
(0 -0 0)
(0 -0 0)
(0 -0 0)
(0 -0 0)
(0 -0 0)
(0 -0 0)
(0 -0 0)
(0 -0 0)
(0 -0 0)
(0 -0 0)
(0 -0 0)
(0 -0 -0)
(0 -0 -0)
(0 -0 -0)
(0 -0 -0)
(0 -0 -0)
(0 -0 -0)
(0 -0 -0)
(0 -0 -0)
(0 -0 -0)
(0 -0 -0)
(0 -0 -0)
(0 -0 -0)
(0 -0 -0)
(0 -0 -0)
(0 -0 -0)
(0 -0 -0)
(0 -0 -0)
(0 -0 -0)
(0 -0 -0)
(0 -0 -0)
(0 -0 -0)
(0 -0 -0)
(0 -0 -0)
(0 -0 -0)
(0 -0 -0)
(0 -0 -0)
(0 -0 -0)
(0 -0 -0)
(0 -0 -0)
(0 -0 -0)
(0 -0 -0)
(0 -0 -0)
(0 -0 -0)
(0 -0 -0)
(0 -0 -0)
(0 -0 -0)
(0 -0 -0)
(0 -0 -0)
(0 -0 -0)
(0 -0 -0)
(0 -0 -0)
(0 -0 -0)
(0 -0 -0)
(0 -0 -0)
(0 -0 -0)
(0 -0 -0)
(0 -0 -0)
(0 -0 -0)
(0 -0 -0)
(0 -0 -0)
(0 -0 -0)
(0 -0 -0)
(0 -0 -0)
(0 -0 -0)
(0 -0 -0)
(0 -0 -0)
(0 -0 -0)
(0 -0 -0)
(0 -0 -0)
(0 -0 -0)
(0 -0 -0)
(0 -0 -0)
(0 -0 -0)
(0 -0 -0)
(0 -0 -0)
(0 -0 -0)
(0 -0 -0)
(0 -0 -0)
(0 -0 -0)
(0 -0 -0)
(0 -0 -0)
(0 -0 -0)
(0 -0 -0)
(0 -0 -0)
(0 -0 -0)
(0 -0 0)
(0 -0 0)
(0 -0 0)
(0 -0 0)
(2.79359 -0 0.18642)
(5.78458 -0 0.633859)
(0.48466 -0 0.274704)
(0 -0 0)
(0 -0 0)
(0 -0 0)
(0 -0 0)
(0 -0 0)
(0 -0 0)
(0 -0 0)
(0 -0 0)
(0 -0 0)
(0 -0 0)
(0 -0 0)
(0 -0 0)
(0 -0 0)
(0 -0 0)
(0 -0 0)
(0 -0 0)
(0 -0 0)
(0 -0 0)
(0 -0 0)
(0 -0 0)
(0 -0 0)
(0 -0 0)
(0 -0 0)
(0 -0 0)
(0 -0 0)
(0 -0 0)
(0 -0 0)
(0 -0 0)
(0 -0 0)
(0 -0 0)
(0 -0 0)
(0 -0 0)
(0 -0 0)
(0 -0 0)
(0 -0 0)
(0 -0 0)
(0 -0 0)
(0 -0 0)
(0 -0 -0)
(0 -0 -0)
(0 -0 -0)
(0 -0 -0)
(0 -0 -0)
(0 -0 -0)
(0 -0 -0)
(0 -0 -0)
(0 -0 -0)
(0 -0 -0)
(0 -0 -0)
(0 -0 -0)
(0 -0 -0)
(0 -0 -0)
(0 -0 -0)
(0 -0 -0)
(0 -0 -0)
(0 -0 -0)
(0 -0 -0)
(0 -0 -0)
(0 -0 -0)
(0 -0 -0)
(0 -0 -0)
(0 -0 -0)
(0 -0 -0)
(0 -0 -0)
(0 -0 -0)
(0 -0 -0)
(0 -0 -0)
(0 -0 -0)
(0 -0 -0)
(0 -0 -0)
(0 -0 -0)
(0 -0 -0)
(0 -0 -0)
(0 -0 -0)
(0 -0 -0)
(0 -0 -0)
(0 -0 -0)
(0 -0 -0)
(0 -0 -0)
(0 -0 -0)
(0 -0 -0)
(0 -0 -0)
(0 -0 -0)
(0 -0 -0)
(0 -0 -0)
(0 -0 -0)
(0 -0 -0)
(0 -0 -0)
(0 -0 -0)
(0 -0 -0)
(0 -0 -0)
(0 -0 -0)
(0 -0 -0)
(0 -0 -0)
(0 -0 -0)
(0 -0 -0)
(0 -0 -0)
(0 -0 -0)
(0 -0 -0)
(0 -0 -0)
(0 -0 -0)
(0 -0 -0)
(0 -0 -0)
(0 -0 -0)
(0 -0 -0)
(0 -0 -0)
(0 -0 -0)
(0 -0 -0)
(0 -0 -0)
(0 -0 -0)
(0 -0 -0)
(0 -0 0)
(0 -0 0)
(0 -0 0)
(0 -0 0)
(0 -0 0)
(0 -0 0)
(0 -0 -0)
(4.33705 -0 -2.77567)
(2.7972 -0 -0.569181)
(0 -0 0)
(0 -0 0)
(0 -0 0)
(0 -0 0)
(0 -0 0)
(0 -0 0)
(0 -0 0)
(0 -0 0)
(0 -0 0)
(0 -0 0)
(0 -0 0)
(0 -0 0)
(0 -0 0)
(0 -0 0)
(0 -0 0)
(0 -0 0)
(0 -0 0)
(0 -0 0)
(0 -0 0)
(0 -0 0)
(0 -0 0)
(0 -0 0)
(0 -0 0)
(0 -0 0)
(0 -0 0)
(0 -0 0)
(0 -0 0)
(0 -0 0)
(0 -0 0)
(0 -0 0)
(0 -0 0)
(0 -0 0)
(0 -0 0)
(0 -0 0)
(0 -0 0)
(0 -0 0)
(0 -0 0)
(0 -0 0)
(6.31686e-16 -0 -1.82952e-17)
(0 -0 -0)
(0 -0 -0)
(0 -0 -0)
(0 -0 -0)
(0 -0 -0)
(0 -0 -0)
(0 -0 -0)
(0 -0 -0)
(0 -0 -0)
(0 -0 -0)
(0 -0 -0)
(0 -0 -0)
(0 -0 -0)
(0 -0 -0)
(0 -0 -0)
(0 -0 -0)
(0 -0 -0)
(0 -0 -0)
(0 -0 -0)
(0 -0 -0)
(0 -0 -0)
(0 -0 -0)
(0 -0 -0)
(0 -0 -0)
(0 -0 -0)
(0 -0 -0)
(0 -0 -0)
(0 -0 -0)
(0 -0 -0)
(0 -0 -0)
(0 -0 -0)
(0 -0 -0)
(0 -0 -0)
(0 -0 -0)
(0 -0 -0)
(0 -0 -0)
(0 -0 -0)
(0 -0 -0)
(0 -0 -0)
(0 -0 -0)
(0 -0 -0)
(0 -0 -0)
(0 -0 -0)
(0 -0 -0)
(0 -0 -0)
(0 -0 -0)
(0 -0 -0)
(0 -0 -0)
(0 -0 -0)
(0 -0 -0)
(0 -0 -0)
(0 -0 -0)
(0 -0 -0)
(0 -0 -0)
(0 -0 -0)
(0 -0 -0)
(0 -0 -0)
(0 -0 -0)
(0 -0 -0)
(0 -0 -0)
(0 -0 -0)
(0 -0 -0)
(0 -0 0)
(0 -0 0)
(0 -0 0)
(0 -0 0)
(0 -0 0)
(0 -0 0)
(0 -0 0)
(0 -0 0)
(0 -0 0)
(0 -0 0)
(0 -0 0)
(0 -0 0)
(0 -0 0)
(0 -0 0)
(0 -0 0)
(0 -0 0)
(0 -0 -0)
(4.07794 -0 -0.743036)
(3.43557 -0 -0.24488)
(0 -0 0)
(0 -0 0)
(0 -0 0)
(0 -0 0)
(0 -0 0)
(0 -0 0)
(0 -0 0)
(0 -0 0)
(0 -0 0)
(0 -0 0)
(0 -0 0)
(0 -0 0)
(0 -0 0)
(0 -0 0)
(0 -0 0)
(0 -0 0)
(0 -0 0)
(0 -0 0)
(0 -0 0)
(0 -0 0)
(0 -0 0)
(0 -0 0)
(0 -0 0)
(0 -0 0)
(0 -0 0)
(0 -0 0)
(0 -0 0)
(0 -0 0)
(0 -0 0)
(0 -0 0)
(0 -0 0)
(0 -0 0)
(0 -0 0)
(0 -0 0)
(0 -0 0)
(0 -0 0)
(0 -0 0)
(0 -0 0)
(0 -0 -0)
(0 -0 -0)
(0 -0 -0)
(0 -0 -0)
(0 -0 -0)
(0 -0 -0)
(0 -0 -0)
(0 -0 -0)
(0 -0 -0)
(0 -0 -0)
(0 -0 -0)
(0 -0 -0)
(0 -0 -0)
(0 -0 -0)
(0 -0 -0)
(0 -0 -0)
(0 -0 -0)
(0 -0 -0)
(0 -0 -0)
(0 -0 -0)
(0 -0 -0)
(0 -0 -0)
(0 -0 -0)
(0 -0 -0)
(0 -0 -0)
(0 -0 -0)
(0 -0 -0)
(0 -0 -0)
(0 -0 -0)
(0 -0 -0)
(0 -0 -0)
(0 -0 -0)
(0 -0 -0)
(0 -0 -0)
(0 -0 -0)
(0 -0 -0)
(0 -0 -0)
(0 -0 -0)
(0 -0 -0)
(0 -0 -0)
(0 -0 -0)
(0 -0 -0)
(0 -0 -0)
(0 -0 -0)
(0 -0 -0)
(0 -0 -0)
(0 -0 -0)
(0 -0 -0)
(0 -0 -0)
(0 -0 -0)
(0 -0 -0)
(0 -0 -0)
(0 -0 -0)
(0 -0 -0)
(0 -0 -0)
(0 -0 -0)
(0 -0 -0)
(0 -0 0)
(0 -0 0)
(0 -0 0)
(0 -0 0)
(0 -0 0)
(0 -0 0)
(0 -0 0)
(0 -0 0)
(0 -0 0)
(0 -0 0)
(0 -0 0)
(0 -0 0)
(0 -0 0)
(0 -0 0)
(0 -0 0)
(0 -0 0)
(0 -0 0)
(0 -0 0)
(0 -0 0)
(0 -0 0)
(0 -0 0)
(0 -0 0)
(0 -0 0)
(4.08122 -0 0.143421)
(3.63828 -0 0.247309)
(0 -0 0)
(0 -0 0)
(0 -0 0)
(0 -0 0)
(0 -0 0)
(0 -0 0)
(0 -0 0)
(0 -0 0)
(0 -0 0)
(0 -0 0)
(0 -0 0)
(0 -0 0)
(0 -0 0)
(0 -0 0)
(0 -0 0)
(0 -0 0)
(0 -0 0)
(0 -0 0)
(0 -0 0)
(0 -0 0)
(0 -0 0)
(0 -0 0)
(0 -0 0)
(0 -0 0)
(0 -0 0)
(0 -0 0)
(0 -0 0)
(0 -0 0)
(0 -0 0)
(0 -0 0)
(0 -0 0)
(0 -0 0)
(0 -0 0)
(0 -0 0)
(0 -0 0)
(0 -0 0)
(0 -0 0)
(0 -0 0)
(0 -0 0)
(0 -0 0)
(0 -0 -0)
(0 -0 -0)
(0 -0 -0)
(0 -0 -0)
(0 -0 -0)
(0 -0 -0)
(0 -0 -0)
(0 -0 -0)
(0 -0 -0)
(0 -0 -0)
(0 -0 -0)
(0 -0 -0)
(0 -0 -0)
(0 -0 -0)
(0 -0 -0)
(0 -0 -0)
(0 -0 -0)
(0 -0 -0)
(0 -0 -0)
(0 -0 -0)
(0 -0 -0)
(0 -0 -0)
(0 -0 -0)
(0 -0 -0)
(0 -0 -0)
(0 -0 -0)
(0 -0 -0)
(0 -0 -0)
(0 -0 -0)
(0 -0 -0)
(0 -0 -0)
(0 -0 -0)
(0 -0 -0)
(0 -0 -0)
(0 -0 -0)
(0 -0 -0)
(0 -0 -0)
(0 -0 -0)
(0 -0 -0)
(0 -0 -0)
(0 -0 -0)
(0 -0 -0)
(0 -0 -0)
(0 -0 -0)
(0 -0 -0)
(0 -0 -0)
(0 -0 -0)
(0 -0 -0)
(0 -0 -0)
(0 -0 -0)
(0 -0 -0)
(0 -0 -0)
(0 -0 -0)
(0 -0 -0)
(0 -0 0)
(0 -0 0)
(0 -0 0)
(0 -0 0)
(0 -0 0)
(0 -0 0)
(0 -0 0)
(0 -0 0)
(0 -0 0)
(0 -0 0)
(0 -0 0)
(0 -0 0)
(0 -0 0)
(0 -0 0)
(0 -0 0)
(0 -0 0)
(0 -0 0)
(0 -0 0)
(0 -0 0)
(0 -0 0)
(0 -0 0)
(0 -0 0)
(0 -0 0)
(0 -0 0)
(4.03066 -0 0.905408)
(3.64459 -0 0.829443)
(0 -0 0)
(0 -0 0)
(0 -0 0)
(0 -0 0)
(0 -0 0)
(0 -0 0)
(0 -0 0)
(0 -0 0)
(0 -0 0)
(0 -0 0)
(0 -0 0)
(0 -0 0)
(0 -0 0)
(0 -0 0)
(0 -0 0)
(0 -0 0)
(0 -0 0)
(0 -0 0)
(0 -0 0)
(0 -0 0)
(0 -0 0)
(0 -0 0)
(0 -0 0)
(0 -0 0)
(0 -0 0)
(0 -0 0)
(0 -0 0)
(0 -0 0)
(0 -0 0)
(0 -0 0)
(0 -0 0)
(0 -0 0)
(0 -0 0)
(0 -0 0)
(0 -0 0)
(0 -0 0)
(0 -0 0)
(0 -0 0)
(0 -0 0)
(0 -0 0)
(0 -0 0)
(0 -0 0)
(0 -0 0)
(0 -0 -0)
(0 -0 -0)
(0 -0 -0)
(0 -0 -0)
(0 -0 -0)
(0 -0 -0)
(0 -0 -0)
(0 -0 -0)
(0 -0 -0)
(0 -0 -0)
(0 -0 -0)
(0 -0 -0)
(0 -0 -0)
(0 -0 -0)
(0 -0 -0)
(0 -0 -0)
(0 -0 -0)
(0 -0 -0)
(0 -0 -0)
(0 -0 -0)
(0 -0 -0)
(0 -0 -0)
(0 -0 -0)
(0 -0 -0)
(0 -0 -0)
(0 -0 -0)
(0 -0 -0)
(0 -0 -0)
(0 -0 -0)
(0 -0 -0)
(0 -0 -0)
(0 -0 -0)
(0 -0 -0)
(0 -0 -0)
(0 -0 -0)
(0 -0 -0)
(0 -0 -0)
(0 -0 -0)
(0 -0 -0)
(0 -0 -0)
(0 -0 -0)
(0 -0 -0)
(0 -0 -0)
(0 -0 -0)
(0 -0 -0)
(0 -0 -0)
(0 -0 -0)
(0 -0 -0)
(0 -0 -0)
(0 -0 -0)
(0 -0 -0)
(0 -0 -0)
(0 -0 0)
(0 -0 0)
(0 -0 0)
(0 -0 0)
(0 -0 0)
(0 -0 0)
(0 -0 0)
(0 -0 0)
(0 -0 0)
(0 -0 0)
(0 -0 0)
(0 -0 0)
(0 -0 0)
(0 -0 0)
(0 -0 0)
(0 -0 0)
(0 -0 0)
(0 -0 0)
(0 -0 0)
(0 -0 0)
(0 -0 0)
(0 -0 0)
(0 -0 0)
(3.85329 -0 1.81638)
(3.47704 -0 1.55403)
(0 -0 0)
(0 -0 0)
(0 -0 0)
(0 -0 0)
(0 -0 0)
(0 -0 0)
(0 -0 0)
(0 -0 0)
(0 -0 0)
(0 -0 0)
(0 -0 0)
(0 -0 0)
(0 -0 0)
(0 -0 0)
(0 -0 0)
(0 -0 0)
(0 -0 0)
(0 -0 0)
(0 -0 0)
(0 -0 0)
(0 -0 0)
(0 -0 0)
(0 -0 0)
(0 -0 0)
(0 -0 0)
(0 -0 0)
(0 -0 0)
(0 -0 0)
(0 -0 0)
(0 -0 0)
(0 -0 0)
(0 -0 0)
(0 -0 0)
(0 -0 0)
(0 -0 0)
(0 -0 0)
(0 -0 0)
(0 -0 0)
(0 -0 0)
(0 -0 0)
(0 -0 0)
(0 -0 0)
(0 -0 0)
(0 -0 0)
(0 -0 0)
(0 -0 0)
(0 -0 -0)
(0 -0 -0)
(0 -0 -0)
(0 -0 -0)
(0 -0 -0)
(0 -0 -0)
(-0 -0 -0)
(-0 -0 -0)
(-0 -0 -0)
(-0 -0 -0)
(-0 -0 -0)
(-0 -0 -0)
(-0 -0 -0)
(-0 -0 -0)
(0 -0 -0)
(0 -0 -0)
(0 -0 -0)
(0 -0 -0)
(0 -0 -0)
(0 -0 -0)
(0 -0 -0)
(0 -0 -0)
(0 -0 -0)
(0 -0 -0)
(0 -0 -0)
(0 -0 -0)
(0 -0 -0)
(0 -0 -0)
(0 -0 -0)
(0 -0 -0)
(0 -0 -0)
(0 -0 -0)
(0 -0 -0)
(0 -0 -0)
(0 -0 -0)
(0 -0 -0)
(0 -0 -0)
(0 -0 -0)
(0 -0 -0)
(0 -0 -0)
(0 -0 -0)
(0 -0 -0)
(0 -0 -0)
(0 -0 -0)
(0 -0 -0)
(0 -0 -0)
(0 -0 -0)
(0 -0 -0)
(0 -0 -0)
(0 -0 -0)
(0 -0 0)
(0 -0 0)
(0 -0 0)
(0 -0 0)
(0 -0 0)
(0 -0 0)
(0 -0 0)
(0 -0 0)
(0 -0 0)
(0 -0 0)
(0 -0 0)
(0 -0 0)
(0 -0 0)
(0 -0 0)
(0 -0 0)
(0 -0 0)
(0 -0 0)
(0 -0 0)
(0 -0 0)
(0 -0 0)
(0 -0 0)
(0 -0 0)
(3.47421 -0 2.91798)
(3.07776 -0 2.44281)
(0 -0 0)
(0 -0 0)
(0 -0 0)
(0 -0 0)
(0 -0 0)
(0 -0 0)
(0 -0 0)
(0 -0 0)
(0 -0 0)
(0 -0 0)
(0 -0 0)
(0 -0 0)
(0 -0 0)
(0 -0 0)
(0 -0 0)
(0 -0 0)
(0 -0 0)
(0 -0 0)
(0 -0 0)
(0 -0 0)
(0 -0 0)
(0 -0 0)
(0 -0 0)
(0 -0 0)
(0 -0 0)
(0 -0 0)
(0 -0 0)
(0 -0 0)
(0 -0 0)
(0 -0 0)
(0 -0 0)
(0 -0 0)
(0 -0 0)
(0 -0 0)
(0 -0 0)
(0 -0 0)
(0 -0 0)
(0 -0 0)
(0 -0 -0)
(0 -0 -0)
(0 -0 -0)
(0 -0 0)
(0 -0 0)
(0 -0 0)
(0 -0 0)
(0 -0 0)
(0 -0 0)
(0 -0 0)
(0 -0 -0)
(-0 -0 -0)
(-0 -0 -0)
(-0 -0 -0)
(-0 -0 -0)
(-0 -0 -0)
(-0 -0 -0)
(-0 -0 -0)
(-0 -0 -0)
(-0 -0 -0)
(-0 -0 -0)
(-0 -0 -0)
(-0 -0 -0)
(-0 -0 -0)
(-0 -0 -0)
(0 -0 -0)
(0 -0 -0)
(0 -0 -0)
(0 -0 -0)
(0 -0 -0)
(0 -0 -0)
(0 -0 -0)
(0 -0 -0)
(0 -0 -0)
(0 -0 -0)
(0 -0 -0)
(0 -0 -0)
(0 -0 -0)
(0 -0 -0)
(0 -0 -0)
(0 -0 -0)
(0 -0 -0)
(0 -0 -0)
(0 -0 -0)
(0 -0 -0)
(0 -0 -0)
(0 -0 -0)
(0 -0 -0)
(0 -0 -0)
(0 -0 -0)
(0 -0 -0)
(0 -0 -0)
(0 -0 -0)
(0 -0 -0)
(0 -0 -0)
(0 -0 -0)
(0 -0 -0)
(0 -0 -0)
(0 -0 -0)
(0 -0 0)
(0 -0 0)
(0 -0 0)
(0 -0 0)
(0 -0 0)
(0 -0 0)
(0 -0 0)
(0 -0 0)
(0 -0 0)
(0 -0 0)
(0 -0 0)
(0 -0 0)
(0 -0 0)
(0 -0 0)
(0 -0 0)
(0 -0 0)
(0 -0 0)
(0 -0 0)
(0 -0 0)
(0 -0 0)
(0 -0 0)
(2.86646 -0 4.07619)
(2.92976 -0 4.33413)
(0 -0 0)
(0 -0 0)
(0 -0 0)
(0 -0 0)
(0 -0 0)
(0 -0 0)
(0 -0 0)
(0 -0 0)
(0 -0 0)
(0 -0 0)
(0 -0 0)
(0 -0 0)
(0 -0 0)
(0 -0 0)
(0 -0 0)
(0 -0 0)
(0 -0 0)
(0 -0 0)
(0 -0 0)
(0 -0 0)
(0 -0 0)
(0 -0 0)
(0 -0 0)
(0 -0 0)
(0 -0 0)
(0 -0 0)
(0 -0 0)
(0 -0 0)
(0 -0 0)
(0 -0 0)
(0 -0 0)
(0 -0 0)
(0 -0 0)
(0 -0 0)
(0 -0 0)
(0 -0 0)
(0 -0 0)
(0 -0 0)
(0 -0 -0)
(0 -0 -0)
(0 -0 -0)
(0 -0 -0)
(0 -0 -0)
(0 -0 -0)
(0 -0 -0)
(0 -0 0)
(0 -0 0)
(0 -0 0)
(-0 -0 0)
(-0 -0 0)
(-0 -0 0)
(-0 -0 0)
(-0 -0 0)
(-0 -0 0)
(-0 -0 -0)
(-0 -0 -0)
(-0 -0 -0)
(-0 -0 -0)
(-0 -0 -0)
(-0 -0 -0)
(-0 -0 -0)
(-0 -0 -0)
(-0 -0 -0)
(-0 -0 -0)
(-0 -0 -0)
(0 -0 -0)
(0 -0 -0)
(0 -0 -0)
(0 -0 -0)
(0 -0 -0)
(0 -0 -0)
(0 -0 -0)
(0 -0 -0)
(0 -0 -0)
(0 -0 -0)
(0 -0 -0)
(0 -0 -0)
(0 -0 -0)
(0 -0 -0)
(0 -0 -0)
(0 -0 -0)
(0 -0 -0)
(0 -0 -0)
(0 -0 -0)
(0 -0 -0)
(0 -0 -0)
(0 -0 -0)
(0 -0 -0)
(0 -0 -0)
(0 -0 -0)
(0 -0 -0)
(0 -0 -0)
(0 -0 -0)
(0 -0 -0)
(0 -0 -0)
(0 -0 -0)
(0 -0 -0)
(0 -0 -0)
(0 -0 0)
(0 -0 0)
(0 -0 0)
(0 -0 0)
(0 -0 0)
(0 -0 0)
(0 -0 0)
(0 -0 0)
(0 -0 0)
(0 -0 0)
(0 -0 0)
(0 -0 0)
(0 -0 0)
(0 -0 0)
(0 -0 0)
(0 -0 0)
(0 -0 0)
(4.98789e-05 -0 0.000117647)
(8.7906e-05 -0 0.000206578)
(0.000143837 -0 0.000404534)
(0.599132 -0 0.999246)
(1.81127 -0 4.53472)
(0.579236 -0 1.53267)
(0 -0 0)
(0 -0 0)
(0 -0 0)
(0 -0 0)
(0 -0 0)
(0 -0 0)
(0 -0 0)
(0 -0 0)
(0 -0 0)
(0 -0 0)
(0 -0 0)
(0 -0 0)
(0 -0 0)
(0 -0 0)
(0 -0 0)
(0 -0 0)
(0 -0 0)
(0 -0 0)
(0 -0 0)
(0 -0 0)
(0 -0 0)
(0 -0 0)
(0 -0 0)
(0 -0 0)
(0 -0 0)
(0 -0 0)
(0 -0 0)
(0 -0 0)
(0 -0 0)
(0 -0 0)
(0 -0 0)
(0 -0 0)
(0 -0 0)
(0 -0 0)
(0 -0 0)
(0 -0 0)
(0 -0 0)
(0 -0 -0)
(0 -0 -0)
(0 -0 -0)
(0 -0 -0)
(0 -0 -0)
(0 -0 -0)
(0 -0 -0)
(0 -0 -0)
(0 -0 -0)
(0 -0 0)
(0 -0 0)
(0 -0 0)
(-0 -0 0)
(-0 -0 0)
(-0 -0 0)
(-0 -0 0)
(-0 -0 0)
(-0 -0 0)
(-0 -0 0)
(-0 -0 0)
(-0 -0 0)
(-0 -0 0)
(-0 -0 0)
(-0 -0 0)
(-0 -0 -0)
(-0 -0 -0)
(-0 -0 -0)
(-0 -0 -0)
(-0 -0 -0)
(0 -0 -0)
(0 -0 -0)
(0 -0 -0)
(0 -0 -0)
(0 -0 -0)
(-0 -0 -0)
(-0 -0 -0)
(-0 -0 -0)
(-0 -0 -0)
(-0 -0 -0)
(0 -0 -0)
(0 -0 -0)
(0 -0 -0)
(0 -0 -0)
(0 -0 -0)
(0 -0 -0)
(0 -0 -0)
(0 -0 -0)
(0.00901776 -0 -0.000403338)
(0.00830622 -0 -0.000322488)
(0.044759 -0 -0.00132334)
(0.0441125 -0 -0.000536137)
(0.0734332 -0 -0.000332033)
(0.0755939 -0 -5.98411e-05)
(0.0961562 -0 -0.000292774)
(0.110738 -0 -1.19325e-05)
(0.11719 -0 -7.21435e-06)
(0.121206 -0 -2.73469e-05)
(0.123822 -0 -0.00011047)
(0.145816 -0 -8.0449e-05)
(0.161307 -0 -1.37262e-05)
(0.176473 -0 2.93392e-06)
(0.178993 -0 1.81753e-05)
(0.189529 -0 2.38485e-05)
(0.166563 -0 6.3796e-05)
(0.14601 -0 0.000333901)
(0.136369 -0 0.000294596)
(0.141533 -0 1.75674e-05)
(0.136406 -0 9.57131e-06)
(0.135443 -0 3.71374e-06)
(0.120232 -0 0.000176744)
(0.110862 -0 0.000669903)
(0.0821789 -0 0.000828036)
(0.0584649 -0 0.000522881)
(0.0412551 -0 0.000336321)
(0.0421058 -0 0.000422651)
(0.0330263 -0 0.000603348)
(0.0249009 -0 0.00123532)
(0.0070619 -0 0.000637085)
(0.00397825 -0 0.000228159)
(0.000152003 -0 0.000769426)
(0.00279198 -0 1.57927e-06)
(-0.277413 -0 2.91175)
(0.369007 -0 1.04563)
(0 -0 0)
(0 -0 0)
(0 -0 0)
(0 -0 0)
(0 -0 0)
(0 -0 0)
(0 -0 0)
(0 -0 0)
(0 -0 0)
(0 -0 0)
(0 -0 0)
(0 -0 0)
(0 -0 0)
(0 -0 0)
(0 -0 0)
(0 -0 0)
(0 -0 0)
(0 -0 0)
(0 -0 0)
(0 -0 0)
(0 -0 0)
(0 -0 0)
(0 -0 0)
(0 -0 0)
(0 -0 0)
(0 -0 0)
(0 -0 0)
(0 -0 0)
(0 -0 0)
(0 -0 0)
(0 -0 0)
(0 -0 0)
(0 -0 0)
(0 -0 0)
(0 -0 0)
(0 -0 0)
(0 -0 0)
(-1.09903e-15 -0 -1.17072e-15)
(-0 -0 -0)
(0 -0 -0)
(0 -0 -0)
(0 -0 -0)
(0 -0 -0)
(0 -0 -0)
(0 -0 -0)
(0 -0 -0)
(0 -0 -0)
(0 -0 0)
(0 -0 0)
(0 -0 0)
(0 -0 0)
(-0 -0 0)
(-0 -0 0)
(-0 -0 0)
(-0 -0 0)
(-0 -0 0)
(-0 -0 0)
(-0 -0 0)
(-0 -0 0)
(-0 -0 0)
(-0 -0 0)
(-0 -0 0)
(-0 -0 0)
(-0 -0 0)
(-0 -0 0)
(-0 -0 0)
(-0 -0 0)
(-0 -0 0)
(-0 -0 -0)
(-0 -0 -0)
(-0 -0 -0)
(-0 -0 -0)
(-0 -0 -0)
(-0 -0 -0)
(-0 -0 -0)
(-0.0233694 -0 -0.002307)
(-0.00922515 -0 -0.000235727)
(0.00398592 -0 -0.00146926)
(0.0246433 -0 -0.000587399)
(0.0382151 -0 -0.000986166)
(0.0652674 -0 -0.000984407)
(0.0623798 -0 -0.00120905)
(0.122866 -0 -0.00519227)
(0.274261 -0 -0.0410034)
(0.34976 -0 -0.0500463)
(0.328962 -0 -0.046339)
(0.314658 -0 -0.0410146)
(0.277809 -0 -0.0285579)
(0.315326 -0 -0.0224516)
(0.387361 -0 -0.0210994)
(0.415351 -0 -0.0225546)
(0.452938 -0 -0.0134332)
(0.453701 -0 -0.00872668)
(0.426067 -0 -0.0164337)
(0.380885 -0 -0.0245745)
(0.396755 -0 -0.0261572)
(0.444785 -0 -0.0204198)
(0.474123 -0 -0.0156637)
(0.467544 -0 -0.0150149)
(0.489855 -0 -0.0164426)
(0.402828 -0 -0.0190043)
(0.270172 -0 -0.0184058)
(0.221216 -0 -0.012259)
(0.259036 -0 -0.00741936)
(0.264507 -0 -0.00212982)
(0.251383 -0 0.00325011)
(0.234086 -0 0.011919)
(0.241452 -0 0.020392)
(0.213783 -0 0.0216185)
(0.104122 -0 0.00887486)
(0.0560544 -0 0.00450025)
(0.133818 -0 0.0131866)
(0.161835 -0 0.0213169)
(0.157985 -0 0.0259665)
(0.0715095 -0 0.0139801)
(-0.00169731 -0 0.000157766)
(-0.0016735 -0 0.00543157)
(-0.00570882 -0 0.00184051)
(-1.08304 -0 1.71478)
(-0.529595 -0 0.702151)
(0.100178 -0 0.0775986)
(0 -0 0)
(0 -0 0)
(0 -0 0)
(0 -0 0)
(0 -0 0)
(0 -0 0)
(0 -0 0)
(0 -0 0)
(0 -0 0)
(0 -0 0)
(0 -0 0)
(0 -0 0)
(0 -0 0)
(0 -0 0)
(0 -0 0)
(0 -0 0)
(0 -0 0)
(0 -0 0)
(0 -0 0)
(0 -0 0)
(0 -0 0)
(0 -0 0)
(0 -0 0)
(0 -0 0)
(0 -0 0)
(0 -0 0)
(0 -0 0)
(0 -0 0)
(0 -0 0)
(0 -0 0)
(0 -0 0)
(0 -0 0)
(0 -0 0)
(0 -0 0)
(0 -0 0)
(0 -0 0)
(-0 -0 -0)
(-0 -0 -0)
(-0 -0 -0)
(0 -0 -0)
(0 -0 -0)
(0 -0 -0)
(0 -0 -0)
(0 -0 -0)
(0 -0 -0)
(0 -0 -0)
(0 -0 -0)
(0 -0 -0)
(0 -0 0)
(0 -0 0)
(0 -0 0)
(0 -0 0)
(-0 -0 0)
(-0.00103267 -0 7.59917e-05)
(-0.00184215 -0 0.000100883)
(-0.00452512 -0 0.000168915)
(-0.00840942 -0 0.000126656)
(-0.0125074 -0 0.000184239)
(-0.0181796 -0 0.000300554)
(-0.0232877 -0 0.000147334)
(-0.0269901 -0 6.79278e-05)
(-0.0295058 -0 5.45548e-05)
(-0.0325178 -0 0.000129465)
(-0.0367051 -0 9.09206e-05)
(-0.0367171 -0 0.000192419)
(-0.0437262 -0 0.00021165)
(-0.0511382 -0 0.000153153)
(-0.0685738 -0 0.000143235)
(-0.0946959 -0 0.000202095)
(-0.148769 -0 -2.73386e-06)
(-0.196989 -0 -0.000254709)
(-0.287851 -0 -0.00112081)
(-0.364988 -0 0.024143)
(-0.266634 -0 0.0408246)
(-0.134725 -0 0.0397412)
(-0.128415 -0 0.0315644)
(0.193186 -0 -0.0156414)
(0.404582 -0 -0.019247)
(0.370067 -0 -0.0190167)
(0.591925 -0 -0.031)
(0.609184 -0 -0.0345238)
(0.666265 -0 -0.0344957)
(0.773856 -0 -0.0324157)
(0.82634 -0 -0.0245175)
(0.745594 -0 -0.0281469)
(0.724538 -0 -0.036942)
(0.686632 -0 -0.0444708)
(0.793888 -0 -0.0541142)
(0.924064 -0 -0.0654448)
(0.91398 -0 -0.056442)
(1.01971 -0 -0.0279278)
(1.02209 -0 -0.0119047)
(0.878381 -0 -0.01798)
(0.686121 -0 -0.0218363)
(0.656904 -0 -0.0180535)
(0.793178 -0 -0.00661005)
(1.10681 -0 0.00630411)
(1.01849 -0 0.00637323)
(1.12738 -0 -0.0152563)
(0.691781 -0 -0.0322087)
(0.554462 -0 -0.0410634)
(0.356485 -0 -0.0280043)
(0.339681 -0 -0.0186268)
(0.224837 -0 -0.00298897)
(0.222064 -0 0.00456612)
(0.202971 -0 0.00752844)
(0.354397 -0 0.014743)
(0.33358 -0 0.0207971)
(0.227232 -0 0.0178335)
(0.143662 -0 0.0109323)
(0.294754 -0 0.0212495)
(0.261627 -0 0.0194641)
(0.277219 -0 0.0258971)
(-0.171406 -0 -0.027838)
(-0.326056 -0 -0.0975349)
(0.06386 -0 0.0156348)
(0.00624984 -0 -0.0109664)
(-2.2416 -0 -1.3451)
(-0.900897 -0 1.04348)
(0.0862939 -0 0.0744141)
(0 -0 0)
(0 -0 0)
(0 -0 0)
(0 -0 0)
(0 -0 0)
(0 -0 0)
(0 -0 0)
(0 -0 0)
(0 -0 0)
(0 -0 0)
(0 -0 0)
(0 -0 0)
(0 -0 0)
(0 -0 0)
(0 -0 0)
(0 -0 0)
(0 -0 0)
(0 -0 0)
(0 -0 0)
(0 -0 0)
(0 -0 0)
(0 -0 0)
(0 -0 0)
(0 -0 0)
(0 -0 0)
(0 -0 0)
(0 -0 0)
(0 -0 0)
(0 -0 0)
(0 -0 0)
(0 -0 -0)
(0 -0 -0)
(0 -0 -0)
(0 -0 -0)
(0 -0 -0)
(0 -0 -0)
(-0 -0 -0)
(-0 -0 -0)
(-0 -0 -0)
(0.00486934 -0 -5.23037e-05)
(0.0373745 -0 -0.000163671)
(0.0695438 -0 -0.000384683)
(0.125585 -0 -0.000389527)
(0.124288 -0 -0.000347128)
(0.169978 -0 -0.000321516)
(0.229835 -0 -4.70376e-05)
(0.24503 -0 -4.47533e-05)
(0.23933 -0 -2.28109e-05)
(0.225123 -0 -1.17469e-05)
(0.234007 -0 -0.00471952)
(0.133935 -0 -0.00978897)
(0.0572992 -0 -0.00774274)
(0.019909 -0 -0.00496782)
(-0.00669468 -0 -0.00248753)
(-0.0271153 -0 -0.000531229)
(-0.0574562 -0 0.000747037)
(-0.0819468 -0 0.00210821)
(-0.136407 -0 0.00571792)
(-0.170857 -0 0.0088154)
(-0.21287 -0 0.00917248)
(-0.219174 -0 0.00722967)
(-0.269294 -0 0.00825568)
(-0.311601 -0 0.0114773)
(-0.393501 -0 0.0147113)
(-0.439207 -0 0.0208362)
(-0.544423 -0 0.0278397)
(-0.584377 -0 0.0297836)
(-0.745731 -0 0.0430393)
(-0.911853 -0 0.0654801)
(-1.37023 -0 0.0995284)
(-1.58124 -0 0.12375)
(-1.92478 -0 0.186186)
(-2.24445 -0 0.227622)
(-2.53337 -0 0.214347)
(-2.17343 -0 0.164904)
(-1.76197 -0 0.151051)
(-0.259005 -0 0.0127868)
(0.295444 -0 -0.008356)
(0.361106 -0 -0.0167605)
(1.40631 -0 -0.0246268)
(1.79232 -0 -0.0213335)
(2.28352 -0 -0.0203149)
(2.67644 -0 -0.0155858)
(2.8674 -0 -0.0190161)
(2.53334 -0 -0.0187486)
(2.66287 -0 -0.0217536)
(2.21298 -0 -0.0372469)
(2.32272 -0 -0.0562467)
(2.63356 -0 -0.0697003)
(2.74809 -0 -0.0711135)
(2.63842 -0 -0.0746589)
(2.40987 -0 -0.0794845)
(1.65033 -0 -0.0572601)
(1.5634 -0 -0.0546973)
(1.20075 -0 -0.0438572)
(1.82379 -0 -0.0901827)
(1.32048 -0 -0.0774885)
(1.90729 -0 -0.076037)
(1.69804 -0 -0.0279941)
(1.62244 -0 -5.60068e-06)
(1.69154 -0 0.0216202)
(1.57144 -0 0.0295594)
(0.389098 -0 0.00749549)
(-0.0339625 -0 -0.000740288)
(-0.0309055 -0 -0.000396644)
(0.66138 -0 0.012885)
(1.50709 -0 0.0289815)
(1.5835 -0 0.0284457)
(1.12109 -0 0.0143276)
(0.995025 -0 0.0106823)
(0.863094 -0 0.0145072)
(0.666993 -0 0.0143664)
(-0.0817315 -0 0.00119094)
(-1.21447 -0 -0.0296307)
(-1.3074 -0 -0.0244257)
(-0.975849 -0 -0.0150889)
(-1.06751 -0 -0.0287041)
(-1.78436 -0 -0.0446568)
(-0.0781695 -0 0.0920191)
(0.484882 -0 0.578547)
(0 -0 0)
(0 -0 0)
(0 -0 0)
(0 -0 0)
(0 -0 0)
(0 -0 0)
(0 -0 0)
(0 -0 0)
(0 -0 0)
(0 -0 0)
(0 -0 0)
(0 -0 0)
(0 -0 0)
(0 -0 0)
(0 -0 0)
(0 -0 0)
(0 -0 0)
(0 -0 0)
(0 -0 0)
(0 -0 0)
(0 -0 -0)
(0 -0 -0)
(0 -0 -0)
(0 -0 -0)
(0 -0 -0)
(0 -0 -0)
(0 -0 -0)
(0 -0 -0)
(0 -0 -0)
(0 -0 -0)
(0 -0 -0)
(0 -0 -0)
(0 -0 -0)
(0 -0 -0)
(0 -0 -0)
(0 -0 -0)
(-9.98474 -0 0.0435565)
(-5.19595 -0 0.0920373)
(-1.08186 -0 0.0382087)
(1.15619 -0 -0.0401238)
(1.50471 -0 -0.0581492)
(1.39288 -0 -0.0569652)
(1.5574 -0 -0.0599037)
(1.12105 -0 -0.0363316)
(1.15127 -0 -0.0264523)
(2.43048 -0 0.00470788)
(3.02632 -0 0.0451809)
(2.77971 -0 0.039631)
(2.86591 -0 0.0539751)
(3.59136 -0 0.105861)
(3.4013 -0 0.0946873)
(3.03192 -0 0.0320898)
(2.48237 -0 -0.0143083)
(1.38877 -0 -0.0293483)
(1.17343 -0 -0.0321609)
(0.953508 -0 -0.0204677)
(0.5273 -0 -0.00657914)
(-0.0205107 -0 0.000973496)
(-0.519717 -0 0.0149249)
(-0.864733 -0 0.0266658)
(-1.21918 -0 0.0390371)
(-1.5772 -0 0.0479369)
(-2.02626 -0 0.0668997)
(-2.89522 -0 0.0947795)
(-3.80865 -0 0.140735)
(-4.71593 -0 0.186906)
(-5.2746 -0 0.218946)
(-6.05653 -0 0.271815)
(-7.62081 -0 0.430755)
(-9.40977 -0 0.58812)
(-8.60206 -0 0.503151)
(-9.23121 -0 0.545953)
(-11.9987 -0 0.783185)
(-13.3525 -0 0.912863)
(-11.6907 -0 0.723527)
(-8.20903 -0 0.409202)
(-3.15395 -0 0.116264)
(-1.15176 -0 0.0335814)
(0.46261 -0 -0.0163111)
(4.62991 -0 -0.0518399)
(7.95402 -0 -0.0295932)
(8.84765 -0 0.00108123)
(11.0982 -0 0.0230343)
(11.8981 -0 0.00594569)
(10.4343 -0 -0.0115399)
(10.3713 -0 0.000485029)
(9.60404 -0 0.0399805)
(9.4581 -0 0.100334)
(12.6034 -0 0.164674)
(13.8054 -0 0.134742)
(10.8544 -0 0.066068)
(7.59797 -0 -1.01793e-05)
(6.15495 -0 -0.0413255)
(6.32125 -0 -0.0448358)
(6.3959 -0 -0.0230334)
(7.04632 -0 -0.0193367)
(2.93229 -0 -0.0177521)
(3.61814 -0 -0.0576419)
(6.62136 -0 -0.184376)
(6.96445 -0 -0.254549)
(4.46823 -0 -0.173676)
(2.09892 -0 -0.088339)
(0.37311 -0 -0.0199888)
(-0.0543225 -0 -0.000412282)
(1.4979 -0 -0.112407)
(1.9477 -0 -0.157123)
(3.31653 -0 -0.27011)
(3.00448 -0 -0.25675)
(2.32943 -0 -0.202332)
(1.20796 -0 -0.108534)
(0.586768 -0 -0.0511936)
(0.00806354 -0 -0.00648886)
(-0.659898 -0 0.0524685)
(-1.27399 -0 0.117677)
(-1.57562 -0 0.175424)
(-1.34086 -0 0.170463)
(-1.43919 -0 0.242626)
(-0.677137 -0 0.145255)
(-0.0765167 -0 0.021168)
(0.0102009 -0 0.0119258)
(0 -0 0)
(0 -0 0)
(0 -0 0)
(0 -0 0)
(0 -0 0)
(0 -0 0)
(0 -0 0)
(0 -0 0)
(0 -0 -0)
(0 -0 -0)
(0 -0 -0)
(0 -0 -0)
(0 -0 -0)
(0 -0 -0)
(0 -0 -0)
(0 -0 -0)
(0 -0 -0)
(0 -0 -0)
(0 -0 -0)
(0 -0 -0)
(0 -0 -0)
(0 -0 -0)
(0 -0 -0)
(0 -0 -0)
(0 -0 -0)
(0 -0 -0)
(0 -0 -0)
(0 -0 -0)
(0 -0 -0)
(0 -0 -0)
(0 -0 -0)
(0 -0 -0)
(0 -0 -0)
(0 -0 -0)
(0 -0 -0)
(0 -0 -0)
(-65.0521 -0 0.139937)
(-27.2964 -0 0.0894677)
(-10.8766 -0 -0.0129378)
(0.183717 -0 0.000989704)
(-4.26384 -0 -0.0444985)
(-1.52197 -0 -0.0181812)
(3.37714 -0 0.0417415)
(3.78101 -0 0.0359654)
(15.4298 -0 0.109322)
(19.2632 -0 0.0686766)
(24.3069 -0 0.099491)
(29.3392 -0 0.161288)
(17.0467 -0 0.0613504)
(14.5054 -0 -0.00216372)
(23.5124 -0 -0.148926)
(28.435 -0 -0.143029)
(24.6571 -0 0.0997528)
(16.5425 -0 0.174485)
(14.9349 -0 0.14942)
(15.6369 -0 -0.0617806)
(9.95871 -0 -0.169956)
(4.5682 -0 -0.0760221)
(1.74283 -0 -0.0218202)
(1.37901 -0 -0.0244816)
(-1.52355 -0 0.0348529)
(-5.30122 -0 0.150031)
(-10.295 -0 0.365257)
(-15.1873 -0 0.601739)
(-19.0231 -0 0.693303)
(-21.0908 -0 0.748083)
(-21.5343 -0 0.906597)
(-22.1953 -0 0.970735)
(-23.8511 -0 0.940527)
(-26.5705 -0 1.17822)
(-30.8032 -0 1.72946)
(-30.5527 -0 1.80228)
(-29.5115 -0 1.55919)
(-22.9307 -0 1.03322)
(-16.834 -0 0.639045)
(-11.2912 -0 0.370314)
(-5.18131 -0 0.15522)
(-2.8037 -0 0.0815816)
(1.81389 -0 -0.0451271)
(6.2023 -0 -0.136823)
(11.0396 -0 -0.173471)
(14.794 -0 -0.148176)
(15.2745 -0 -0.138599)
(13.294 -0 -0.136811)
(11.6841 -0 -0.120019)
(10.8937 -0 -0.0939729)
(14.0685 -0 -0.113959)
(14.3194 -0 -0.17145)
(12.2005 -0 -0.183915)
(11.3636 -0 -0.183639)
(9.68681 -0 -0.225292)
(6.04795 -0 -0.185311)
(4.96392 -0 -0.162025)
(5.05558 -0 -0.184515)
(5.23279 -0 -0.227632)
(4.32713 -0 -0.218047)
(2.70497 -0 -0.151431)
(1.96763 -0 -0.11006)
(2.58695 -0 -0.118183)
(2.39958 -0 -0.097479)
(1.87404 -0 -0.0877073)
(0.758745 -0 -0.0390351)
(0.37055 -0 -0.0179824)
(0.238571 -0 -0.00901446)
(0.399992 -0 -0.0156181)
(0.333919 -0 -0.0124393)
(0.547814 -0 -0.0254567)
(0.42694 -0 -0.0201587)
(0.376382 -0 -0.0209641)
(0.157162 -0 -0.0105708)
(-0.00237386 -0 0.000502167)
(-0.0460469 -0 0.00470111)
(-0.097239 -0 0.0102401)
(-0.107533 -0 0.011835)
(-0.08748 -0 0.00947236)
(-0.0355326 -0 0.00353303)
(-0.0253528 -0 0.00233618)
(-0.00124585 -0 0.000132818)
(-5.09139e-06 -0 6.8435e-07)
(0 -0 0)
(0 -0 0)
(0 -0 0)
(0 -0 -0)
(0 -0 -0)
(0 -0 -0)
(0 -0 -0)
(0 -0 -0)
(0 -0 -0)
(0 -0 -0)
(0 -0 -0)
(0 -0 -0)
(0 -0 -0)
(0 -0 -0)
(0 -0 -0)
(0 -0 -0)
(0 -0 -0)
(0 -0 -0)
(0 -0 -0)
(0 -0 -0)
(0 -0 -0)
(0 -0 -0)
(0 -0 -0)
(0 -0 -0)
(0 -0 -0)
(0 -0 -0)
(0 -0 -0)
(0 -0 -0)
(0 -0 -0)
(0 -0 -0)
(0 -0 -0)
(0 -0 -0)
(0 -0 -0)
(0 -0 -0)
(0 -0 -0)
(0 -0 -0)
(0 -0 -0)
(-3.02697 -0 -0.0180053)
(-1.23285 -0 -0.0166422)
(-0.421579 -0 -0.00611992)
(0.0965172 -0 0.00127195)
(0.115913 -0 0.00127327)
(0.303929 -0 0.00300117)
(0.638181 -0 0.00727266)
(0.859941 -0 0.0116037)
(1.38636 -0 0.0214175)
(1.71982 -0 0.0306053)
(2.4435 -0 0.0390614)
(2.63775 -0 0.0348336)
(2.16087 -0 0.027971)
(2.12319 -0 0.0330083)
(2.95214 -0 0.0677673)
(3.56734 -0 0.0822141)
(3.41181 -0 0.0416193)
(2.70033 -0 0.000685639)
(2.43887 -0 -0.0137796)
(1.92826 -0 0.00515554)
(1.49221 -0 0.0139533)
(0.5979 -0 0.000674596)
(0.162971 -0 -0.00116512)
(-0.0504226 -0 0.000382426)
(-0.377962 -0 0.00309879)
(-0.782507 -0 0.00918079)
(-1.39397 -0 0.0218259)
(-1.78743 -0 0.0382629)
(-2.16882 -0 0.0692141)
(-1.88145 -0 0.0692206)
(-1.88948 -0 0.0626871)
(-1.63521 -0 0.0549447)
(-1.51959 -0 0.0573763)
(-1.17916 -0 0.0361353)
(-1.29077 -0 0.0190016)
(-1.23756 -0 0.00567683)
(-1.17336 -0 0.00155892)
(-0.904306 -0 -0.000123275)
(-0.682675 -0 -0.000871404)
(-0.424805 -0 -0.00110038)
(-0.201888 -0 -0.000684868)
(-0.0215941 -0 -5.72572e-06)
(0.209747 -0 0.00182831)
(0.394832 -0 0.00413634)
(0.604143 -0 0.00789457)
(0.745189 -0 0.0123028)
(0.816811 -0 0.0170762)
(0.814816 -0 0.0202016)
(0.828489 -0 0.0218947)
(0.925107 -0 0.0258094)
(1.12687 -0 0.0367562)
(1.2734 -0 0.0447865)
(1.24278 -0 0.0359723)
(1.1696 -0 0.0265628)
(1.02492 -0 0.0241742)
(0.865338 -0 0.0182225)
(0.780195 -0 0.0113648)
(0.739204 -0 0.0113859)
(0.783942 -0 0.0129134)
(0.743777 -0 0.0072125)
(0.634495 -0 0.0030429)
(0.547403 -0 -0.000101329)
(0.471842 -0 -0.00770995)
(0.358637 -0 -0.0101945)
(0.300604 -0 -0.00704142)
(0.199639 -0 -0.00387786)
(0.112879 -0 -0.00322671)
(0.0653451 -0 -0.00299594)
(0.0338883 -0 -0.00243335)
(0.0124047 -0 -0.00131671)
(0.0126046 -0 -0.00200184)
(0.00384499 -0 -0.000922287)
(0.00282691 -0 -0.000727677)
(-1.73667e-05 -0 -0.000190134)
(-0.00602154 -0 0.00073168)
(-0.00736114 -0 0.00108232)
(-0.00571005 -0 0.000909818)
(-0.00348818 -0 0.000559152)
(-0.00137668 -0 0.000225101)
(-0.000372918 -0 6.46293e-05)
(-0.000105162 -0 2.04305e-05)
(-1.11942e-06 -0 4.99806e-07)
(-0 -0 0)
(-0 -0 0)
(-0 -0 0)
(0 -0 -0)
(0 -0 -0)
(0 -0 -0)
(0 -0 -0)
(0 -0 -0)
(0 -0 -0)
(0 -0 -0)
(0 -0 -0)
(0 -0 -0)
(0 -0 -0)
(0 -0 -0)
(0 -0 -0)
(0 -0 -0)
(0 -0 -0)
(0 -0 -0)
(0 -0 -0)
(0 -0 -0)
(0 -0 -0)
(0 -0 -0)
(0 -0 -0)
(0 -0 -0)
(0 -0 -0)
(0 -0 -0)
(0 -0 -0)
(0 -0 -0)
(0 -0 -0)
(0 -0 -0)
(0 -0 -0)
(0 -0 -0)
(0 -0 -0)
(0 -0 -0)
(0 -0 -0)
(0 -0 -0)
(0 -0 -0)
(0 -0 -0)
(-0.042559 -0 -5.73279e-05)
(-0.0175834 -0 -0.000151293)
(-0.00366091 -0 -7.10447e-05)
(0.0049036 -0 0.00013816)
(0.0102714 -0 0.000363465)
(0.0154941 -0 0.000616261)
(0.0204584 -0 0.000845774)
(0.0258116 -0 0.00105522)
(0.0334622 -0 0.00131181)
(0.0388491 -0 0.00150344)
(0.0560319 -0 0.0020979)
(0.0619478 -0 0.00205053)
(0.0603042 -0 0.00141493)
(0.0552564 -0 0.000681433)
(0.0665302 -0 5.33068e-05)
(0.0779774 -0 -0.0002751)
(0.0798091 -0 0.000505084)
(0.0717095 -0 0.00174414)
(0.0634175 -0 0.00214186)
(0.0474664 -0 0.000964809)
(0.0278263 -0 0.000254736)
(0.00217504 -0 3.11928e-05)
(-0.0225147 -0 -0.000414277)
(-0.0359857 -0 -0.000565567)
(-0.0468956 -0 -0.000772979)
(-0.0594812 -0 -0.00122863)
(-0.0810735 -0 -0.00130251)
(-0.0895528 -0 -0.000270552)
(-0.113043 -0 0.000339275)
(-0.0925802 -0 -0.000273257)
(-0.0904799 -0 -0.000419619)
(-0.0714805 -0 0.00018564)
(-0.0611866 -0 0.000371173)
(-0.0354314 -0 0.000433939)
(-0.0303354 -0 0.00103244)
(-0.026268 -0 0.00121958)
(-0.0228865 -0 0.000720297)
(-0.0174447 -0 0.000129018)
(-0.011411 -0 -0.000238327)
(-0.00501149 -0 -0.000223814)
(0.00134321 -0 -2.66706e-05)
(0.00671076 -0 0.000221313)
(0.0131268 -0 0.00045269)
(0.0173979 -0 0.00055545)
(0.0209241 -0 0.000576074)
(0.0252498 -0 0.000684164)
(0.0300991 -0 0.00248285)
(0.0398202 -0 0.00534225)
(0.0471907 -0 0.00592725)
(0.0580114 -0 0.0044959)
(0.0637046 -0 0.0020974)
(0.0796061 -0 0.00115055)
(0.0865014 -0 0.000991095)
(0.0906965 -0 0.000750637)
(0.090626 -0 0.000635521)
(0.0963789 -0 0.00160643)
(0.103312 -0 0.00162223)
(0.10053 -0 -0.000457616)
(0.109102 -0 -0.00250038)
(0.108646 -0 -0.00321738)
(0.101954 -0 -0.00296425)
(0.0944716 -0 -0.00300604)
(0.0800289 -0 -0.00349142)
(0.0607387 -0 -0.00367611)
(0.0436038 -0 -0.00302127)
(0.0309078 -0 -0.00211116)
(0.0185936 -0 -0.0012359)
(0.00914142 -0 -0.000637119)
(0.00376212 -0 -0.000285357)
(0.000721647 -0 -6.85543e-05)
(-0.000184905 -0 -5.64266e-06)
(-0.000593822 -0 7.92468e-05)
(-0.000712945 -0 9.01133e-05)
(-0.000678487 -0 9.79167e-05)
(-0.00035919 -0 5.20534e-05)
(-0.000110956 -0 1.26351e-05)
(-7.7124e-05 -0 6.59175e-06)
(-7.67003e-06 -0 5.51396e-07)
(-4.33822e-06 -0 1.43816e-07)
(-2.05717e-06 -0 3.13938e-09)
(-8.69411e-07 -0 6.41903e-10)
(-0 -0 -0)
(-0 -0 -0)
(-0 -0 -0)
(-0 -0 -0)
(0 -0 -0)
(0 -0 -0)
(0 -0 -0)
(0 -0 -0)
(0 -0 -0)
(0 -0 -0)
(0 -0 -0)
(0 -0 -0)
(0 -0 -0)
(0 -0 -0)
(0 -0 -0)
(0 -0 -0)
(0 -0 -0)
(0 -0 -0)
(0 -0 -0)
(0 -0 -0)
(0 -0 -0)
(0 -0 -0)
(0 -0 -0)
(0 -0 -0)
(0 -0 -0)
(0 -0 -0)
(0 -0 -0)
(0 -0 -0)
(0 -0 -0)
(0 -0 -0)
(0 -0 -0)
(0 -0 -0)
(0 -0 -0)
(0 -0 -0)
(0 -0 -0)
(0 -0 -0)
(0 -0 -0)
(0 -0 -0)
(0 -0 -0)
(-0.00123843 -0 -8.72166e-06)
(-0.000516922 -0 -1.05285e-05)
(-0.000114011 -0 -3.74949e-06)
(0.000172019 -0 6.62747e-06)
(0.000428406 -0 1.9146e-05)
(0.0006692 -0 3.31342e-05)
(0.000964976 -0 4.76749e-05)
(0.00119155 -0 5.32034e-05)
(0.00150115 -0 6.11099e-05)
(0.00173781 -0 7.1097e-05)
(0.00228606 -0 9.59953e-05)
(0.00257 -0 0.000102326)
(0.00274129 -0 9.96703e-05)
(0.0026544 -0 9.9248e-05)
(0.00298199 -0 0.000123482)
(0.00272001 -0 0.000119738)
(0.00300377 -0 0.000121137)
(0.00294544 -0 8.05042e-05)
(0.0027451 -0 2.79448e-05)
(0.00152807 -0 1.88559e-05)
(0.000378046 -0 1.1339e-05)
(-0.000979843 -0 -2.61653e-05)
(-0.00263012 -0 -7.90522e-05)
(-0.0045095 -0 -0.000182735)
(-0.00712397 -0 -0.00033776)
(-0.0084424 -0 -0.000511666)
(-0.0110283 -0 -0.00093495)
(-0.014768 -0 -0.00118007)
(-0.0184 -0 -0.000648309)
(-0.0177226 -0 -9.95753e-05)
(-0.0187085 -0 -0.000448532)
(-0.0189518 -0 -0.000585554)
(-0.0180979 -0 -0.000121751)
(-0.0158233 -0 0.000149693)
(-0.0143367 -0 0.00029097)
(-0.011679 -0 0.000399141)
(-0.0083841 -0 0.000228528)
(-0.00567239 -0 5.28222e-05)
(-0.00327443 -0 2.03215e-05)
(-0.00117431 -0 1.2932e-05)
(0.00124509 -0 -9.00701e-06)
(0.00309471 -0 5.65072e-05)
(0.00519595 -0 0.000153069)
(0.00642189 -0 0.000252101)
(0.00760078 -0 0.000357098)
(0.00876114 -0 0.000393183)
(0.00900377 -0 0.000475245)
(0.0110628 -0 0.000749651)
(0.0143365 -0 0.00119638)
(0.0182851 -0 0.00162942)
(0.0215391 -0 0.00116221)
(0.0216797 -0 0.000227999)
(0.0223044 -0 -0.000230577)
(0.0227191 -0 -0.000498659)
(0.023151 -0 -0.000652224)
(0.0231777 -0 -0.000664451)
(0.0250779 -0 -0.000805628)
(0.0230833 -0 -0.00100788)
(0.0228306 -0 -0.00127216)
(0.019043 -0 -0.0011071)
(0.0184857 -0 -0.00114483)
(0.014462 -0 -0.000982156)
(0.012527 -0 -0.000793096)
(0.00880512 -0 -0.000499108)
(0.00709422 -0 -0.000519016)
(0.00431162 -0 -0.00044791)
(0.00228945 -0 -0.000278449)
(0.000793396 -0 -0.000110207)
(0.000190974 -0 -3.21339e-05)
(6.66522e-06 -0 -1.90803e-06)
(-3.51957e-05 -0 3.18831e-06)
(-1.95875e-05 -0 2.15866e-06)
(-2.64401e-05 -0 3.21054e-06)
(-3.10087e-06 -0 3.74467e-07)
(-1.6722e-06 -0 8.78773e-08)
(-6.39353e-07 -0 3.25815e-10)
(-7.17435e-07 -0 -1.18065e-10)
(-0 -0 -0)
(-0 -0 -0)
(-0 -0 -0)
(-0 -0 -0)
(-0 -0 -0)
(-0 -0 -0)
(-0 -0 -0)
(-0 -0 -0)
(0 -0 -0)
(0 -0 -0)
(0 -0 -0)
(0 -0 -0)
(0 -0 -0)
(0 -0 -0)
(0 -0 -0)
(0 -0 -0)
(0 -0 -0)
(0 -0 -0)
(0 -0 -0)
(0 -0 -0)
(0 -0 -0)
(0 -0 -0)
(0 -0 -0)
(0 -0 -0)
(0 -0 -0)
(0 -0 -0)
(0 -0 -0)
(0 -0 -0)
(0 -0 -0)
(0 -0 -0)
(0 -0 -0)
(0 -0 -0)
(0 -0 -0)
(0 -0 -0)
(0 -0 -0)
(0 -0 -0)
(0 -0 -0)
(0 -0 -0)
(0 -0 -0)
(0 -0 -0)
(0 -0 -0)
(0 -0 -0)
(0 -0 0)
(-1.02794e-05 -0 2.35718e-10)
(-6.07328e-06 -0 1.72506e-09)
(-2.25112e-06 -0 3.97315e-09)
(9.71488e-07 -0 7.47342e-09)
(3.79738e-06 -0 8.66691e-09)
(5.91438e-06 -0 1.25277e-08)
(8.21972e-06 -0 1.27909e-08)
(9.49478e-06 -0 9.51335e-09)
(1.09284e-05 -0 7.03537e-09)
(1.176e-05 -0 6.71137e-09)
(1.34384e-05 -0 5.98807e-09)
(1.40224e-05 -0 3.33631e-09)
(1.43287e-05 -0 4.43225e-10)
(1.32973e-05 -0 -1.92571e-09)
(1.32016e-05 -0 -5.42849e-09)
(1.29315e-05 -0 -1.55895e-08)
(1.63392e-05 -0 -1.26594e-08)
(1.56765e-05 -0 -1.49315e-08)
(1.05988e-05 -0 -3.53227e-10)
(1.20228e-06 -0 -6.34851e-10)
(-2.39357e-06 -0 -3.35229e-08)
(-3.26927e-06 -0 -1.47636e-08)
(-6.23873e-06 -0 -2.08394e-08)
(-1.69015e-05 -0 -4.94072e-08)
(-3.32173e-05 -0 -7.21824e-08)
(-3.53389e-05 -0 -7.90339e-08)
(-3.49025e-05 -0 -3.3078e-07)
(-5.63152e-05 -0 -2.18226e-06)
(-9.36115e-05 -0 -9.79424e-06)
(-0.00139127 -0 -0.000160682)
(-0.00112967 -0 -7.88592e-05)
(-0.00154056 -0 -2.85724e-05)
(-0.00124372 -0 -5.64985e-07)
(-0.00107298 -0 -2.76324e-05)
(-0.00102887 -0 -3.74869e-05)
(-0.00081095 -0 -1.18723e-05)
(-0.000506781 -0 -3.80317e-07)
(-0.000275983 -0 -3.78122e-07)
(-3.87288e-05 -0 -4.11301e-07)
(0.000171336 -0 2.85764e-06)
(0.000337135 -0 7.53838e-06)
(0.000451783 -0 1.24046e-05)
(0.000568075 -0 2.02882e-05)
(0.000692648 -0 3.70241e-05)
(0.000879237 -0 5.54349e-05)
(0.001083 -0 5.16757e-05)
(0.00127986 -0 1.44932e-05)
(0.00142293 -0 -2.99791e-05)
(0.00142932 -0 -2.5727e-05)
(0.00177324 -0 2.34412e-05)
(0.00228148 -0 8.88365e-05)
(0.00295891 -0 0.000107159)
(0.00313597 -0 5.89404e-05)
(0.00310688 -0 6.58254e-05)
(0.0036652 -0 9.50037e-05)
(0.00401031 -0 5.6613e-05)
(0.00434476 -0 -6.81084e-05)
(0.00381627 -0 -0.000199102)
(0.00295016 -0 -0.000192063)
(0.0024299 -0 -0.000170354)
(0.00200393 -0 -0.000185054)
(0.00144197 -0 -0.000180511)
(0.000996763 -0 -0.000142843)
(0.000406915 -0 -4.52393e-05)
(0.000332012 -0 -1.70694e-05)
(0.000169935 -0 -6.49179e-06)
(0.000127196 -0 -1.32677e-05)
(5.30167e-06 -0 -7.36284e-07)
(1.77705e-06 -0 -1.08435e-07)
(1.50792e-07 -0 -1.79568e-09)
(-3.29413e-07 -0 -1.51075e-09)
(-2.56317e-07 -0 -1.65806e-09)
(-2.97172e-07 -0 -1.86e-09)
(-0 -0 -0)
(-0 -0 -0)
(-0 -0 -0)
(-0 -0 -0)
(-0 -0 -0)
(-0 -0 -0)
(-0 -0 -0)
(-0 -0 -0)
(-0 -0 -0)
(-0 -0 -0)
(-0 -0 -0)
(0 -0 -0)
(0 -0 -0)
(0 -0 -0)
(0 -0 -0)
(0 -0 -0)
(0 -0 -0)
(0 -0 -0)
(0 -0 -0)
(0 -0 0)
(0 -0 -0)
(0 -0 -0)
(0 -0 -0)
(0 -0 -0)
(0 -0 -0)
(0 -0 -0)
(0 -0 -0)
(0 -0 -0)
(0 -0 -0)
(0 -0 -0)
(0 -0 -0)
(0 -0 -0)
(0 -0 -0)
(0 -0 -0)
(0 -0 -0)
(0 -0 -0)
(0 -0 -0)
(0 -0 -0)
(0 -0 -0)
(0 -0 -0)
(0 -0 -0)
(0 -0 -0)
(0 -0 0)
(0 -0 0)
(0 -0 0)
(0 -0 0)
(0 -0 0)
(-0 -0 0)
(-0 -0 0)
(-0 -0 0)
(0 -0 0)
(0 -0 0)
(0 -0 0)
(0 -0 0)
(0 -0 0)
(0 -0 0)
(0 -0 0)
(0 -0 0)
(0 -0 0)
(0 -0 -0)
(0 -0 -0)
(0 -0 -0)
(0 -0 -0)
(0 -0 -0)
(0 -0 -0)
(-0 -0 -0)
(-0 -0 -0)
(-0 -0 -0)
(-0 -0 -0)
(-0 -0 -0)
(-0 -0 -0)
(-0 -0 -0)
(-0 -0 -0)
(-0 -0 -0)
(-0 -0 -0)
(-0 -0 -0)
(-5.943e-06 -0 -1.08365e-07)
(-7.12611e-06 -0 -1.70166e-08)
(-9.71111e-06 -0 -1.85212e-09)
(-7.62069e-06 -0 -2.08868e-09)
(-6.55133e-06 -0 -1.43993e-09)
(-5.98153e-06 -0 1.16945e-09)
(-4.72125e-06 -0 9.11631e-11)
(-2.52879e-06 -0 9.73136e-11)
(-2.34004e-07 -0 1.3742e-10)
(1.22048e-06 -0 4.23397e-10)
(2.47337e-06 -0 2.42948e-09)
(3.34835e-06 -0 3.05416e-09)
(4.11637e-06 -0 5.30101e-09)
(4.56821e-06 -0 5.91086e-09)
(4.68314e-06 -0 2.28623e-08)
(5.11622e-06 -0 3.68859e-08)
(6.59549e-06 -0 2.15601e-08)
(9.52929e-06 -0 1.17942e-09)
(1.23604e-05 -0 9.08054e-09)
(1.17835e-05 -0 4.23438e-09)
(1.18678e-05 -0 5.02072e-10)
(1.16408e-05 -0 1.54788e-08)
(1.59888e-05 -0 1.70259e-08)
(1.92491e-05 -0 1.2419e-10)
(1.92472e-05 -0 4.40982e-09)
(2.17887e-05 -0 5.34816e-09)
(2.47066e-05 -0 9.60851e-10)
(2.93438e-05 -0 1.06341e-10)
(2.76147e-05 -0 1.08837e-08)
(2.22146e-05 -0 5.7335e-09)
(2.03177e-05 -0 3.24512e-09)
(1.68806e-05 -0 4.0174e-09)
(1.37541e-05 -0 2.36415e-09)
(9.69257e-06 -0 -8.96248e-10)
(4.56515e-06 -0 -1.21076e-09)
(3.68883e-06 -0 -1.58095e-10)
(2.06984e-06 -0 -1.01093e-11)
(1.98945e-06 -0 -3.25957e-09)
(0 -0 -0)
(0 -0 -0)
(-0 -0 -0)
(-0 -0 -0)
(-0 -0 -0)
(-0 -0 -0)
(-0 -0 -0)
(-0 -0 -0)
(-0 -0 -0)
(-0 -0 -0)
(-0 -0 -0)
(-0 -0 -0)
(-0 -0 -0)
(-0 -0 -0)
(-0 -0 -0)
(-0 -0 -0)
(-0 -0 -0)
(0 -0 -0)
(0 -0 -0)
(0 -0 -0)
(0 -0 -0)
(0 -0 -0)
(0 -0 -0)
(0 -0 -0)
(0 -0 -0)
(0 -0 -0)
(0 -0 -0)
(0 -0 -0)
(0 -0 -0)
(0 -0 -0)
(0 -0 -0)
(0 -0 -0)
(0 -0 0)
(0 -0 0)
(0 -0 0)
(0 -0 0)
(0 -0 0)
(0 -0 0)
(0 -0 0)
(0 -0 0)
(0 -0 0)
(0 -0 0)
(0 -0 0)
(0 -0 0)
(0 -0 0)
(0 -0 0)
(0 -0 0)
(0 -0 0)
(0 -0 0)
(0 -0 0)
(0 -0 0)
(0 -0 0)
(0 -0 0)
(-0 -0 0)
(-0 -0 0)
(-0 -0 0)
(0 -0 0)
(0 -0 0)
(0 -0 0)
(0 -0 0)
(0 -0 0)
(0 -0 0)
(0 -0 0)
(0 -0 0)
(0 -0 -0)
(0 -0 -0)
(0 -0 -0)
(-0 -0 -0)
(-0 -0 -0)
(-0 -0 -0)
(-0 -0 -0)
(-0 -0 -0)
(-0 -0 -0)
(-0 -0 -0)
(-0 -0 -0)
(-0 -0 -0)
(-0 -0 -0)
(-0 -0 -0)
(-0 -0 -0)
(-0 -0 -0)
(-0 -0 -0)
(-0 -0 -0)
(-0 -0 -0)
(-0 -0 -0)
(-0 -0 -0)
(-0 -0 -0)
(-0 -0 -0)
(-0 -0 0)
(-0 -0 0)
(0 -0 0)
(0 -0 0)
(0 -0 0)
(0 -0 0)
(0 -0 0)
(0 -0 0)
(0 -0 0)
(0 -0 0)
(0 -0 0)
(0 -0 0)
(0 -0 0)
(0 -0 0)
(0 -0 0)
(0 -0 0)
(0 -0 0)
(0 -0 0)
(0 -0 0)
(0 -0 0)
(0 -0 0)
(0 -0 0)
(0 -0 0)
(0 -0 0)
(0 -0 0)
(0 -0 0)
(0 -0 0)
(0 -0 0)
(0 -0 -0)
(0 -0 -0)
(0 -0 -0)
(0 -0 -0)
(0 -0 -0)
(0 -0 -0)
(0 -0 -0)
(-0 -0 -0)
(-0 -0 -0)
(-0 -0 -0)
(-0 -0 -0)
(-0 -0 -0)
(-0 -0 -0)
(-0 -0 -0)
(-0 -0 -0)
(-0 -0 -0)
(-0 -0 -0)
(-0 -0 -0)
(-0 -0 -0)
(-0 -0 -0)
(-0 -0 -0)
(-0 -0 -0)
(0 -0 -0)
(0 -0 -0)
(0 -0 -0)
(0 -0 -0)
(0 -0 -0)
(0 -0 -0)
(0 -0 -0)
(0 -0 -0)
(0 -0 -0)
(0 -0 -0)
(0 -0 -0)
(0 -0 -0)
(0 -0 -0)
(0 -0 -0)
(0 -0 0)
(0 -0 0)
(0 -0 0)
(0 -0 0)
(0 -0 0)
(0 -0 0)
(0 -0 0)
(0 -0 0)
(0 -0 0)
(0 -0 0)
(0 -0 0)
(0 -0 0)
(0 -0 0)
(0 -0 0)
(0 -0 0)
(0 -0 0)
(0 -0 0)
(0 -0 0)
(0 -0 0)
(0 -0 0)
(0 -0 0)
(0 -0 0)
(-0 -0 0)
(-0 -0 0)
(-0 -0 0)
(0 -0 0)
(0 -0 0)
(0 -0 0)
(0 -0 0)
(0 -0 0)
(0 -0 0)
(0 -0 0)
(0 -0 0)
(0 -0 -0)
(0 -0 -0)
(-0 -0 -0)
(-0 -0 -0)
(-0 -0 -0)
(-0 -0 -0)
(-0 -0 -0)
(-0 -0 -0)
(-0 -0 -0)
(-0 -0 -0)
(-0 -0 -0)
(-0 -0 -0)
(-0 -0 -0)
(-0 -0 -0)
(-0 -0 -0)
(-0 -0 -0)
(-0 -0 -0)
(-0 -0 -0)
(-0 -0 -0)
(-0 -0 -0)
(-0 -0 -0)
(-0 -0 -0)
(-0 -0 -0)
(-0 -0 0)
(0 -0 0)
(0 -0 0)
(0 -0 0)
(0 -0 0)
(0 -0 0)
(0 -0 0)
(0 -0 0)
(0 -0 0)
(0 -0 0)
(0 -0 0)
(0 -0 0)
(0 -0 0)
(0 -0 0)
(0 -0 0)
(0 -0 0)
(0 -0 0)
(0 -0 0)
(0 -0 0)
(0 -0 0)
(0 -0 0)
(0 -0 0)
(0 -0 0)
(0 -0 0)
(0 -0 0)
(0 -0 0)
(0 -0 0)
(0 -0 0)
(0 -0 0)
(0 -0 -0)
(0 -0 -0)
(0 -0 -0)
(0 -0 -0)
(0 -0 -0)
(0 -0 -0)
(-0 -0 -0)
(-0 -0 -0)
(-0 -0 -0)
(-0 -0 -0)
(-0 -0 -0)
(-0 -0 -0)
(-0 -0 -0)
(-0 -0 -0)
(-0 -0 -0)
(-0 -0 -0)
(-0 -0 -0)
(-0 -0 -0)
(-0 -0 -0)
(-0 -0 -0)
(-0 -0 -0)
(0 -0 -0)
(0 -0 -0)
(0 -0 -0)
(0 -0 -0)
(0 -0 -0)
(0 -0 -0)
(0 -0 -0)
(0 -0 -0)
(0 -0 -0)
(0 -0 -0)
(0 -0 -0)
(0 -0 -0)
(0 -0 -0)
(0 -0 0)
(0 -0 0)
(0 -0 0)
(0 -0 0)
(0 -0 0)
(0 -0 0)
(0 -0 0)
(0 -0 0)
(0 -0 0)
(0 -0 0)
(0 -0 0)
(0 -0 0)
(0 -0 0)
(0 -0 0)
(0 -0 0)
(0 -0 0)
(0 -0 0)
(0 -0 0)
(0 -0 0)
(0 -0 0)
(0 -0 0)
(0 -0 0)
(0 -0 0)
)
;

boundaryField
{
    hot
    {
        type            calculated;
        value           nonuniform List<vector> 
32
(
(0 -0 -0)
(0 -0 -0)
(0 -0 -0)
(0 -0 -0)
(0 -0 -0)
(0 -0 -0)
(0 -0 -0)
(0 -0 -0)
(0 -0 -0)
(0 -0 -0)
(0 -0 -0)
(0 -0 -0)
(0 -0 -0)
(0 -0 -0)
(0 -0 -0)
(0 -0 -0)
(0 -0 -0)
(0 -0 -0)
(0 -0 -0)
(0 -0 -0)
(0 -0 -0)
(0 -0 -0)
(0 -0 0)
(0 -0 0)
(0 -0 0)
(0 -0 -0)
(0 -0 -0)
(0 -0 -0)
(-0 -0 -0)
(-0 -0 -0)
(-0 -0 -0)
(-12.4628 -0 0.0543513)
)
;
    }
    hotTop
    {
        type            calculated;
        value           nonuniform List<vector> 8((-95.4407 -0 0.205311) (-4.56665 -0 -0.0271643) (-0.0615766 -0 -8.29657e-05) (-0.00171756 -0 -1.20931e-05) (-1.25858e-05 -0 2.35718e-10) (-0 -0 0) (-0 -0 0) (-0 -0 0));
    }
    cold
    {
        type            calculated;
        value           uniform (0 -0 0);
    }
    coldTop
    {
        type            calculated;
        value           uniform (0 -0 -0);
    }
    top
    {
        type            calculated;
        value           uniform (-0 -0 -0);
    }
    btm
    {
        type            calculated;
        value           nonuniform List<vector> 
120
(
(0 -0 -0)
(0 -0 -0)
(0 -0 -0)
(0 -0 -0)
(0 -0 -0)
(0 -0 -0)
(0 -0 -0)
(0 -0 -0)
(0 -0 -0)
(0 -0 -0)
(0 -0 -0)
(0 -0 -0)
(0 -0 -0)
(0 -0 -0)
(0 -0 -0)
(0 -0 -0)
(0 -0 -0)
(0 -0 -0)
(0 -0 -0)
(0 -0 -0)
(0 -0 -0)
(0 -0 -0)
(0 -0 -0)
(0 -0 -0)
(0 -0 -0)
(0 -0 -0)
(0 -0 -0)
(0 -0 -0)
(0 -0 -0)
(0 -0 -0)
(0 -0 -0)
(0 -0 -0)
(0 -0 -0)
(0 -0 -0)
(0 -0 -0)
(0 -0 -0)
(0 -0 -0)
(0 -0 -0)
(0 -0 -0)
(0 -0 -0)
(0 -0 -0)
(0 -0 -0)
(0 -0 -0)
(0 -0 -0)
(0 -0 -0)
(0 -0 -0)
(0 -0 -0)
(0 -0 -0)
(0 -0 -0)
(0 -0 -0)
(0 -0 -0)
(0 -0 -0)
(0 -0 -0)
(0 -0 -0)
(0 -0 -0)
(0 -0 -0)
(0 -0 -0)
(0 -0 -0)
(0 -0 -0)
(0 -0 -0)
(0 -0 -0)
(0 -0 -0)
(0 -0 -0)
(0 -0 -0)
(0 -0 -0)
(0 -0 -0)
(0 -0 -0)
(0 -0 -0)
(0 -0 -0)
(0 -0 -0)
(0 -0 -0)
(0 -0 -0)
(0 -0 -0)
(0 -0 -0)
(0 -0 -0)
(0 -0 -0)
(0 -0 -0)
(0 -0 -0)
(0 -0 -0)
(3.25193 -0 -0)
(3.27948 -0 -0)
(0 -0 -0)
(0 -0 -0)
(0 -0 -0)
(0 -0 -0)
(0 -0 -0)
(0 -0 -0)
(0 -0 -0)
(0 -0 -0)
(0 -0 -0)
(0 -0 -0)
(0 -0 -0)
(0 -0 -0)
(0 -0 -0)
(0 -0 -0)
(0 -0 -0)
(0 -0 -0)
(0 -0 -0)
(0 -0 -0)
(0 -0 -0)
(0 -0 -0)
(0 -0 -0)
(0 -0 -0)
(0 -0 -0)
(0 -0 -0)
(0 -0 -0)
(0 -0 -0)
(0 -0 -0)
(0 -0 -0)
(0 -0 -0)
(0 -0 -0)
(0 -0 -0)
(0 -0 -0)
(0 -0 -0)
(0 -0 -0)
(0 -0 -0)
(0 -0 -0)
(0 -0 -0)
(0 -0 -0)
(0 -0 -0)
)
;
    }
    frontAndBack
    {
        type            empty;
    }
}


// ************************************************************************* //
