/*--------------------------------*- C++ -*----------------------------------*\
  =========                 |
  \\      /  F ield         | OpenFOAM: The Open Source CFD Toolbox
   \\    /   O peration     | Website:  https://openfoam.org
    \\  /    A nd           | Version:  6
     \\/     M anipulation  |
\*---------------------------------------------------------------------------*/
FoamFile
{
    version     2.0;
    format      ascii;
    class       volScalarField;
    location    "4200";
    object      dmdt;
}
// * * * * * * * * * * * * * * * * * * * * * * * * * * * * * * * * * * * * * //

dimensions      [0 0 0 0 0 0 0];

internalField   nonuniform List<scalar> 
4800
(
-0.218818
-0.215336
-0.211989
-0.208788
-0.205742
-0.202847
-0.200091
-0.197497
-0.195056
-0.192744
-0.190563
-0.188502
-0.186542
-0.184678
-0.182924
-0.181268
-0.179691
-0.178204
-0.176805
-0.175489
-0.17425
-0.173089
-0.172011
-0.171009
-0.170079
-0.16922
-0.168427
-0.167697
-0.167028
-0.166412
-0.165843
-0.165314
-0.164814
-0.164332
-0.163851
-0.163354
-0.162814
-0.1622
-0.16148
-0.160619
-0.159589
-0.158368
-0.156932
-0.155277
-0.153429
-0.151436
-0.14934
-0.147178
-0.144991
-0.142821
-0.140703
-0.138661
-0.136711
-0.134862
-0.133114
-0.131466
-0.129923
-0.128481
-0.127128
-0.125847
-0.124639
-0.1235
-0.122399
-0.121317
-0.120235
-0.11912
-0.117926
-0.116603
-0.115086
-0.113299
-0.111144
-0.108517
-0.105306
-0.101403
-0.0967258
-0.0912502
-0.0850036
-0.0780292
-0.0704351
-0.0623546
-0.0538769
-0.0450811
-0.0360421
-0.0267892
-0.0172994
-0.00389616
-0.00464652
-0.00154691
0.00170363
0.00505497
0.0084729
0.0119347
0.0154248
0.0189321
0.0224483
0.0259675
0.0294853
0.0329985
0.0365049
0.0400031
0.0434925
0.0469727
0.0504437
0.0539059
0.0573598
0.0608059
0.0642449
0.0676776
0.0711046
0.0745267
0.0779444
0.0813585
0.0847693
0.0881776
0.0915837
0.0949881
0.0983911
0.101793
0.105194
0.108595
-0.218789
-0.215226
-0.211784
-0.208496
-0.205357
-0.202372
-0.199519
-0.196816
-0.194288
-0.191909
-0.189681
-0.187588
-0.185604
-0.183716
-0.181956
-0.180325
-0.178767
-0.177297
-0.175917
-0.174624
-0.173406
-0.172266
-0.171219
-0.170251
-0.169356
-0.168532
-0.167774
-0.167079
-0.166445
-0.165865
-0.16533
-0.164834
-0.164368
-0.163919
-0.16347
-0.163005
-0.162499
-0.161924
-0.16125
-0.160438
-0.159455
-0.158281
-0.156894
-0.15529
-0.153485
-0.151512
-0.149418
-0.147252
-0.145063
-0.142889
-0.140759
-0.138698
-0.136721
-0.134839
-0.13306
-0.131379
-0.129801
-0.128327
-0.126949
-0.125654
-0.124426
-0.123266
-0.122157
-0.121069
-0.119983
-0.11887
-0.117687
-0.116381
-0.114888
-0.11313
-0.111021
-0.108458
-0.105329
-0.101529
-0.0969804
-0.0916243
-0.085465
-0.0785602
-0.0710056
-0.0629078
-0.0543611
-0.0454999
-0.0364089
-0.027103
-0.017572
-0.00406086
-0.00483804
-0.00168336
0.00161508
0.00499869
0.00843762
0.0119135
0.0154135
0.018928
0.0224495
0.0259725
0.0294931
0.0330081
0.0365158
0.0400148
0.0435044
0.0469846
0.0504554
0.0539172
0.0573705
0.060816
0.0642544
0.0676863
0.0711126
0.0745339
0.0779509
0.0813642
0.0847744
0.0881819
0.0915873
0.094991
0.0983933
0.101795
0.105195
0.108595
-0.218716
-0.214986
-0.211341
-0.207841
-0.204486
-0.201299
-0.198255
-0.195365
-0.192689
-0.190194
-0.187888
-0.185756
-0.18376
-0.181856
-0.180078
-0.178469
-0.176937
-0.175502
-0.174163
-0.172922
-0.171753
-0.170659
-0.169666
-0.168758
-0.167926
-0.16717
-0.16648
-0.165854
-0.165294
-0.164784
-0.164318
-0.163888
-0.163485
-0.1631
-0.162708
-0.162301
-0.161855
-0.161333
-0.160723
-0.159979
-0.159063
-0.157961
-0.156654
-0.155131
-0.153399
-0.151484
-0.149425
-0.147275
-0.145087
-0.142901
-0.140745
-0.138648
-0.136628
-0.134697
-0.132869
-0.131137
-0.129501
-0.127967
-0.126541
-0.125205
-0.12394
-0.122751
-0.121629
-0.120533
-0.119448
-0.118339
-0.117169
-0.115888
-0.114433
-0.112724
-0.110677
-0.108199
-0.105191
-0.101548
-0.0971739
-0.0920086
-0.086015
-0.0792239
-0.0717545
-0.063676
-0.0550821
-0.0461545
-0.0369936
-0.0276439
-0.0181449
-0.00467102
-0.00527836
-0.00194876
0.00145376
0.00489749
0.00837397
0.0118754
0.0153937
0.0189217
0.0224532
0.0259836
0.0295094
0.0330281
0.0365381
0.0400384
0.0435286
0.0470087
0.050479
0.0539399
0.0573921
0.0608364
0.0642733
0.0677038
0.0711286
0.0745484
0.0779639
0.0813757
0.0847844
0.0881906
0.0915946
0.0949969
0.0983979
0.101798
0.105197
0.108596
-0.218599
-0.214623
-0.21068
-0.206836
-0.203147
-0.199647
-0.196332
-0.193193
-0.190306
-0.18766
-0.185259
-0.183072
-0.181045
-0.179147
-0.177367
-0.175785
-0.174303
-0.172922
-0.171643
-0.170466
-0.169369
-0.168354
-0.167444
-0.166621
-0.165878
-0.165216
-0.164621
-0.164095
-0.163635
-0.163225
-0.162854
-0.162515
-0.162198
-0.161897
-0.161586
-0.161252
-0.160883
-0.160432
-0.159893
-0.159225
-0.158388
-0.157366
-0.15614
-0.154704
-0.153055
-0.151219
-0.14923
-0.147126
-0.144956
-0.14276
-0.14057
-0.138424
-0.136352
-0.134357
-0.13246
-0.130662
-0.128959
-0.12735
-0.125857
-0.124469
-0.123161
-0.121937
-0.120797
-0.119697
-0.118614
-0.117519
-0.11637
-0.115119
-0.11371
-0.112061
-0.110087
-0.107704
-0.104821
-0.101334
-0.0971487
-0.0922067
-0.0864509
-0.079901
-0.0725905
-0.0645282
-0.0558964
-0.0469165
-0.0376592
-0.028264
-0.0190006
-0.0105759
-0.00599299
-0.00227211
0.00126356
0.00477377
0.00829381
0.0118273
0.01537
0.0189165
0.022462
0.0260027
0.0295358
0.0330595
0.0365726
0.0400747
0.0435655
0.0470453
0.0505147
0.0539742
0.0574247
0.060867
0.0643018
0.0677301
0.0711526
0.0745701
0.0779834
0.081393
0.0847995
0.0882035
0.0916054
0.0950057
0.0984047
0.101803
0.1052
0.108597
-0.218413
-0.214067
-0.209736
-0.20546
-0.201338
-0.197437
-0.193786
-0.190367
-0.187236
-0.18442
-0.181918
-0.17968
-0.177627
-0.175747
-0.174002
-0.172436
-0.171001
-0.169692
-0.168493
-0.167392
-0.166385
-0.165469
-0.164666
-0.163952
-0.163322
-0.162773
-0.162289
-0.161885
-0.161547
-0.161255
-0.160996
-0.160767
-0.160551
-0.160346
-0.160127
-0.159878
-0.159593
-0.15922
-0.158759
-0.158171
-0.157416
-0.156475
-0.155329
-0.153973
-0.152405
-0.150648
-0.148734
-0.146687
-0.144545
-0.142354
-0.140154
-0.137972
-0.135841
-0.133772
-0.131788
-0.1299
-0.128117
-0.126433
-0.124869
-0.123424
-0.122077
-0.120822
-0.119661
-0.118562
-0.117487
-0.11641
-0.115288
-0.114066
-0.112705
-0.111118
-0.10922
-0.106933
-0.104168
-0.100838
-0.0968442
-0.0921016
-0.0865804
-0.0802429
-0.0730472
-0.0651265
-0.0566713
-0.0477167
-0.0383384
-0.0287469
-0.0190143
-0.0046273
-0.00582727
-0.00239531
0.00111097
0.0046502
0.00820835
0.0117765
0.0153478
0.0189167
0.0224792
0.0260324
0.0295744
0.033104
0.0366208
0.0401246
0.0436158
0.047095
0.0505629
0.0540204
0.0574684
0.0609079
0.0643399
0.0677651
0.0711846
0.074599
0.0780093
0.0814159
0.0848195
0.0882207
0.0916198
0.0950174
0.0984137
0.101809
0.105204
0.108598
-0.218172
-0.213332
-0.208505
-0.203724
-0.199102
-0.19474
-0.190698
-0.186982
-0.183612
-0.180616
-0.177988
-0.175701
-0.173635
-0.17177
-0.17008
-0.168555
-0.167173
-0.165946
-0.16484
-0.16383
-0.162925
-0.16212
-0.161433
-0.160847
-0.160352
-0.159929
-0.159569
-0.159303
-0.159106
-0.158943
-0.158809
-0.158697
-0.158591
-0.158487
-0.158364
-0.158206
-0.158002
-0.157708
-0.157326
-0.156814
-0.156139
-0.155277
-0.154204
-0.152917
-0.151413
-0.149718
-0.147862
-0.145861
-0.143754
-0.14158
-0.139377
-0.137163
-0.134974
-0.132836
-0.130772
-0.128798
-0.126935
-0.125184
-0.123558
-0.122065
-0.120686
-0.119408
-0.118234
-0.11714
-0.116075
-0.115017
-0.113923
-0.11273
-0.111411
-0.109883
-0.108055
-0.105859
-0.10321
-0.100016
-0.0961732
-0.0916055
-0.0862662
-0.0801027
-0.0731249
-0.0654376
-0.0571064
-0.0481899
-0.0388559
-0.02924
-0.0192873
-0.00453383
-0.00592795
-0.00257849
0.000937147
0.00451724
0.00812061
0.011729
0.0153331
0.0189275
0.0225092
0.0260763
0.0296279
0.0331638
0.0366841
0.0401894
0.0436805
0.0471584
0.0506241
0.0540788
0.0575235
0.0609594
0.0643876
0.067809
0.0712245
0.0746351
0.0780415
0.0814444
0.0848444
0.088242
0.0916377
0.0950319
0.0984249
0.101817
0.105209
0.1086
-0.217886
-0.21245
-0.207021
-0.201669
-0.196505
-0.191654
-0.187194
-0.18315
-0.17954
-0.176384
-0.17364
-0.171298
-0.169214
-0.167382
-0.165743
-0.164273
-0.162952
-0.161819
-0.160806
-0.159893
-0.1591
-0.158417
-0.157851
-0.157405
-0.157053
-0.156765
-0.156542
-0.156424
-0.156372
-0.156348
-0.156345
-0.156352
-0.156358
-0.156356
-0.156327
-0.156258
-0.156128
-0.155911
-0.155598
-0.155157
-0.154553
-0.15376
-0.152748
-0.151514
-0.150057
-0.1484
-0.146583
-0.14461
-0.142523
-0.140355
-0.138137
-0.135892
-0.133661
-0.131471
-0.129346
-0.127314
-0.125391
-0.12359
-0.12192
-0.120394
-0.118997
-0.117708
-0.116533
-0.115447
-0.114396
-0.113358
-0.11229
-0.111123
-0.109844
-0.108361
-0.106594
-0.104476
-0.101921
-0.0988531
-0.0951626
-0.0907678
-0.0856046
-0.0796458
-0.0729003
-0.0653953
-0.0571968
-0.0484481
-0.0392672
-0.0297084
-0.0198289
-0.00502628
-0.00641972
-0.00291414
0.000709979
0.00436998
0.0080351
0.0116915
0.0153325
0.0189548
0.0225568
0.0261383
0.0296995
0.0332412
0.0367645
0.0402705
0.0437607
0.0472363
0.0506989
0.0541497
0.0575902
0.0610215
0.064445
0.0678616
0.0712724
0.0746783
0.0780801
0.0814785
0.0848741
0.0882674
0.091659
0.0950491
0.0984382
0.101827
0.105214
0.108602
-0.21754
-0.211424
-0.205346
-0.199392
-0.193675
-0.188325
-0.183426
-0.179029
-0.175165
-0.171837
-0.168994
-0.166617
-0.164516
-0.162713
-0.161123
-0.159716
-0.158468
-0.157421
-0.156502
-0.155693
-0.155009
-0.154449
-0.154009
-0.153716
-0.153507
-0.153356
-0.153286
-0.153316
-0.153404
-0.153519
-0.153647
-0.153772
-0.153882
-0.15398
-0.15404
-0.15405
-0.153987
-0.153835
-0.153579
-0.153194
-0.152645
-0.151904
-0.150936
-0.149738
-0.148311
-0.146675
-0.144874
-0.14291
-0.140824
-0.13865
-0.136421
-0.134153
-0.131895
-0.129676
-0.127509
-0.12544
-0.123484
-0.121655
-0.119962
-0.118425
-0.117025
-0.115743
-0.114579
-0.113508
-0.112482
-0.111463
-0.110416
-0.109277
-0.108031
-0.106583
-0.104861
-0.10281
-0.10033
-0.0973584
-0.0937788
-0.089534
-0.0845558
-0.0788286
-0.0723274
-0.0650525
-0.0570694
-0.0485032
-0.0394672
-0.030106
-0.0207001
-0.0120148
-0.00731497
-0.00335528
0.000457387
0.00422593
0.0079649
0.0116748
0.0153549
0.0190055
0.0226276
0.0262227
0.0297925
0.0333389
0.0368638
0.0403693
0.0438573
0.0473294
0.0507876
0.0542335
0.0576686
0.0610943
0.064512
0.0679229
0.0713281
0.0747284
0.0781248
0.0815179
0.0849084
0.0882968
0.0916836
0.0950691
0.0984536
0.101837
0.105221
0.108604
-0.217165
-0.21031
-0.203531
-0.196944
-0.19066
-0.184809
-0.179487
-0.174749
-0.170632
-0.167139
-0.164198
-0.161775
-0.159665
-0.157879
-0.15633
-0.154988
-0.15383
-0.152858
-0.15203
-0.15133
-0.150755
-0.150305
-0.15
-0.149856
-0.149788
-0.149779
-0.149861
-0.150032
-0.150256
-0.150497
-0.150748
-0.150983
-0.151188
-0.151376
-0.151516
-0.151594
-0.151583
-0.151482
-0.151269
-0.150923
-0.150409
-0.149695
-0.148754
-0.147572
-0.146154
-0.144527
-0.142724
-0.140747
-0.138652
-0.136466
-0.13423
-0.131948
-0.129677
-0.127448
-0.125269
-0.123189
-0.12123
-0.119398
-0.117708
-0.116184
-0.114791
-0.113537
-0.112394
-0.111341
-0.11035
-0.109359
-0.108329
-0.107213
-0.105986
-0.104556
-0.102861
-0.100847
-0.0984387
-0.0955621
-0.0921101
-0.0880081
-0.0831727
-0.0775906
-0.0712523
-0.0641793
-0.0564156
-0.0480504
-0.0392287
-0.030098
-0.0207018
-0.00633398
-0.00745463
-0.00363702
0.000258615
0.00411901
0.00792972
0.0116923
0.0154103
0.0190876
0.0227278
0.0263343
0.0299105
0.0334595
0.0369843
0.0404874
0.0439714
0.0474385
0.0508908
0.0543304
0.0577588
0.0611778
0.0645887
0.0679929
0.0713914
0.0747853
0.0781754
0.0815625
0.0849472
0.08833
0.0917113
0.0950915
0.0984709
0.10185
0.105228
0.108606
-0.216774
-0.209154
-0.201659
-0.194432
-0.187592
-0.181264
-0.175535
-0.170461
-0.166063
-0.162378
-0.159343
-0.15687
-0.154773
-0.153001
-0.151474
-0.150187
-0.149108
-0.148219
-0.147481
-0.14688
-0.146415
-0.146067
-0.145909
-0.145897
-0.145962
-0.146093
-0.146315
-0.146623
-0.146966
-0.147318
-0.147676
-0.148006
-0.148293
-0.148554
-0.14876
-0.148889
-0.148917
-0.148847
-0.148658
-0.148331
-0.147829
-0.147122
-0.146187
-0.144997
-0.143573
-0.14194
-0.140121
-0.138122
-0.136014
-0.133822
-0.131578
-0.1293
-0.127035
-0.124818
-0.122655
-0.120595
-0.118662
-0.116856
-0.115192
-0.1137
-0.112327
-0.111109
-0.110004
-0.108976
-0.108009
-0.107042
-0.106036
-0.104941
-0.103727
-0.10231
-0.100643
-0.0986512
-0.0962936
-0.0934522
-0.0900674
-0.0860745
-0.0813874
-0.0759688
-0.0698068
-0.0629197
-0.0553608
-0.0472323
-0.0387038
-0.0299735
-0.0213251
-0.0134129
-0.00832734
-0.00398543
0.000103837
0.00406843
0.00794777
0.0117582
0.0155095
0.0192091
0.0228633
0.0264777
0.030057
0.0336058
0.0371276
0.040626
0.044104
0.0475641
0.051009
0.0544406
0.057861
0.0612719
0.0646749
0.0680713
0.0714623
0.0748488
0.0782319
0.0816122
0.0849903
0.0883668
0.0917421
0.0951164
0.0984901
0.101863
0.105236
0.108609
-0.216397
-0.208056
-0.199894
-0.192056
-0.184665
-0.177848
-0.171701
-0.166302
-0.161657
-0.157769
-0.154581
-0.152009
-0.149909
-0.148162
-0.146655
-0.145409
-0.144388
-0.143576
-0.142926
-0.142417
-0.142058
-0.14182
-0.141789
-0.141895
-0.142088
-0.142348
-0.142687
-0.143114
-0.143561
-0.14401
-0.144453
-0.144856
-0.145209
-0.14552
-0.145771
-0.145932
-0.145981
-0.145919
-0.145732
-0.145397
-0.144887
-0.144169
-0.143214
-0.142001
-0.14056
-0.138914
-0.137074
-0.135056
-0.132935
-0.130745
-0.128505
-0.126245
-0.124008
-0.121826
-0.119711
-0.117702
-0.11582
-0.114068
-0.11245
-0.110999
-0.10967
-0.108481
-0.107419
-0.106431
-0.105486
-0.104537
-0.10355
-0.102468
-0.101257
-0.099844
-0.098186
-0.0962128
-0.0938986
-0.09111
-0.0877877
-0.0838783
-0.0793042
-0.0740303
-0.068043
-0.0613632
-0.0540569
-0.0462221
-0.0379929
-0.0295631
-0.021203
-0.0134645
-0.00844319
-0.004071
8.13553e-05
0.00410869
0.00803883
0.0118864
0.0156627
0.0193777
0.0230401
0.0266572
0.0302353
0.0337799
0.0372956
0.0407864
0.0442558
0.0477068
0.0511421
0.0545642
0.0579751
0.0613766
0.0647704
0.0681579
0.0715403
0.0749187
0.0782939
0.0816666
0.0850375
0.0884071
0.0917757
0.0951436
0.0985111
0.101878
0.105245
0.108612
-0.216044
-0.207022
-0.19823
-0.189814
-0.1819
-0.174621
-0.16809
-0.162361
-0.157449
-0.153355
-0.149999
-0.147307
-0.145158
-0.143417
-0.141941
-0.140723
-0.139746
-0.138996
-0.138424
-0.138002
-0.137739
-0.137623
-0.137689
-0.137902
-0.138204
-0.138573
-0.139011
-0.139528
-0.140056
-0.140584
-0.141092
-0.141541
-0.141938
-0.142272
-0.142545
-0.142708
-0.142757
-0.142684
-0.142479
-0.142122
-0.141585
-0.140828
-0.139831
-0.138585
-0.137122
-0.135452
-0.133595
-0.131574
-0.129447
-0.127276
-0.125064
-0.12284
-0.120653
-0.11853
-0.116487
-0.114556
-0.112749
-0.111076
-0.109521
-0.108113
-0.106838
-0.10569
-0.104661
-0.103709
-0.10279
-0.101857
-0.100882
-0.0998123
-0.0985969
-0.0971826
-0.0955313
-0.0935772
-0.0912737
-0.0885262
-0.0852489
-0.0814092
-0.0769324
-0.0717792
-0.0659547
-0.0594954
-0.0524616
-0.0449336
-0.0370289
-0.0288622
-0.0203871
-0.00660656
-0.00789796
-0.00392792
0.000190126
0.00425048
0.00821552
0.0120878
0.0158787
0.0196002
0.0232631
0.0268764
0.0304479
0.0339837
0.0374894
0.0409692
0.0444272
0.0478667
0.0512904
0.0547011
0.0581008
0.0614915
0.0648749
0.0682524
0.0716252
0.0749945
0.078361
0.0817255
0.0850885
0.0884506
0.0918119
0.0951729
0.0985336
0.101894
0.105255
0.108615
-0.215747
-0.206117
-0.19673
-0.187795
-0.179442
-0.17176
-0.164838
-0.15874
-0.153509
-0.149176
-0.145645
-0.142831
-0.14059
-0.138813
-0.137363
-0.136182
-0.135242
-0.13454
-0.134033
-0.133687
-0.13351
-0.133501
-0.133651
-0.133948
-0.134337
-0.13479
-0.135306
-0.135875
-0.136459
-0.137034
-0.137587
-0.138056
-0.138473
-0.138808
-0.139069
-0.139204
-0.139231
-0.139126
-0.138888
-0.138496
-0.137908
-0.13709
-0.136041
-0.134758
-0.13327
-0.13158
-0.129717
-0.127713
-0.125605
-0.123468
-0.121307
-0.119146
-0.117034
-0.114996
-0.113045
-0.111208
-0.109498
-0.107912
-0.106432
-0.105079
-0.103856
-0.102752
-0.101754
-0.100828
-0.0999277
-0.099006
-0.0980305
-0.0969607
-0.095734
-0.0943095
-0.0926486
-0.0906964
-0.0883887
-0.0856534
-0.0824141
-0.0786378
-0.0742583
-0.0692356
-0.0635721
-0.0573067
-0.0505064
-0.0432797
-0.0357706
-0.0281254
-0.0205294
-0.0133894
-0.00842118
-0.00392588
0.000361106
0.00449039
0.00848674
0.0123718
0.0161648
0.0198819
0.0235361
0.0271381
0.0306966
0.0342185
0.0377097
0.041175
0.0446185
0.0480437
0.0514536
0.0548509
0.0582378
0.0616162
0.0649879
0.0683542
0.0717166
0.0750758
0.0784329
0.0817885
0.085143
0.0884969
0.0918505
0.0952041
0.0985576
0.101911
0.105265
0.108619
-0.215525
-0.205468
-0.195646
-0.186229
-0.1774
-0.169288
-0.161982
-0.155566
-0.150049
-0.145438
-0.141679
-0.138683
-0.136289
-0.134424
-0.132954
-0.131798
-0.1309
-0.130245
-0.129788
-0.12951
-0.129408
-0.129474
-0.129693
-0.130047
-0.130503
-0.131015
-0.131574
-0.132163
-0.132771
-0.133353
-0.13392
-0.134394
-0.134804
-0.135116
-0.135326
-0.135415
-0.135404
-0.135258
-0.134965
-0.134508
-0.133845
-0.132963
-0.131864
-0.130544
-0.129039
-0.127341
-0.125491
-0.123523
-0.121466
-0.119387
-0.1173
-0.115227
-0.113212
-0.111283
-0.109445
-0.107714
-0.106105
-0.104613
-0.103219
-0.101933
-0.100763
-0.0996991
-0.0987262
-0.0978143
-0.0969211
-0.0960039
-0.0950245
-0.0939389
-0.092702
-0.0912713
-0.0895963
-0.0876293
-0.085319
-0.0825974
-0.0793855
-0.075658
-0.0713596
-0.0664507
-0.0609316
-0.0548568
-0.0483029
-0.0413871
-0.0342677
-0.0271224
-0.0201915
-0.013813
-0.00846421
-0.00371096
0.000692237
0.00486435
0.00886961
0.012748
0.0165269
0.0202264
0.0238614
0.0274436
0.0309822
0.0344846
0.0379567
0.0414035
0.0448293
0.0482375
0.0516312
0.0550131
0.0583854
0.0617501
0.0651088
0.0684629
0.0718138
0.0751622
0.0785091
0.0818551
0.0852005
0.0885458
0.0918912
0.0952369
0.0985828
0.101929
0.105276
0.108622
-0.215334
-0.204912
-0.194745
-0.184971
-0.17576
-0.167276
-0.159611
-0.152839
-0.146983
-0.142049
-0.138043
-0.134868
-0.132335
-0.130357
-0.128818
-0.127641
-0.126759
-0.126132
-0.125714
-0.125484
-0.125435
-0.125555
-0.125814
-0.126204
-0.126705
-0.12725
-0.127822
-0.12841
-0.129004
-0.129562
-0.130095
-0.130544
-0.130913
-0.131176
-0.131321
-0.131346
-0.131267
-0.131063
-0.130703
-0.130171
-0.129437
-0.128493
-0.127341
-0.12599
-0.12448
-0.122795
-0.120982
-0.119073
-0.117095
-0.115103
-0.113117
-0.111156
-0.109257
-0.10745
-0.105737
-0.104129
-0.102624
-0.101226
-0.0999191
-0.0987063
-0.0975863
-0.0965562
-0.0955975
-0.0946827
-0.093777
-0.0928513
-0.0918664
-0.090757
-0.089493
-0.0880393
-0.0863491
-0.0843686
-0.0820494
-0.0793518
-0.0761859
-0.0725115
-0.068286
-0.0634881
-0.0581116
-0.0522114
-0.0458765
-0.0392299
-0.0324407
-0.0257013
-0.0192172
-0.0132056
-0.00790746
-0.00314411
0.00125455
0.00540434
0.00937823
0.0132225
0.0169676
0.0206347
0.0242392
0.0277927
0.0313044
0.0347814
0.0382297
0.0416541
0.0450588
0.0484472
0.0518224
0.0551869
0.0585429
0.0618924
0.0652369
0.0685778
0.0719162
0.0752531
0.0785891
0.0819248
0.0852607
0.0885969
0.0919337
0.0952711
0.0986091
0.101948
0.105287
0.108626
-0.215224
-0.204563
-0.194123
-0.184053
-0.174537
-0.165724
-0.157687
-0.150529
-0.144319
-0.139075
-0.134783
-0.131353
-0.128649
-0.126556
-0.124954
-0.123743
-0.122856
-0.122232
-0.121833
-0.121627
-0.121604
-0.121746
-0.122026
-0.122433
-0.122943
-0.123478
-0.12403
-0.124591
-0.125131
-0.12563
-0.126089
-0.126473
-0.126777
-0.126976
-0.127056
-0.127003
-0.126839
-0.126554
-0.126109
-0.125499
-0.124704
-0.123707
-0.12252
-0.121163
-0.119668
-0.118021
-0.116268
-0.114437
-0.11256
-0.110682
-0.108822
-0.106997
-0.105232
-0.103555
-0.10197
-0.100485
-0.0990876
-0.0977871
-0.0965664
-0.0954286
-0.0943572
-0.0933573
-0.0923981
-0.0914681
-0.0905294
-0.0895758
-0.0885677
-0.087438
-0.0861434
-0.0846529
-0.0829375
-0.0809279
-0.0785806
-0.0758916
-0.0727865
-0.0692021
-0.065066
-0.0603657
-0.0551322
-0.0494128
-0.0432667
-0.036818
-0.0302455
-0.0237649
-0.0175907
-0.0118862
-0.00681503
-0.00221356
0.00206335
0.00611739
0.0100138
0.0137939
0.0174845
0.0211045
0.0246674
0.0281836
0.0316614
0.0351075
0.0385272
0.0419254
0.0453058
0.0486717
0.052026
0.0553712
0.0587093
0.0620422
0.0653713
0.0686979
0.0720231
0.0753476
0.0786722
0.0819972
0.085323
0.0886498
0.0919776
0.0953065
0.0986363
0.101967
0.105298
0.10863
-0.215113
-0.204247
-0.193654
-0.183484
-0.173784
-0.164637
-0.156212
-0.14867
-0.142094
-0.136501
-0.131896
-0.128201
-0.125286
-0.123039
-0.121337
-0.12007
-0.119165
-0.11853
-0.118134
-0.117936
-0.117915
-0.118049
-0.118325
-0.118718
-0.119188
-0.119672
-0.120177
-0.120683
-0.121143
-0.121555
-0.121919
-0.122211
-0.122425
-0.122538
-0.122542
-0.122404
-0.122157
-0.121792
-0.121264
-0.120577
-0.119729
-0.118706
-0.117508
-0.11616
-0.11469
-0.113098
-0.111424
-0.109696
-0.107941
-0.106194
-0.104475
-0.102797
-0.10118
-0.0996416
-0.0981887
-0.0968257
-0.0955369
-0.0943279
-0.0931858
-0.092117
-0.0910894
-0.090119
-0.0891546
-0.0882082
-0.087228
-0.0862373
-0.0851851
-0.0840157
-0.0826742
-0.0811361
-0.0793849
-0.0773486
-0.0749683
-0.0722417
-0.0691325
-0.0655906
-0.0615561
-0.0569896
-0.051902
-0.0463391
-0.0403518
-0.0340445
-0.0275876
-0.0212232
-0.0152595
-0.00993882
-0.00525541
-0.000962284
0.00309016
0.00698321
0.0107614
0.0144512
0.0180697
0.0216299
0.0251415
0.0286127
0.0320504
0.0354604
0.0388473
0.0422155
0.0455685
0.0489094
0.0522407
0.0555647
0.0588833
0.0621983
0.0655109
0.0688224
0.0721335
0.0754451
0.0787577
0.0820716
0.0853869
0.0887039
0.0920225
0.0953426
0.098664
0.101986
0.10531
0.108634
-0.215112
-0.204263
-0.193657
-0.18333
-0.173347
-0.163886
-0.155129
-0.147201
-0.140229
-0.13428
-0.129365
-0.125405
-0.12228
-0.119863
-0.118036
-0.11667
-0.115706
-0.115033
-0.114617
-0.114404
-0.114361
-0.114467
-0.114705
-0.115049
-0.115443
-0.11585
-0.116279
-0.116697
-0.117051
-0.11735
-0.117602
-0.117787
-0.117897
-0.117909
-0.117821
-0.1176
-0.117268
-0.116823
-0.116226
-0.115474
-0.114576
-0.113541
-0.112358
-0.111046
-0.109625
-0.108108
-0.10653
-0.104921
-0.1033
-0.101694
-0.100123
-0.0986005
-0.0971381
-0.0957444
-0.0944246
-0.09318
-0.0920001
-0.0908795
-0.0898106
-0.0887986
-0.0878049
-0.0868505
-0.0858778
-0.0849106
-0.0838863
-0.0828484
-0.081737
-0.080509
-0.0791034
-0.0775142
-0.0757133
-0.0736496
-0.0712711
-0.0685386
-0.0654443
-0.0619452
-0.0579928
-0.0535457
-0.0485962
-0.043175
-0.0373093
-0.0310562
-0.024547
-0.0180379
-0.0120462
-0.00736339
-0.0033116
0.000523256
0.00426932
0.00795707
0.0115917
0.0151751
0.0187102
0.0222017
0.0256549
0.0290751
0.0324676
0.0358369
0.0391872
0.0425222
0.045845
0.0491583
0.0524645
0.0557657
0.0590635
0.0623594
0.0656546
0.0689501
0.0722466
0.0755447
0.0788449
0.0821472
0.0854519
0.0887589
0.092068
0.0953792
0.0986921
0.102006
0.105322
0.108637
-0.215147
-0.204296
-0.193584
-0.183134
-0.173028
-0.163373
-0.154331
-0.146066
-0.138738
-0.132438
-0.127179
-0.122911
-0.119536
-0.116926
-0.114966
-0.113504
-0.112467
-0.111747
-0.111288
-0.111032
-0.110942
-0.110991
-0.111161
-0.111425
-0.111714
-0.112025
-0.112349
-0.112651
-0.112884
-0.113045
-0.11318
-0.113252
-0.113249
-0.113153
-0.112967
-0.112669
-0.11226
-0.111745
-0.111098
-0.110316
-0.109393
-0.108358
-0.107203
-0.105943
-0.104596
-0.103176
-0.101712
-0.100232
-0.0987524
-0.0972903
-0.0958687
-0.0944995
-0.0931879
-0.0919358
-0.0907442
-0.08961
-0.0885248
-0.0874814
-0.086472
-0.0855008
-0.0845344
-0.0835782
-0.0825918
-0.081593
-0.0805222
-0.0794242
-0.0782441
-0.0769467
-0.0754635
-0.0738198
-0.0719668
-0.0698769
-0.0675154
-0.0648219
-0.0617714
-0.0583254
-0.0544619
-0.0501439
-0.0453429
-0.0400643
-0.0343091
-0.0280718
-0.0213603
-0.0142368
-0.00730962
-0.00416839
-0.00116032
0.00208893
0.0054981
0.0089756
0.0124661
0.0159416
0.0193905
0.0228096
0.0262002
0.0295652
0.0329083
0.0362333
0.0395436
0.0428425
0.0461325
0.0494162
0.0526956
0.0559724
0.0592481
0.062524
0.065801
0.0690798
0.0723612
0.0756455
0.0789328
0.0822235
0.0855172
0.0888141
0.0921137
0.0954159
0.0987202
0.102026
0.105333
0.108641
-0.215117
-0.204199
-0.193422
-0.182901
-0.172705
-0.162934
-0.153723
-0.145218
-0.137579
-0.13094
-0.125358
-0.120796
-0.117161
-0.114325
-0.112188
-0.110591
-0.109453
-0.108663
-0.108142
-0.107818
-0.107659
-0.107633
-0.107709
-0.107863
-0.10803
-0.108223
-0.108414
-0.108581
-0.108679
-0.108698
-0.108715
-0.108676
-0.10854
-0.108351
-0.108073
-0.107701
-0.107229
-0.10666
-0.105976
-0.105178
-0.104259
-0.103244
-0.102132
-0.100938
-0.0996801
-0.0983682
-0.0970304
-0.0956885
-0.0943559
-0.0930422
-0.091769
-0.0905494
-0.0893819
-0.0882648
-0.0871949
-0.0861624
-0.0851582
-0.0841796
-0.0832109
-0.0822596
-0.0813072
-0.0803316
-0.0793196
-0.0782744
-0.077146
-0.0759776
-0.0747199
-0.0733502
-0.071792
-0.0700911
-0.0681875
-0.066083
-0.0637295
-0.0610994
-0.0581452
-0.0548149
-0.0510756
-0.0469082
-0.0422847
-0.0371945
-0.031618
-0.0254924
-0.018659
-0.0102114
0.00108003
-0.000842089
0.000741112
0.00348568
0.00664923
0.00997175
0.0133469
0.0167282
0.020096
0.0234435
0.0267699
0.030077
0.0333678
0.0366455
0.039913
0.0431732
0.0464284
0.0496806
0.0529316
0.0561828
0.0594354
0.0626903
0.0659485
0.0692103
0.0724761
0.0757462
0.0790207
0.0822995
0.0855823
0.088869
0.0921592
0.0954523
0.0987481
0.102046
0.105345
0.108645
-0.215034
-0.203971
-0.193081
-0.182485
-0.172259
-0.162462
-0.153182
-0.14454
-0.136675
-0.129739
-0.123839
-0.118977
-0.115076
-0.112008
-0.109676
-0.107932
-0.106676
-0.105791
-0.105182
-0.104771
-0.104525
-0.104405
-0.104367
-0.10439
-0.104424
-0.104475
-0.10452
-0.104536
-0.104493
-0.10439
-0.104284
-0.104115
-0.103859
-0.103586
-0.103226
-0.102792
-0.102273
-0.101668
-0.100966
-0.100168
-0.0992712
-0.0982924
-0.0972393
-0.0961233
-0.094962
-0.0937659
-0.0925606
-0.0913602
-0.0901778
-0.0890159
-0.0878914
-0.0868152
-0.085782
-0.0847882
-0.0838289
-0.0828858
-0.0819479
-0.0810142
-0.0800646
-0.0791105
-0.0781471
-0.0771339
-0.0760804
-0.0749752
-0.0737785
-0.0725323
-0.0711951
-0.0697478
-0.0681291
-0.0663904
-0.0644692
-0.0623886
-0.0600773
-0.0575309
-0.0546878
-0.0515092
-0.0479377
-0.0439523
-0.0395264
-0.0346557
-0.0293367
-0.0235495
-0.0172779
-0.0105852
-0.00397002
-0.00119892
0.00148598
0.00446041
0.00763436
0.0109061
0.0142126
0.0175211
0.020817
0.0240959
0.0273578
0.0306053
0.0338414
0.0370692
0.0402915
0.0435109
0.0467293
0.0499484
0.0531698
0.0563944
0.0596231
0.0628566
0.0660955
0.0693399
0.0725901
0.075846
0.0791075
0.0823744
0.0856464
0.088923
0.0922038
0.0954881
0.0987755
0.102065
0.105357
0.108649
-0.214919
-0.203646
-0.192602
-0.181931
-0.171692
-0.161903
-0.152625
-0.143954
-0.135974
-0.128808
-0.122608
-0.117451
-0.113282
-0.109979
-0.107435
-0.10552
-0.10413
-0.103133
-0.102421
-0.101911
-0.101561
-0.101325
-0.101162
-0.101042
-0.100933
-0.100832
-0.100728
-0.100584
-0.100404
-0.100186
-0.0999517
-0.0996514
-0.0992938
-0.0989467
-0.0985145
-0.09804
-0.0974895
-0.0968731
-0.0961725
-0.0953912
-0.0945312
-0.0936016
-0.0926161
-0.0915851
-0.0905254
-0.0894504
-0.0883816
-0.0873282
-0.0862989
-0.0852939
-0.0843174
-0.0833776
-0.082466
-0.0815749
-0.0807011
-0.0798245
-0.0789284
-0.0780077
-0.0770509
-0.0760679
-0.0750603
-0.0739919
-0.072879
-0.0717026
-0.0704385
-0.0691174
-0.0677112
-0.0661985
-0.0645492
-0.0628106
-0.0609332
-0.0589289
-0.0567283
-0.0543157
-0.0516265
-0.0486135
-0.0452005
-0.0413702
-0.0371053
-0.0324263
-0.0273629
-0.0219624
-0.0162924
-0.0105549
-0.00529761
-0.00141354
0.00197096
0.00524847
0.00852234
0.0117996
0.0150682
0.0183193
0.0215501
0.0247622
0.0279592
0.0311453
0.0343244
0.0375
0.040675
0.0438517
0.0470318
0.0502167
0.0534074
0.0566047
0.0598091
0.0630209
0.0662403
0.0694673
0.0727018
0.0759435
0.0791923
0.0824475
0.0857088
0.0889755
0.0922471
0.0955228
0.098802
0.102084
0.105368
0.108653
-0.214752
-0.203192
-0.191966
-0.181216
-0.170976
-0.161232
-0.152001
-0.143354
-0.135346
-0.128064
-0.121656
-0.116234
-0.111791
-0.108236
-0.10547
-0.103366
-0.101819
-0.100692
-0.0998687
-0.0992475
-0.0987812
-0.0984215
-0.0981303
-0.0978639
-0.0976093
-0.0973594
-0.0971057
-0.0968064
-0.0964929
-0.0961554
-0.0957838
-0.0953686
-0.0949284
-0.0945033
-0.0940307
-0.0935305
-0.0929794
-0.0923712
-0.0916966
-0.0909515
-0.0901427
-0.0892748
-0.0883649
-0.0874245
-0.0864711
-0.0855208
-0.0845908
-0.0836896
-0.0828195
-0.0819775
-0.0811512
-0.0803387
-0.0795259
-0.0786997
-0.0778629
-0.0770081
-0.0761089
-0.0751528
-0.0741444
-0.0730987
-0.0720222
-0.0708938
-0.0697187
-0.0684786
-0.0671621
-0.0657922
-0.064354
-0.0628313
-0.0612231
-0.059571
-0.0578345
-0.0559933
-0.0539821
-0.0517358
-0.0491862
-0.0462639
-0.0428799
-0.0390416
-0.0347826
-0.0302011
-0.0253532
-0.020292
-0.0151348
-0.00991935
-0.00512032
-0.00102007
0.00263756
0.00608125
0.00942231
0.0127021
0.0159356
0.0191313
0.022297
0.025441
0.0285708
0.0316928
0.0348123
0.0379334
0.0410591
0.0441915
0.0473321
0.0504818
0.0536414
0.056811
0.0599909
0.0631809
0.0663809
0.0695907
0.0728097
0.0760376
0.0792739
0.0825178
0.0857687
0.0890259
0.0922886
0.095556
0.0988274
0.102102
0.105378
0.108656
-0.214563
-0.202659
-0.191206
-0.180371
-0.170133
-0.160424
-0.151229
-0.14263
-0.134667
-0.127371
-0.120845
-0.115223
-0.110556
-0.106771
-0.103776
-0.101467
-0.0997432
-0.0984767
-0.0975379
-0.0967965
-0.0962111
-0.0957292
-0.0953154
-0.0949144
-0.0945221
-0.0941327
-0.0937358
-0.0932924
-0.0928324
-0.0923619
-0.0918432
-0.0913126
-0.0908049
-0.0903201
-0.0898411
-0.089345
-0.0888253
-0.0882525
-0.0876295
-0.0869452
-0.0862074
-0.0854208
-0.0846028
-0.083768
-0.0829338
-0.0821163
-0.0813315
-0.0805887
-0.0798835
-0.0792037
-0.0785214
-0.0778108
-0.077044
-0.0762097
-0.0753239
-0.0744067
-0.07344
-0.0723827
-0.0712626
-0.0701181
-0.0689683
-0.0677984
-0.0665904
-0.0653267
-0.064009
-0.0626678
-0.0613052
-0.0599127
-0.0585076
-0.0571108
-0.0556839
-0.0541297
-0.0523472
-0.0502108
-0.0476018
-0.0443888
-0.0405681
-0.0363203
-0.0317356
-0.0270627
-0.0224771
-0.0179639
-0.0136012
-0.00875135
-0.00412645
-4.16263e-05
0.00363908
0.00709306
0.0104199
0.013662
0.0168399
0.0199686
0.0230616
0.0261317
0.0291895
0.0322436
0.0353004
0.0383645
0.041439
0.0445258
0.047626
0.0507402
0.0538684
0.0570104
0.0601659
0.0633345
0.0665156
0.0697085
0.0729126
0.0761271
0.0793513
0.0825843
0.0858253
0.0890735
0.0923278
0.0955874
0.0988513
0.102119
0.105388
0.10866
-0.214441
-0.202293
-0.190631
-0.179653
-0.169324
-0.159555
-0.15033
-0.141772
-0.133939
-0.126776
-0.12025
-0.114477
-0.109598
-0.105588
-0.102357
-0.0998222
-0.0978963
-0.09648
-0.0954237
-0.0945739
-0.0938797
-0.0932935
-0.0927776
-0.0922698
-0.0917635
-0.0912531
-0.0907218
-0.0901405
-0.0895085
-0.0888499
-0.0881516
-0.0874881
-0.0869299
-0.0864391
-0.0859959
-0.0855562
-0.085098
-0.0845974
-0.084056
-0.0834674
-0.0828376
-0.0821714
-0.0814847
-0.0807902
-0.0800988
-0.0794254
-0.0787923
-0.0782123
-0.0776745
-0.0771465
-0.0765708
-0.0758868
-0.075052
-0.0740771
-0.0730142
-0.0719149
-0.0707978
-0.0695723
-0.0682849
-0.0670316
-0.0658471
-0.0646945
-0.0635306
-0.0623409
-0.0611458
-0.0600248
-0.0589973
-0.058
-0.0570927
-0.0562467
-0.0553893
-0.0542739
-0.0526209
-0.0501987
-0.0468077
-0.0421706
-0.0366695
-0.0314464
-0.0263687
-0.0213642
-0.0169683
-0.0136227
-0.0113161
-0.00721956
-0.0026554
0.0014054
0.00499439
0.00833585
0.0115604
0.0147099
0.0177989
0.0208396
0.0238462
0.0268329
0.0298118
0.0327929
0.0357832
0.0387877
0.0418093
0.0448496
0.0479091
0.0509877
0.0540848
0.0571997
0.0603316
0.0634794
0.0666422
0.069819
0.0730088
0.0762107
0.0794235
0.0826463
0.0858781
0.0891177
0.0923642
0.0956165
0.0988736
0.102134
0.105398
0.108663
-0.214361
-0.202038
-0.190141
-0.17893
-0.168447
-0.158563
-0.14924
-0.140668
-0.132953
-0.126005
-0.119653
-0.11389
-0.108891
-0.1047
-0.101239
-0.0984451
-0.0962713
-0.0946663
-0.0935072
-0.0925882
-0.0918153
-0.0911652
-0.0905979
-0.0900381
-0.0894637
-0.0888644
-0.08821
-0.0874724
-0.0866081
-0.0856398
-0.0846669
-0.0838575
-0.083314
-0.0829216
-0.0825896
-0.082252
-0.0818862
-0.0814819
-0.0810528
-0.0806105
-0.0801583
-0.0796904
-0.0792106
-0.0787104
-0.0781768
-0.077631
-0.0771311
-0.0767106
-0.0763489
-0.0759665
-0.0754119
-0.074579
-0.0734645
-0.0721747
-0.070804
-0.0693798
-0.0680152
-0.0665529
-0.0650865
-0.0637993
-0.0627045
-0.0616794
-0.0607112
-0.0598269
-0.0590389
-0.0586391
-0.058526
-0.0581618
-0.0579694
-0.0578995
-0.0578099
-0.0571688
-0.0553261
-0.0514175
-0.0454023
-0.0370423
-0.0273547
-0.021373
-0.0185237
-0.012668
-0.00562059
-0.00327763
-0.00489052
-0.00407315
-0.000332689
0.0032443
0.00665933
0.0097997
0.0128485
0.0158533
0.0188175
0.0217458
0.0246492
0.0275406
0.0304323
0.0333343
0.0362541
0.0391965
0.042164
0.0451574
0.0481764
0.05122
0.0542869
0.0573758
0.060485
0.0636131
0.0667588
0.0699205
0.0730971
0.0762871
0.0794895
0.0827029
0.0859261
0.0891579
0.0923973
0.0956429
0.0988937
0.102149
0.105406
0.108666
-0.214311
-0.201833
-0.189634
-0.178082
-0.167396
-0.157426
-0.148008
-0.139385
-0.131775
-0.125097
-0.119062
-0.113455
-0.108427
-0.10411
-0.100438
-0.0973614
-0.094904
-0.0930291
-0.09175
-0.0908128
-0.0900161
-0.0893922
-0.0888675
-0.0883543
-0.0878048
-0.0871702
-0.0864119
-0.0854684
-0.0842413
-0.0827129
-0.0812805
-0.0803807
-0.0800941
-0.0800327
-0.0798928
-0.0796434
-0.0793513
-0.0790139
-0.0786803
-0.0784335
-0.0782631
-0.0781075
-0.0779362
-0.0776701
-0.077239
-0.0767108
-0.0762668
-0.0760106
-0.0758936
-0.075729
-0.0750188
-0.0736544
-0.071987
-0.0704074
-0.068801
-0.0667846
-0.0648741
-0.0625754
-0.0609522
-0.0599937
-0.0594005
-0.0587161
-0.0583719
-0.0584332
-0.0585181
-0.0599689
-0.0617311
-0.0608677
-0.0602494
-0.0600631
-0.0591573
-0.0578085
-0.055867
-0.0479803
-0.0335297
-0.0216128
-0.00937293
0.00128806
-0.00669483
-0.00698054
0.00794053
0.0124172
0.00362364
0.00690873
0
0.00569171
0.00861351
0.0114394
0.0142551
0.0170777
0.0198876
0.0226805
0.0254638
0.0282479
0.0310432
0.0338597
0.036705
0.0395832
0.042496
0.0454429
0.0484224
0.0514325
0.0544709
0.0575353
0.0606235
0.0637335
0.0668634
0.0700114
0.0731759
0.0763553
0.0795482
0.0827531
0.0859687
0.0891937
0.0924266
0.0956664
0.0989116
0.102161
0.105414
0.108668
-0.214139
-0.201321
-0.188728
-0.176748
-0.165876
-0.156055
-0.146803
-0.138299
-0.130881
-0.124483
-0.118741
-0.113303
-0.10824
-0.103751
-0.0998263
-0.0964084
-0.0936555
-0.0913939
-0.0899834
-0.088577
-0.0876099
-0.0870187
-0.0865681
-0.0861785
-0.0857431
-0.0851083
-0.0842312
-0.0829187
-0.0812119
-0.0787219
-0.0767646
-0.0762354
-0.0770928
-0.0778722
-0.0779321
-0.077594
-0.0773393
-0.0769881
-0.0765502
-0.0764284
-0.0765868
-0.0767443
-0.0768938
-0.0767439
-0.0761379
-0.0753325
-0.0747808
-0.0747268
-0.0749429
-0.0751328
-0.0736869
-0.0709632
-0.0689028
-0.0681828
-0.0663969
-0.0624091
-0.0586506
-0.0536219
-0.0528984
-0.0544191
-0.0562575
-0.0562077
-0.0572341
-0.059115
-0.0594152
-0.0651031
-0.0699772
-0.0626545
-0.053722
-0.0488663
-0.0405405
-0.034879
-0.0339792
-0.0287075
-0.0167363
-0.00917617
-0.00555621
-0.0028049
-0.00106977
-0
0
0
0
0
0
0
0.010719
0.0131669
0.0157255
0.0183551
0.0209915
0.0236294
0.0262784
0.0289441
0.0316341
0.0343587
0.0371257
0.0399386
0.0427971
0.0456992
0.0486415
0.0516205
0.0546327
0.0576749
0.0607443
0.0638381
0.0669541
0.07009
0.073244
0.0764141
0.0795988
0.0827964
0.0860054
0.0892244
0.0924518
0.0956865
0.0989269
0.102172
0.10542
0.10867
-0.213785
-0.200317
-0.187157
-0.174812
-0.163972
-0.154608
-0.145899
-0.137835
-0.130765
-0.124636
-0.118974
-0.113322
-0.107941
-0.103176
-0.0987936
-0.0943701
-0.0914931
-0.088146
-0.0864468
-0.0856795
-0.0843671
-0.0835464
-0.0829125
-0.0820996
-0.0816282
-0.0809001
-0.080236
-0.0789255
-0.0774841
-0.0756267
-0.073478
-0.0721199
-0.0724706
-0.0737037
-0.0745409
-0.0746731
-0.0745135
-0.0744712
-0.0735886
-0.0732141
-0.0734515
-0.0733784
-0.0738749
-0.0734734
-0.072309
-0.0713284
-0.0707303
-0.0714902
-0.071247
-0.070971
-0.0668437
-0.0620492
-0.0625889
-0.0665552
-0.0607188
-0.0514379
-0.0471271
-0.0397145
-0.0354826
-0.0392818
-0.0481231
-0.0487679
-0.0479478
-0.046803
-0.0431628
-0.0407091
-0.0416771
-0.034084
-0.029784
-0.0216818
-0.019686
-0
-0
-0
-0
-0
-0
-0
-0
-0
0
0
0
0
0
0
0
0.0135716
0.0171897
0.0196619
0.0221091
0.024572
0.0270774
0.0296171
0.032192
0.0348176
0.0375036
0.0402515
0.0430583
0.0459189
0.0488275
0.051779
0.0547684
0.0577916
0.0608449
0.063925
0.0670293
0.0701551
0.0733002
0.0764626
0.0796405
0.082832
0.0860356
0.0892496
0.0924725
0.095703
0.0989395
0.102181
0.105425
0.108672
-0.213234
-0.19894
-0.184937
-0.172695
-0.16274
-0.1538
-0.145446
-0.138169
-0.131819
-0.125823
-0.119552
-0.112262
-0.105727
-0.0995949
-0.0949337
-0.0910063
-0.0872664
-0.0840808
-0.0828536
-0.0821734
-0.0816059
-0.0819669
-0.0815285
-0.0807806
-0.0813048
-0.0817592
-0.0811464
-0.0789132
-0.0772568
-0.0756218
-0.0736284
-0.0728023
-0.0749586
-0.0768942
-0.0781246
-0.0776509
-0.0764191
-0.0774454
-0.074716
-0.0712023
-0.0689862
-0.0657621
-0.0680392
-0.0679243
-0.065108
-0.0635268
-0.0597851
-0.0615348
-0.0584742
-0.053302
-0.047192
-0.0463359
-0.0545542
-0.0630823
-0.0499113
-0.0332807
-0.0299491
-0.0250106
-0.0208698
-0.0188116
-0.0213709
-0.0212251
-0.0192302
-0.0195151
-0
-0
-0
-0
-0
-0
-0
-0
-0
-0
-0
-0
-0
-0
-0
-0
0
0
0
0
0
0
0
0
0.00889429
0.0210227
0.023223
0.0254761
0.0278433
0.0302565
0.0327013
0.035219
0.0378227
0.0405091
0.0432694
0.0460942
0.0489746
0.0519035
0.0548745
0.0578824
0.0609229
0.0639923
0.0670873
0.0702052
0.0733435
0.0764999
0.0796725
0.0828593
0.0860587
0.0892689
0.0924884
0.0957156
0.0989491
0.102188
0.105429
0.108673
-0.212775
-0.198997
-0.182652
-0.17198
-0.165195
-0.154661
-0.144283
-0.138621
-0.132612
-0.124765
-0.114765
-0.106379
-0.0997549
-0.0949066
-0.0929581
-0.0880891
-0.0802586
-0.0771874
-0.0783601
-0.0809383
-0.0825507
-0.0824905
-0.0788983
-0.0782163
-0.0805114
-0.0806614
-0.0786016
-0.0733468
-0.0672172
-0.065759
-0.0662684
-0.0720934
-0.083244
-0.081894
-0.0761937
-0.071905
-0.0696816
-0.078847
-0.0737463
-0.0578989
-0.0524411
-0.042953
-0.0450663
-0.0508661
-0.0478075
-0.0451335
-0.0385973
-0.0378234
-0.0341105
-0.027724
-0.0243954
-0.0231898
-0.0265056
-0.0276369
-0.0224293
-0
-0
-0
-0
-0
-0
-0
-0
-0
-0
-0
-0
-0
-0
-0
-0
-0
-0
-0
-0
-0
-0
-0
-0
-0
0
0
0
0
0
0
0
0
0
0
0.0242922
0.0262688
0.0285646
0.030866
0.0331404
0.0355377
0.0380627
0.0406965
0.0434198
0.0462174
0.0490772
0.0519898
0.0549477
0.057945
0.0609766
0.0640385
0.0671271
0.0702395
0.0733731
0.0765254
0.0796944
0.082878
0.0860745
0.0892821
0.0924992
0.0957242
0.0989557
0.102192
0.105432
0.108674
-0.214611
-0.211653
-0.182704
-0.176281
-0.169152
-0.144047
-0.135995
-0.139076
-0.127848
-0.113133
-0.0949581
-0.0841545
-0.0839174
-0.0841603
-0.0899243
-0.0819084
-0.0519213
-0.0480591
-0.0617095
-0.0754751
-0.080154
-0.0755312
-0.0634441
-0.0666364
-0.0705926
-0.0648933
-0.0650267
-0.0540449
-0.0413069
-0.0400177
-0.0444362
-0.0462379
-0.0529255
-0.0502481
-0.0421883
-0.0379169
-0.0352081
-0.0372801
-0.0355941
-0.027784
-0.0242995
-0.0207297
-0.0195366
-0
-0
-0
-0
-0
-0
-0
-0
-0
-0
-0
-0
-0
-0
-0
-0
-0
-0
-0
-0
-0
-0
-0
-0
-0
-0
-0
-0
-0
-0
-0
-0
-0
-0
-0
-0
-0
0
0
0
0
0
0
0
0
0
0
0
0
0.01136
0.0315052
0.0334597
0.035732
0.0381976
0.0407979
0.0434998
0.0462824
0.049131
0.0520349
0.0549859
0.0579775
0.0610045
0.0640624
0.0671477
0.0702573
0.0733884
0.0765386
0.0797057
0.0828876
0.0860826
0.0892889
0.0925048
0.0957287
0.0989591
0.102195
0.105433
0.108675
-0.106355
-0.0999149
-0.0923833
-0.080818
-0.073171
-0.059095
-0.0569656
-0.0603649
-0.061356
-0.0532771
-0.0462886
-0.0393478
-0.0351963
-0.0344842
-0.0321926
-0.0300481
-0.0228399
-0.0214818
-0.0221849
-0.0233316
-0.0238291
-0
-0
-0
-0
-0
-0
-0
-0
-0
-0
-0
-0
-0
-0
-0
-0
-0
-0
-0
-0
-0
-0
-0
-0
-0
-0
-0
-0
-0
-0
-0
-0
-0
-0
-0
-0
-0
-0
-0
-0
-0
-0
-0
-0
-0
-0
-0
-0
-0
-0
-0
-0
-0
-0
-0
-0
-0
-0
-0
0
0
0
0
0
0
0
0
0
0
0
0
0
0
0
0
0
0
0
0
0
0
0
0
0
0
0
0
0
0
0
0
0
0
0
0
0
0
0
0
-0
-0
-0
-0
-0
-0
-0
-0
-0
-0
-0
-0
-0
-0
-0
-0
-0
-0
-0
-0
-0
-0
-0
-0
-0
-0
-0
-0
-0
-0
-0
-0
-0
-0
-0
-0
-0
-0
-0
-0
-0
-0
-0
-0
-0
-0
-0
-0
-0
-0
-0
-0
-0
-0
-0
-0
-0
-0
-0
-0
-0
-0
-0
-0
-0
-0
-0
-0
-0
-0
-0
-0
-0
-0
-0
-0
-0
-0
-0
0
0
0
0
0
0
0
0
0
0
0
0
0
0
0
0
0
0
0
0
0
0
0
0
0
0
0
0
0
0
0
0
0
0
0
0
0
0
0
0
0
-0
-0
-0
-0
-0
-0
-0
-0
-0
-0
-0
-0
-0
-0
-0
-0
-0
-0
-0
-0
-0
-0
-0
-0
-0
-0
-0
-0
-0
-0
-0
-0
-0
-0
-0
-0
-0
-0
-0
-0
-0
-0
-0
-0
-0
-0
-0
-0
-0
-0
-0
-0
-0
-0
-0
-0
-0
-0
-0
-0
-0
-0
-0
-0
-0
-0
-0
-0
-0
-0
-0
-0
-0
-0
-0
-0
-0
-0
-0
0
0
0
0
0
0
0
0
0
0
0
0
0
0
0
0
0
0
0
0
0
0
0
0
0
0
0
0
0
0
0
0
0
0
0
0
0
0
0
0
0
-0
-0
-0
-0
-0
-0
-0
-0
-0
-0
-0
-0
-0
-0
-0
-0
-0
-0
-0
-0
-0
-0
-0
-0
-0
-0
-0
-0
-0
-0
-0
-0
-0
-0
-0
-0
-0
-0
-0
-0
-0
-0
-0
-0
-0
-0
-0
-0
-0
-0
-0
-0
-0
-0
-0
-0
-0
-0
-0
-0
-0
-0
-0
-0
-0
-0
-0
-0
-0
-0
-0
-0
-0
-0
-0
-0
-0
-0
-0
0
0
0
0
0
0
0
0
0
0
0
0
0
0
0
0
0
0
0
0
0
0
0
0
0
0
0
0
0
0
0
0
0
0
0
0
0
0
0
0
0
-0
-0
-0
-0
-0
-0
-0
-0
-0
-0
-0
-0
-0
-0
-0
-0
-0
-0
-0
-0
-0
-0
-0
-0
-0
-0
-0
-0
-0
-0
-0
-0
-0
-0
-0
-0
-0
-0
-0
-0
-0
-0
-0
-0
-0
-0
-0
-0
-0
-0
-0
-0
-0
-0
-0
-0
-0
-0
-0
-0
-0
-0
-0
-0
-0
-0
-0
-0
-0
-0
-0
-0
-0
-0
-0
-0
-0
-0
-0
0
0
0
0
0
0
0
0
0
0
0
0
0
0
0
0
0
0
0
0
0
0
0
0
0
0
0
0
0
0
0
0
0
0
0
0
0
0
0
0
0
-0
-0
-0
-0
-0
-0
-0
-0
-0
-0
-0
-0
-0
-0
-0
-0
-0
-0
-0
-0
-0
-0
-0
-0
-0
-0
-0
-0
-0
-0
-0
-0
-0
-0
-0
-0
-0
-0
-0
-0
-0
-0
-0
-0
-0
-0
-0
-0
-0
-0
-0
-0
-0
-0
-0
-0
-0
-0
-0
-0
-0
-0
-0
-0
-0
-0
-0
-0
-0
-0
-0
-0
-0
-0
-0
-0
-0
-0
-0
0
0
0
0
0
0
0
0
0
0
0
0
0
0
0
0
0
0
0
0
0
0
0
0
0
0
0
0
0
0
0
0
0
0
0
0
0
0
0
0
0
-0
-0
-0
-0
-0
-0
-0
-0
-0
-0
-0
-0
-0
-0
-0
-0
-0
-0
-0
-0
-0
-0
-0
-0
-0
-0
-0
-0
-0
-0
-0
-0
-0
-0
-0
-0
-0
-0
-0
-0
-0
-0
-0
-0
-0
-0
-0
-0
-0
-0
-0
-0
-0
-0
-0
-0
-0
-0
-0
-0
-0
-0
-0
-0
-0
-0
-0
-0
-0
-0
-0
-0
-0
-0
-0
-0
-0
-0
-0
0
0
0
0
0
0
0
0
0
0
0
0
0
0
0
0
0
0
0
0
0
0
0
0
0
0
0
0
0
0
0
0
0
0
0
0
0
0
0
0
0
-0
-0
-0
-0
-0
-0
-0
-0
-0
-0
-0
-0
-0
-0
-0
-0
-0
-0
-0
-0
-0
-0
-0
-0
-0
-0
-0
-0
-0
-0
-0
-0
-0
-0
-0
-0
-0
-0
-0
-0
-0
-0
-0
-0
-0
-0
-0
-0
-0
-0
-0
-0
-0
-0
-0
-0
-0
-0
-0
-0
-0
-0
-0
-0
-0
-0
-0
-0
-0
-0
-0
-0
-0
-0
-0
-0
-0
-0
-0
0
0
0
0
0
0
0
0
0
0
0
0
0
0
0
0
0
0
0
0
0
0
0
0
0
0
0
0
0
0
0
0
0
0
0
0
0
0
0
0
0
)
;

boundaryField
{
    hot
    {
        type            calculated;
        value           uniform 0.0220591;
    }
    hotTop
    {
        type            calculated;
        value           nonuniform List<scalar> 8(0.0101799 0.0932735 0.0932734 0.0932735 0.0932735 0.0932735 0.0932735 0.0932735);
    }
    cold
    {
        type            calculated;
        value           nonuniform List<scalar> 
32
(
-0.0110295
-0.0110295
-0.0110295
-0.0110295
-0.0110295
-0.0110295
-0.0110295
-0.0110295
-0.0110295
-0.0110295
-0.0110295
-0.0110295
-0.0110295
-0.0110295
-0.0110295
-0.0110295
-0.0110295
-0.0110295
-0.0110295
-0.0110295
-0.0110295
-0.0110295
-0.0110295
-0.0110295
-0.0110295
-0.0110295
-0.0110295
-0.0110295
-0.0110295
-0.0110295
-0.0110295
-0.0110295
)
;
    }
    coldTop
    {
        type            calculated;
        value           uniform -0.0466368;
    }
    top
    {
        type            calculated;
        value           nonuniform List<scalar> 
120
(
0.0887979
0.0808239
0.0739503
0.0681569
0.0633277
0.0592884
0.0558414
0.0528271
0.0501476
0.0477413
0.0455746
0.0436441
0.0419491
0.0404673
0.039149
0.0379588
0.0368747
0.0358796
0.0349716
0.0341611
0.0334596
0.0328838
0.0324461
0.0321413
0.0319513
0.0318543
0.0318238
0.0318315
0.031854
0.0318719
0.0318752
0.0318632
0.0318346
0.031791
0.031734
0.0316613
0.0315658
0.0314439
0.0312898
0.0310963
0.0308584
0.0305761
0.030249
0.0298768
0.0294711
0.0290502
0.0286219
0.0281984
0.0277916
0.0273995
0.0270157
0.0266274
0.0262323
0.0258315
0.0254253
0.0249991
0.024517
0.0239505
0.0232734
0.0224688
0.0215309
0.020476
0.0193407
0.0181767
0.0170417
0.0159663
0.0149524
0.0139725
0.0129932
0.0120047
0.0110082
0.00999404
0.00892883
0.00778048
0.00651981
0.00513058
0.00361919
0.00201641
0.000368911
-0.00127204
-0.00285869
-0.00435223
-0.00572277
-0.00694786
-0.00802144
-0.00896083
-0.00980602
-0.0106127
-0.0114309
-0.0122817
-0.0131605
-0.0140539
-0.0149539
-0.0158585
-0.0167682
-0.017685
-0.0186135
-0.01956
-0.0205297
-0.0215252
-0.0225484
-0.0236001
-0.0246805
-0.0257889
-0.0269239
-0.0280843
-0.0292684
-0.0304745
-0.0317005
-0.0329445
-0.0342046
-0.0354787
-0.0367651
-0.038062
-0.0393677
-0.0406806
-0.0419992
-0.0433218
-0.0446471
-0.0459736
)
;
    }
    btm
    {
        type            calculated;
        value           nonuniform List<scalar> 
120
(
0.0218818
0.0215336
0.0211989
0.0208788
0.0205742
0.0202847
0.0200091
0.0197497
0.0195056
0.0192744
0.0190563
0.0188502
0.0186542
0.0184678
0.0182924
0.0181268
0.0179691
0.0178204
0.0176805
0.0175489
0.017425
0.0173089
0.0172011
0.0171009
0.0170079
0.016922
0.0168427
0.0167697
0.0167028
0.0166412
0.0165843
0.0165314
0.0164814
0.0164332
0.0163851
0.0163354
0.0162814
0.01622
0.016148
0.0160619
0.0159589
0.0158368
0.0156932
0.0155277
0.0153429
0.0151436
0.014934
0.0147178
0.0144991
0.0142821
0.0140703
0.0138661
0.0136711
0.0134862
0.0133114
0.0131466
0.0129923
0.0128481
0.0127128
0.0125847
0.0124639
0.01235
0.0122399
0.0121317
0.0120235
0.011912
0.0117926
0.0116603
0.0115086
0.0113299
0.0111144
0.0108517
0.0105306
0.0101403
0.00967258
0.00912502
0.00850036
0.00780292
0.00704351
0.00623546
0.00538769
0.00450811
0.00360421
0.00267892
0.00172994
0.000389616
0.000464615
0.000154687
-0.000170363
-0.000505497
-0.00084729
-0.00119347
-0.00154248
-0.00189321
-0.00224483
-0.00259675
-0.00294853
-0.00329985
-0.00365049
-0.00400031
-0.00434925
-0.00469727
-0.00504437
-0.00539059
-0.00573598
-0.00608059
-0.00642449
-0.00676776
-0.00711046
-0.00745267
-0.00779444
-0.00813585
-0.00847693
-0.00881776
-0.00915837
-0.00949881
-0.00983911
-0.0101793
-0.0105194
-0.0108595
)
;
    }
    frontAndBack
    {
        type            empty;
    }
}


// ************************************************************************* //
