/*--------------------------------*- C++ -*----------------------------------*\
  =========                 |
  \\      /  F ield         | OpenFOAM: The Open Source CFD Toolbox
   \\    /   O peration     | Website:  https://openfoam.org
    \\  /    A nd           | Version:  6
     \\/     M anipulation  |
\*---------------------------------------------------------------------------*/
FoamFile
{
    version     2.0;
    format      ascii;
    class       volScalarField;
    location    "500";
    object      T;
}
// * * * * * * * * * * * * * * * * * * * * * * * * * * * * * * * * * * * * * //

dimensions      [0 0 0 1 0 0 0];

internalField   nonuniform List<scalar> 
4800
(
552.506
552.418
552.329
552.241
552.152
552.064
551.975
551.885
551.796
551.705
551.615
551.524
551.433
551.341
551.248
551.155
551.061
550.967
550.872
550.777
550.681
550.584
550.487
550.388
550.29
550.19
550.09
549.99
549.889
549.787
549.685
549.582
549.478
549.374
549.27
549.165
549.06
548.954
548.848
548.742
548.635
548.529
548.421
548.314
548.207
548.099
547.992
547.884
547.776
547.669
547.561
547.454
547.346
547.239
547.132
547.025
546.918
546.812
546.706
546.6
546.494
546.389
546.284
546.179
546.075
545.971
545.867
545.764
545.661
545.558
545.456
545.353
545.251
545.15
545.048
544.947
544.845
544.744
544.643
544.543
544.432
544.322
544.211
544.101
543.992
543.883
543.774
543.665
543.558
543.451
543.344
543.238
543.133
543.029
542.926
542.823
542.721
542.62
542.52
542.421
542.323
542.226
542.129
542.034
541.939
541.845
541.752
541.66
541.568
541.477
541.387
541.297
541.208
541.119
541.031
540.943
540.855
540.768
540.681
540.594
552.506
552.418
552.329
552.241
552.152
552.064
551.975
551.885
551.796
551.706
551.615
551.524
551.433
551.341
551.248
551.155
551.062
550.967
550.872
550.777
550.681
550.584
550.487
550.389
550.29
550.191
550.091
549.99
549.889
549.787
549.685
549.582
549.478
549.374
549.27
549.165
549.06
548.954
548.848
548.742
548.635
548.529
548.421
548.314
548.207
548.099
547.992
547.884
547.776
547.669
547.561
547.454
547.346
547.239
547.132
547.025
546.918
546.812
546.706
546.6
546.494
546.389
546.284
546.179
546.075
545.971
545.867
545.764
545.661
545.558
545.455
545.353
545.251
545.15
545.048
544.947
544.845
544.744
544.643
544.543
544.432
544.322
544.211
544.101
543.992
543.882
543.774
543.665
543.558
543.45
543.344
543.238
543.133
543.029
542.925
542.823
542.721
542.62
542.52
542.421
542.323
542.226
542.129
542.034
541.939
541.845
541.752
541.659
541.568
541.477
541.387
541.297
541.208
541.119
541.031
540.943
540.855
540.768
540.681
540.594
552.506
552.418
552.329
552.241
552.153
552.064
551.975
551.885
551.796
551.706
551.615
551.524
551.433
551.341
551.248
551.155
551.062
550.968
550.873
550.777
550.681
550.584
550.487
550.389
550.29
550.191
550.091
549.99
549.889
549.787
549.685
549.582
549.479
549.375
549.27
549.165
549.06
548.954
548.848
548.742
548.636
548.529
548.422
548.314
548.207
548.099
547.992
547.884
547.776
547.669
547.561
547.454
547.346
547.239
547.132
547.025
546.918
546.812
546.706
546.6
546.494
546.389
546.284
546.179
546.075
545.971
545.867
545.764
545.661
545.558
545.455
545.353
545.251
545.149
545.048
544.947
544.845
544.744
544.643
544.543
544.432
544.322
544.211
544.101
543.992
543.882
543.774
543.665
543.558
543.45
543.344
543.238
543.133
543.029
542.925
542.823
542.721
542.62
542.52
542.421
542.323
542.225
542.129
542.033
541.939
541.845
541.752
541.659
541.568
541.477
541.387
541.297
541.208
541.119
541.031
540.943
540.855
540.768
540.681
540.594
552.506
552.418
552.33
552.241
552.153
552.064
551.975
551.886
551.796
551.706
551.615
551.524
551.433
551.341
551.249
551.156
551.062
550.968
550.873
550.777
550.681
550.584
550.487
550.389
550.29
550.191
550.091
549.99
549.889
549.787
549.685
549.582
549.479
549.375
549.27
549.166
549.06
548.955
548.849
548.742
548.636
548.529
548.422
548.314
548.207
548.099
547.992
547.884
547.776
547.669
547.561
547.453
547.346
547.239
547.132
547.025
546.918
546.812
546.705
546.6
546.494
546.389
546.284
546.179
546.075
545.971
545.867
545.764
545.66
545.558
545.455
545.353
545.251
545.149
545.048
544.946
544.845
544.744
544.643
544.543
544.432
544.322
544.211
544.101
543.992
543.882
543.774
543.665
543.557
543.45
543.344
543.238
543.133
543.029
542.925
542.823
542.721
542.62
542.52
542.421
542.323
542.225
542.129
542.033
541.939
541.845
541.752
541.659
541.568
541.477
541.386
541.297
541.208
541.119
541.031
540.943
540.855
540.768
540.681
540.594
552.506
552.418
552.33
552.241
552.153
552.064
551.975
551.886
551.796
551.706
551.616
551.525
551.433
551.341
551.249
551.156
551.062
550.968
550.873
550.778
550.681
550.585
550.487
550.389
550.29
550.191
550.091
549.991
549.889
549.788
549.685
549.582
549.479
549.375
549.271
549.166
549.061
548.955
548.849
548.742
548.636
548.529
548.422
548.315
548.207
548.099
547.992
547.884
547.776
547.669
547.561
547.453
547.346
547.239
547.131
547.025
546.918
546.811
546.705
546.599
546.494
546.388
546.283
546.179
546.074
545.97
545.867
545.763
545.66
545.557
545.455
545.353
545.251
545.149
545.048
544.946
544.845
544.744
544.643
544.543
544.432
544.321
544.211
544.101
543.992
543.882
543.773
543.665
543.557
543.45
543.344
543.238
543.133
543.029
542.925
542.823
542.721
542.62
542.52
542.421
542.323
542.225
542.129
542.033
541.939
541.845
541.752
541.659
541.568
541.477
541.386
541.297
541.208
541.119
541.031
540.943
540.855
540.768
540.681
540.594
552.506
552.418
552.33
552.241
552.153
552.064
551.975
551.886
551.796
551.706
551.616
551.525
551.434
551.342
551.249
551.156
551.062
550.968
550.873
550.778
550.682
550.585
550.488
550.389
550.291
550.191
550.091
549.991
549.89
549.788
549.686
549.583
549.479
549.375
549.271
549.166
549.061
548.955
548.849
548.743
548.636
548.529
548.422
548.315
548.207
548.1
547.992
547.884
547.776
547.669
547.561
547.453
547.346
547.238
547.131
547.024
546.918
546.811
546.705
546.599
546.493
546.388
546.283
546.178
546.074
545.97
545.866
545.763
545.66
545.557
545.455
545.352
545.251
545.149
545.047
544.946
544.845
544.744
544.643
544.542
544.432
544.321
544.211
544.101
543.992
543.882
543.773
543.665
543.557
543.45
543.344
543.238
543.133
543.029
542.925
542.823
542.721
542.62
542.52
542.421
542.323
542.225
542.129
542.033
541.939
541.845
541.752
541.659
541.568
541.477
541.386
541.297
541.208
541.119
541.031
540.943
540.855
540.768
540.681
540.594
552.506
552.418
552.33
552.241
552.153
552.064
551.975
551.886
551.797
551.707
551.616
551.525
551.434
551.342
551.25
551.156
551.063
550.969
550.874
550.778
550.682
550.585
550.488
550.39
550.291
550.192
550.092
549.991
549.89
549.788
549.686
549.583
549.48
549.376
549.271
549.166
549.061
548.955
548.849
548.743
548.636
548.529
548.422
548.315
548.207
548.1
547.992
547.884
547.776
547.669
547.561
547.453
547.346
547.238
547.131
547.024
546.917
546.811
546.705
546.599
546.493
546.388
546.283
546.178
546.074
545.969
545.866
545.762
545.659
545.557
545.454
545.352
545.25
545.149
545.047
544.946
544.845
544.744
544.643
544.542
544.432
544.321
544.211
544.101
543.991
543.882
543.773
543.665
543.557
543.45
543.344
543.238
543.133
543.028
542.925
542.822
542.721
542.62
542.52
542.421
542.322
542.225
542.129
542.033
541.938
541.845
541.751
541.659
541.568
541.477
541.386
541.297
541.208
541.119
541.031
540.943
540.855
540.768
540.681
540.594
552.506
552.418
552.33
552.242
552.153
552.065
551.976
551.886
551.797
551.707
551.616
551.526
551.434
551.342
551.25
551.157
551.063
550.969
550.874
550.779
550.683
550.586
550.488
550.39
550.292
550.192
550.092
549.992
549.89
549.789
549.686
549.583
549.48
549.376
549.272
549.167
549.061
548.956
548.85
548.743
548.637
548.53
548.422
548.315
548.207
548.1
547.992
547.884
547.776
547.668
547.561
547.453
547.345
547.238
547.131
547.024
546.917
546.81
546.704
546.598
546.492
546.387
546.282
546.177
546.073
545.969
545.865
545.762
545.659
545.556
545.454
545.352
545.25
545.148
545.047
544.946
544.845
544.744
544.643
544.542
544.432
544.321
544.211
544.101
543.991
543.882
543.773
543.665
543.557
543.45
543.344
543.238
543.133
543.028
542.925
542.822
542.721
542.62
542.52
542.421
542.322
542.225
542.129
542.033
541.938
541.845
541.751
541.659
541.567
541.477
541.386
541.297
541.207
541.119
541.031
540.943
540.855
540.768
540.681
540.594
552.506
552.418
552.33
552.242
552.153
552.065
551.976
551.887
551.797
551.707
551.617
551.526
551.435
551.343
551.25
551.157
551.064
550.97
550.875
550.779
550.683
550.586
550.489
550.391
550.292
550.193
550.093
549.992
549.891
549.789
549.687
549.584
549.48
549.376
549.272
549.167
549.062
548.956
548.85
548.744
548.637
548.53
548.423
548.315
548.208
548.1
547.992
547.884
547.776
547.668
547.561
547.453
547.345
547.238
547.13
547.023
546.917
546.81
546.704
546.598
546.492
546.387
546.281
546.177
546.072
545.968
545.865
545.761
545.658
545.556
545.453
545.351
545.249
545.148
545.047
544.945
544.844
544.744
544.643
544.542
544.432
544.321
544.211
544.101
543.991
543.882
543.773
543.665
543.557
543.45
543.343
543.238
543.133
543.028
542.925
542.822
542.72
542.62
542.52
542.421
542.322
542.225
542.129
542.033
541.938
541.844
541.751
541.659
541.567
541.477
541.386
541.297
541.207
541.119
541.031
540.943
540.855
540.768
540.681
540.594
552.506
552.418
552.33
552.242
552.154
552.065
551.976
551.887
551.798
551.708
551.617
551.527
551.435
551.343
551.251
551.158
551.064
550.97
550.875
550.78
550.684
550.587
550.489
550.391
550.293
550.193
550.093
549.993
549.891
549.79
549.687
549.584
549.481
549.377
549.272
549.168
549.062
548.957
548.85
548.744
548.637
548.53
548.423
548.315
548.208
548.1
547.992
547.884
547.776
547.668
547.56
547.453
547.345
547.237
547.13
547.023
546.916
546.809
546.703
546.597
546.491
546.386
546.281
546.176
546.072
545.968
545.864
545.761
545.658
545.555
545.453
545.351
545.249
545.147
545.046
544.945
544.844
544.743
544.643
544.542
544.432
544.321
544.211
544.101
543.991
543.882
543.773
543.665
543.557
543.45
543.343
543.238
543.132
543.028
542.925
542.822
542.72
542.62
542.52
542.42
542.322
542.225
542.129
542.033
541.938
541.844
541.751
541.659
541.567
541.476
541.386
541.297
541.207
541.119
541.031
540.943
540.855
540.768
540.681
540.594
552.506
552.418
552.33
552.242
552.154
552.065
551.977
551.888
551.798
551.708
551.618
551.527
551.436
551.344
551.252
551.159
551.065
550.971
550.876
550.78
550.684
550.587
550.49
550.392
550.293
550.194
550.094
549.993
549.892
549.79
549.688
549.585
549.481
549.377
549.273
549.168
549.063
548.957
548.851
548.744
548.638
548.531
548.423
548.316
548.208
548.1
547.992
547.884
547.776
547.668
547.56
547.452
547.345
547.237
547.13
547.022
546.915
546.809
546.702
546.596
546.491
546.385
546.28
546.175
546.071
545.967
545.863
545.76
545.657
545.554
545.452
545.35
545.248
545.147
545.046
544.945
544.844
544.743
544.643
544.542
544.432
544.321
544.211
544.101
543.991
543.882
543.773
543.665
543.557
543.45
543.343
543.237
543.132
543.028
542.925
542.822
542.72
542.619
542.519
542.42
542.322
542.225
542.128
542.033
541.938
541.844
541.751
541.659
541.567
541.476
541.386
541.297
541.207
541.119
541.03
540.943
540.855
540.768
540.681
540.594
552.506
552.418
552.33
552.242
552.154
552.066
551.977
551.888
551.799
551.709
551.618
551.528
551.436
551.345
551.252
551.159
551.066
550.971
550.877
550.781
550.685
550.588
550.491
550.393
550.294
550.194
550.094
549.994
549.893
549.791
549.688
549.585
549.482
549.378
549.274
549.169
549.063
548.957
548.851
548.745
548.638
548.531
548.423
548.316
548.208
548.1
547.992
547.884
547.776
547.668
547.56
547.452
547.344
547.237
547.129
547.022
546.915
546.808
546.702
546.596
546.49
546.384
546.279
546.175
546.07
545.966
545.863
545.759
545.656
545.554
545.451
545.35
545.248
545.146
545.045
544.944
544.844
544.743
544.643
544.542
544.432
544.321
544.211
544.101
543.991
543.882
543.773
543.665
543.557
543.45
543.343
543.237
543.132
543.028
542.925
542.822
542.72
542.619
542.519
542.42
542.322
542.225
542.128
542.033
541.938
541.844
541.751
541.659
541.567
541.476
541.386
541.296
541.207
541.119
541.03
540.943
540.855
540.768
540.681
540.594
552.506
552.418
552.331
552.243
552.154
552.066
551.977
551.888
551.799
551.709
551.619
551.528
551.437
551.345
551.253
551.16
551.066
550.972
550.877
550.782
550.686
550.589
550.491
550.393
550.294
550.195
550.095
549.994
549.893
549.791
549.689
549.586
549.483
549.379
549.274
549.169
549.064
548.958
548.852
548.745
548.638
548.531
548.424
548.316
548.208
548.1
547.992
547.884
547.776
547.668
547.56
547.452
547.344
547.236
547.129
547.021
546.914
546.807
546.701
546.595
546.489
546.384
546.278
546.174
546.069
545.965
545.862
545.758
545.656
545.553
545.451
545.349
545.247
545.146
545.045
544.944
544.843
544.743
544.642
544.542
544.431
544.321
544.211
544.101
543.991
543.882
543.773
543.664
543.557
543.45
543.343
543.237
543.132
543.028
542.925
542.822
542.72
542.619
542.519
542.42
542.322
542.225
542.128
542.033
541.938
541.844
541.751
541.659
541.567
541.476
541.386
541.296
541.207
541.119
541.03
540.943
540.855
540.768
540.681
540.594
552.506
552.418
552.331
552.243
552.155
552.066
551.978
551.889
551.8
551.71
551.62
551.529
551.438
551.346
551.254
551.161
551.067
550.973
550.878
550.783
550.686
550.59
550.492
550.394
550.295
550.196
550.096
549.995
549.894
549.792
549.69
549.587
549.483
549.379
549.275
549.17
549.064
548.959
548.852
548.746
548.639
548.532
548.424
548.316
548.209
548.1
547.992
547.884
547.776
547.668
547.559
547.451
547.343
547.236
547.128
547.021
546.914
546.807
546.7
546.594
546.488
546.383
546.278
546.173
546.068
545.964
545.861
545.758
545.655
545.552
545.45
545.348
545.247
545.145
545.044
544.944
544.843
544.743
544.642
544.542
544.431
544.321
544.211
544.101
543.991
543.882
543.773
543.664
543.557
543.449
543.343
543.237
543.132
543.028
542.924
542.822
542.72
542.619
542.519
542.42
542.322
542.225
542.128
542.033
541.938
541.844
541.751
541.659
541.567
541.476
541.386
541.296
541.207
541.119
541.03
540.943
540.855
540.768
540.681
540.594
552.506
552.419
552.331
552.243
552.155
552.067
551.978
551.889
551.8
551.71
551.62
551.53
551.438
551.347
551.254
551.162
551.068
550.974
550.879
550.783
550.687
550.59
550.493
550.395
550.296
550.197
550.097
549.996
549.895
549.793
549.69
549.587
549.484
549.38
549.275
549.17
549.065
548.959
548.853
548.746
548.639
548.532
548.425
548.317
548.209
548.101
547.992
547.884
547.776
547.667
547.559
547.451
547.343
547.235
547.127
547.02
546.913
546.806
546.699
546.593
546.487
546.382
546.277
546.172
546.067
545.964
545.86
545.757
545.654
545.551
545.449
545.347
545.246
545.145
545.044
544.943
544.843
544.742
544.642
544.542
544.431
544.321
544.211
544.1
543.991
543.881
543.773
543.664
543.556
543.449
543.343
543.237
543.132
543.028
542.924
542.822
542.72
542.619
542.519
542.42
542.322
542.225
542.128
542.033
541.938
541.844
541.751
541.659
541.567
541.476
541.386
541.296
541.207
541.119
541.03
540.943
540.855
540.768
540.681
540.594
552.506
552.419
552.331
552.243
552.155
552.067
551.979
551.89
551.801
551.711
551.621
551.53
551.439
551.347
551.255
551.162
551.069
550.975
550.88
550.784
550.688
550.591
550.494
550.396
550.297
550.198
550.097
549.997
549.896
549.794
549.691
549.588
549.485
549.381
549.276
549.171
549.066
548.96
548.854
548.747
548.64
548.533
548.425
548.317
548.209
548.101
547.993
547.884
547.776
547.667
547.559
547.451
547.343
547.235
547.127
547.019
546.912
546.805
546.699
546.592
546.486
546.381
546.276
546.171
546.067
545.963
545.859
545.756
545.653
545.551
545.449
545.347
545.245
545.144
545.043
544.943
544.842
544.742
544.642
544.542
544.431
544.321
544.21
544.1
543.991
543.881
543.772
543.664
543.556
543.449
543.343
543.237
543.132
543.028
542.924
542.822
542.72
542.619
542.519
542.42
542.322
542.225
542.128
542.033
541.938
541.844
541.751
541.659
541.567
541.476
541.386
541.296
541.207
541.119
541.03
540.943
540.855
540.768
540.681
540.594
552.506
552.419
552.331
552.243
552.155
552.067
551.979
551.89
551.801
551.711
551.621
551.531
551.44
551.348
551.256
551.163
551.07
550.976
550.881
550.785
550.689
550.592
550.495
550.397
550.298
550.198
550.098
549.998
549.896
549.795
549.692
549.589
549.486
549.382
549.277
549.172
549.067
548.961
548.854
548.748
548.641
548.533
548.425
548.318
548.209
548.101
547.993
547.884
547.776
547.667
547.559
547.451
547.342
547.234
547.126
547.019
546.912
546.805
546.698
546.592
546.486
546.38
546.275
546.17
546.066
545.962
545.858
545.755
545.652
545.55
545.448
545.346
545.245
545.144
545.043
544.942
544.842
544.742
544.642
544.542
544.431
544.321
544.21
544.1
543.991
543.881
543.772
543.664
543.556
543.449
543.343
543.237
543.132
543.028
542.924
542.822
542.72
542.619
542.519
542.42
542.322
542.224
542.128
542.033
541.938
541.844
541.751
541.659
541.567
541.476
541.386
541.296
541.207
541.119
541.03
540.943
540.855
540.768
540.681
540.594
552.506
552.419
552.331
552.244
552.156
552.068
551.979
551.89
551.801
551.712
551.622
551.532
551.441
551.349
551.257
551.164
551.071
550.976
550.882
550.786
550.69
550.593
550.496
550.398
550.299
550.199
550.099
549.999
549.897
549.796
549.693
549.59
549.487
549.383
549.278
549.173
549.067
548.962
548.855
548.748
548.641
548.534
548.426
548.318
548.21
548.102
547.993
547.885
547.776
547.667
547.559
547.45
547.342
547.234
547.126
547.018
546.911
546.804
546.697
546.591
546.485
546.379
546.274
546.169
546.065
545.961
545.857
545.754
545.652
545.549
545.447
545.346
545.244
545.143
545.042
544.942
544.842
544.742
544.642
544.542
544.431
544.321
544.21
544.1
543.99
543.881
543.772
543.664
543.556
543.449
543.342
543.237
543.132
543.027
542.924
542.821
542.72
542.619
542.519
542.42
542.322
542.224
542.128
542.032
541.938
541.844
541.751
541.659
541.567
541.476
541.386
541.296
541.207
541.119
541.03
540.943
540.855
540.768
540.681
540.593
552.506
552.419
552.331
552.244
552.156
552.068
551.979
551.891
551.802
551.712
551.622
551.532
551.441
551.35
551.258
551.165
551.071
550.977
550.883
550.787
550.691
550.594
550.497
550.399
550.3
550.2
550.1
550
549.898
549.797
549.694
549.591
549.488
549.384
549.279
549.174
549.069
548.963
548.856
548.749
548.642
548.535
548.427
548.319
548.211
548.102
547.994
547.885
547.776
547.668
547.559
547.45
547.342
547.234
547.126
547.018
546.911
546.804
546.697
546.59
546.484
546.379
546.274
546.169
546.064
545.96
545.857
545.754
545.651
545.549
545.447
545.345
545.244
545.143
545.042
544.942
544.841
544.741
544.641
544.542
544.431
544.32
544.21
544.1
543.99
543.881
543.772
543.664
543.556
543.449
543.342
543.237
543.132
543.027
542.924
542.821
542.72
542.619
542.519
542.42
542.322
542.224
542.128
542.032
541.938
541.844
541.751
541.659
541.567
541.476
541.386
541.296
541.207
541.119
541.03
540.942
540.855
540.768
540.681
540.593
552.506
552.419
552.331
552.244
552.156
552.068
551.98
551.891
551.802
551.713
551.623
551.532
551.442
551.35
551.258
551.166
551.072
550.978
550.884
550.788
550.692
550.595
550.498
550.4
550.301
550.201
550.101
550.001
549.899
549.798
549.695
549.592
549.489
549.385
549.28
549.175
549.07
548.964
548.857
548.751
548.643
548.536
548.428
548.32
548.211
548.103
547.994
547.886
547.777
547.668
547.559
547.451
547.342
547.234
547.126
547.018
546.911
546.803
546.697
546.59
546.484
546.378
546.273
546.168
546.064
545.96
545.856
545.753
545.651
545.548
545.446
545.345
545.244
545.143
545.042
544.941
544.841
544.741
544.641
544.542
544.431
544.32
544.21
544.1
543.99
543.881
543.772
543.664
543.556
543.449
543.342
543.236
543.131
543.027
542.924
542.821
542.72
542.619
542.519
542.42
542.322
542.224
542.128
542.032
541.938
541.844
541.751
541.659
541.567
541.476
541.386
541.296
541.207
541.119
541.03
540.942
540.855
540.768
540.681
540.593
552.506
552.419
552.331
552.244
552.156
552.068
551.98
551.891
551.802
551.713
551.623
551.533
551.442
551.351
551.259
551.166
551.073
550.979
550.884
550.789
550.693
550.596
550.499
550.401
550.302
550.203
550.103
550.002
549.901
549.799
549.697
549.594
549.49
549.386
549.282
549.177
549.071
548.965
548.859
548.752
548.645
548.537
548.429
548.321
548.213
548.104
547.995
547.886
547.778
547.669
547.56
547.451
547.343
547.234
547.126
547.018
546.911
546.803
546.697
546.59
546.484
546.378
546.273
546.168
546.064
545.96
545.856
545.753
545.65
545.548
545.446
545.345
545.243
545.142
545.042
544.941
544.841
544.741
544.641
544.542
544.431
544.32
544.21
544.1
543.99
543.881
543.772
543.664
543.556
543.449
543.342
543.236
543.131
543.027
542.924
542.821
542.719
542.619
542.519
542.42
542.321
542.224
542.128
542.032
541.938
541.844
541.751
541.658
541.567
541.476
541.386
541.296
541.207
541.118
541.03
540.942
540.855
540.768
540.681
540.593
552.506
552.419
552.331
552.243
552.156
552.068
551.979
551.891
551.802
551.713
551.623
551.533
551.442
551.351
551.259
551.167
551.074
550.98
550.885
550.79
550.694
550.597
550.5
550.402
550.303
550.204
550.104
550.003
549.902
549.8
549.698
549.595
549.492
549.388
549.283
549.178
549.072
548.966
548.86
548.753
548.646
548.538
548.43
548.322
548.214
548.105
547.996
547.888
547.779
547.67
547.561
547.452
547.343
547.235
547.127
547.019
546.911
546.804
546.697
546.591
546.484
546.379
546.273
546.168
546.064
545.96
545.856
545.753
545.651
545.548
545.446
545.345
545.243
545.143
545.042
544.941
544.841
544.741
544.641
544.542
544.431
544.32
544.21
544.1
543.99
543.881
543.772
543.663
543.556
543.448
543.342
543.236
543.131
543.027
542.924
542.821
542.719
542.619
542.519
542.42
542.321
542.224
542.128
542.032
541.938
541.844
541.751
541.658
541.567
541.476
541.386
541.296
541.207
541.118
541.03
540.942
540.855
540.768
540.681
540.593
552.506
552.419
552.331
552.243
552.155
552.067
551.979
551.891
551.802
551.713
551.623
551.533
551.443
551.351
551.26
551.167
551.074
550.98
550.886
550.791
550.695
550.598
550.501
550.403
550.304
550.205
550.105
550.004
549.903
549.802
549.699
549.596
549.493
549.389
549.285
549.179
549.074
548.968
548.861
548.754
548.647
548.54
548.432
548.324
548.215
548.107
547.998
547.889
547.78
547.671
547.562
547.453
547.345
547.236
547.128
547.02
546.912
546.805
546.698
546.591
546.485
546.379
546.274
546.169
546.065
545.961
545.857
545.754
545.651
545.549
545.447
545.345
545.244
545.143
545.042
544.942
544.841
544.741
544.641
544.542
544.431
544.32
544.21
544.1
543.99
543.88
543.772
543.663
543.555
543.448
543.342
543.236
543.131
543.027
542.924
542.821
542.719
542.618
542.519
542.419
542.321
542.224
542.128
542.032
541.938
541.844
541.751
541.658
541.567
541.476
541.386
541.296
541.207
541.118
541.03
540.942
540.855
540.768
540.681
540.593
552.506
552.419
552.331
552.243
552.155
552.067
551.979
551.89
551.802
551.713
551.623
551.533
551.443
551.352
551.26
551.168
551.075
550.981
550.886
550.791
550.696
550.599
550.502
550.404
550.305
550.206
550.106
550.006
549.905
549.803
549.701
549.598
549.495
549.391
549.286
549.181
549.075
548.969
548.863
548.756
548.648
548.541
548.433
548.325
548.217
548.108
548
547.891
547.782
547.673
547.564
547.455
547.347
547.238
547.13
547.022
546.914
546.807
546.7
546.593
546.487
546.381
546.275
546.17
546.066
545.961
545.858
545.755
545.652
545.549
545.447
545.346
545.244
545.143
545.042
544.942
544.842
544.741
544.641
544.542
544.431
544.32
544.21
544.1
543.99
543.88
543.771
543.663
543.555
543.448
543.342
543.236
543.131
543.027
542.923
542.821
542.719
542.618
542.518
542.419
542.321
542.224
542.128
542.032
541.937
541.844
541.751
541.658
541.567
541.476
541.386
541.296
541.207
541.118
541.03
540.942
540.855
540.768
540.681
540.593
552.506
552.418
552.331
552.243
552.155
552.067
551.978
551.89
551.801
551.712
551.623
551.533
551.443
551.352
551.26
551.168
551.075
550.981
550.887
550.792
550.696
550.6
550.503
550.405
550.306
550.207
550.107
550.007
549.906
549.804
549.702
549.599
549.496
549.392
549.287
549.182
549.076
548.97
548.863
548.757
548.649
548.542
548.434
548.326
548.218
548.11
548.001
547.893
547.784
547.675
547.566
547.458
547.349
547.24
547.132
547.024
546.916
546.809
546.702
546.595
546.488
546.382
546.277
546.172
546.067
545.963
545.859
545.756
545.653
545.55
545.448
545.346
545.245
545.144
545.043
544.942
544.842
544.742
544.642
544.542
544.431
544.32
544.21
544.099
543.99
543.88
543.771
543.663
543.555
543.448
543.342
543.236
543.131
543.027
542.923
542.821
542.719
542.618
542.518
542.419
542.321
542.224
542.128
542.032
541.937
541.844
541.751
541.658
541.567
541.476
541.386
541.296
541.207
541.118
541.03
540.942
540.855
540.768
540.681
540.593
552.506
552.418
552.33
552.242
552.154
552.066
551.978
551.89
551.801
551.712
551.622
551.533
551.442
551.351
551.26
551.168
551.075
550.982
550.887
550.793
550.697
550.6
550.503
550.406
550.307
550.208
550.109
550.008
549.908
549.806
549.704
549.601
549.497
549.393
549.288
549.183
549.077
548.97
548.864
548.757
548.65
548.542
548.435
548.327
548.219
548.111
548.003
547.894
547.786
547.678
547.569
547.46
547.352
547.243
547.135
547.027
546.919
546.811
546.704
546.597
546.491
546.385
546.279
546.174
546.069
545.964
545.86
545.757
545.654
545.551
545.449
545.347
545.246
545.145
545.044
544.943
544.842
544.742
544.642
544.542
544.431
544.32
544.21
544.099
543.99
543.88
543.771
543.663
543.555
543.448
543.342
543.236
543.131
543.027
542.923
542.821
542.719
542.618
542.518
542.419
542.321
542.224
542.128
542.032
541.937
541.844
541.751
541.658
541.567
541.476
541.386
541.296
541.207
541.118
541.03
540.942
540.855
540.768
540.68
540.593
552.506
552.418
552.33
552.242
552.154
552.066
551.977
551.889
551.8
551.711
551.622
551.532
551.442
551.351
551.26
551.168
551.075
550.982
550.888
550.793
550.697
550.601
550.504
550.407
550.309
550.21
550.11
550.01
549.909
549.807
549.705
549.602
549.498
549.393
549.288
549.183
549.076
548.97
548.863
548.757
548.649
548.542
548.435
548.327
548.22
548.112
548.004
547.896
547.788
547.68
547.572
547.463
547.355
547.247
547.138
547.03
546.922
546.815
546.707
546.6
546.493
546.387
546.281
546.176
546.07
545.966
545.862
545.758
545.655
545.552
545.45
545.348
545.247
545.146
545.045
544.944
544.843
544.742
544.642
544.542
544.431
544.32
544.209
544.099
543.989
543.88
543.771
543.663
543.555
543.448
543.341
543.236
543.131
543.027
542.923
542.821
542.719
542.618
542.518
542.419
542.321
542.224
542.128
542.032
541.937
541.844
541.751
541.658
541.567
541.476
541.386
541.296
541.207
541.118
541.03
540.942
540.855
540.768
540.68
540.593
552.506
552.418
552.33
552.241
552.153
552.065
551.977
551.889
551.8
551.711
551.622
551.532
551.442
551.351
551.26
551.168
551.075
550.982
550.888
550.793
550.698
550.602
550.505
550.408
550.31
550.212
550.112
550.012
549.91
549.808
549.706
549.602
549.498
549.393
549.288
549.182
549.075
548.969
548.862
548.755
548.648
548.541
548.434
548.327
548.22
548.113
548.005
547.898
547.79
547.682
547.575
547.467
547.358
547.25
547.142
547.034
546.926
546.818
546.711
546.603
546.496
546.39
546.284
546.178
546.072
545.967
545.863
545.759
545.655
545.553
545.451
545.349
545.247
545.146
545.045
544.944
544.843
544.743
544.642
544.542
544.431
544.32
544.209
544.099
543.989
543.88
543.771
543.663
543.555
543.448
543.341
543.236
543.131
543.026
542.923
542.821
542.719
542.618
542.518
542.419
542.321
542.224
542.127
542.032
541.937
541.844
541.751
541.658
541.567
541.476
541.386
541.296
541.207
541.118
541.03
540.942
540.855
540.768
540.68
540.593
552.506
552.417
552.329
552.241
552.153
552.065
551.976
551.888
551.799
551.711
551.621
551.532
551.442
551.351
551.26
551.168
551.076
550.982
550.888
550.794
550.698
550.602
550.506
550.409
550.312
550.215
550.115
550.014
549.911
549.808
549.705
549.602
549.497
549.392
549.286
549.18
549.073
548.967
548.86
548.754
548.647
548.54
548.433
548.326
548.22
548.113
548.006
547.899
547.792
547.685
547.577
547.47
547.362
547.254
547.146
547.038
546.929
546.822
546.714
546.606
546.499
546.392
546.286
546.18
546.074
545.968
545.863
545.759
545.656
545.553
545.451
545.349
545.248
545.146
545.045
544.945
544.844
544.743
544.642
544.542
544.43
544.32
544.209
544.099
543.989
543.88
543.771
543.663
543.555
543.448
543.341
543.236
543.131
543.026
542.923
542.821
542.719
542.618
542.518
542.419
542.321
542.224
542.127
542.032
541.937
541.844
541.75
541.658
541.567
541.476
541.386
541.296
541.207
541.118
541.03
540.942
540.855
540.768
540.68
540.593
552.506
552.417
552.329
552.241
552.152
552.064
551.976
551.888
551.799
551.71
551.621
551.531
551.441
551.351
551.26
551.168
551.076
550.982
550.889
550.794
550.699
550.603
550.507
550.412
550.316
550.22
550.119
550.015
549.91
549.806
549.703
549.599
549.495
549.389
549.283
549.177
549.071
548.964
548.858
548.752
548.646
548.539
548.432
548.326
548.22
548.114
548.007
547.901
547.794
547.687
547.58
547.472
547.365
547.257
547.149
547.041
546.933
546.825
546.717
546.609
546.502
546.395
546.288
546.181
546.074
545.969
545.863
545.759
545.656
545.553
545.45
545.348
545.247
545.146
545.045
544.944
544.843
544.742
544.641
544.541
544.43
544.319
544.209
544.099
543.989
543.88
543.771
543.663
543.555
543.448
543.341
543.236
543.131
543.026
542.923
542.82
542.719
542.618
542.518
542.419
542.321
542.224
542.127
542.032
541.937
541.843
541.75
541.658
541.567
541.476
541.386
541.296
541.207
541.118
541.03
540.942
540.855
540.768
540.68
540.593
552.506
552.417
552.329
552.24
552.152
552.064
551.976
551.887
551.799
551.71
551.621
551.531
551.441
551.351
551.26
551.168
551.076
550.983
550.889
550.794
550.699
550.604
550.508
550.414
550.322
550.226
550.123
550.014
549.906
549.801
549.699
549.595
549.49
549.385
549.278
549.173
549.068
548.962
548.856
548.751
548.645
548.539
548.433
548.327
548.221
548.115
548.009
547.902
547.795
547.688
547.581
547.474
547.367
547.259
547.152
547.045
546.937
546.829
546.72
546.612
546.504
546.397
546.289
546.181
546.074
545.969
545.863
545.759
545.655
545.552
545.45
545.347
545.245
545.144
545.044
544.943
544.843
544.741
544.64
544.54
544.429
544.319
544.209
544.099
543.989
543.88
543.771
543.663
543.555
543.448
543.341
543.235
543.131
543.026
542.923
542.82
542.719
542.618
542.518
542.419
542.321
542.224
542.127
542.032
541.937
541.843
541.75
541.658
541.567
541.476
541.386
541.296
541.207
541.118
541.03
540.942
540.855
540.768
540.68
540.593
552.505
552.417
552.328
552.24
552.152
552.064
551.975
551.887
551.799
551.71
551.621
551.531
551.441
551.351
551.26
551.168
551.076
550.983
550.889
550.794
550.699
550.604
550.509
550.417
550.328
550.214
550.119
550.01
549.898
549.789
549.696
549.59
549.485
549.379
549.272
549.166
549.064
548.961
548.854
548.748
548.646
548.542
548.437
548.331
548.224
548.116
548.007
547.898
547.792
547.687
547.579
547.474
547.365
547.259
547.155
547.047
546.942
546.832
546.721
546.614
546.509
546.402
546.287
546.179
546.072
545.971
545.862
545.761
545.656
545.551
545.45
545.344
545.241
545.141
545.041
544.941
544.842
544.74
544.638
544.535
544.428
544.319
544.209
544.099
543.989
543.88
543.771
543.663
543.555
543.448
543.341
543.235
543.13
543.026
542.923
542.82
542.719
542.618
542.518
542.419
542.321
542.224
542.127
542.032
541.937
541.843
541.75
541.658
541.567
541.476
541.386
541.296
541.207
541.118
541.03
540.942
540.855
540.768
540.68
540.593
552.504
552.417
552.328
552.24
552.152
552.064
551.975
551.887
551.799
551.71
551.621
551.531
551.441
551.351
551.26
551.168
551.076
550.983
550.889
550.794
550.699
550.604
550.509
550.419
550.344
550.225
550.118
550.009
549.899
549.79
549.695
549.59
549.485
549.378
549.272
549.167
549.063
548.96
548.854
548.749
548.646
548.541
548.436
548.33
548.225
548.118
548.009
547.899
547.792
547.688
547.58
547.474
547.366
547.259
547.155
547.048
546.942
546.833
546.721
546.613
546.507
546.402
546.289
546.179
546.071
545.97
545.861
545.76
545.656
545.552
545.45
545.344
545.242
545.141
545.041
544.941
544.842
544.74
544.638
544.535
544.429
544.32
544.21
544.1
543.99
543.88
543.771
543.663
543.555
543.448
543.341
543.235
543.13
543.026
542.923
542.82
542.719
542.618
542.518
542.419
542.321
542.224
542.127
542.032
541.937
541.843
541.75
541.658
541.567
541.476
541.386
541.296
541.207
541.118
541.03
540.942
540.855
540.768
540.68
540.593
552.504
552.416
552.327
552.239
552.151
552.063
551.975
551.887
551.798
551.71
551.621
551.531
551.441
551.351
551.26
551.168
551.076
550.983
550.889
550.794
550.699
550.604
550.509
550.419
550.34
550.23
550.119
550.009
549.9
549.793
549.695
549.591
549.486
549.379
549.273
549.169
549.064
548.96
548.855
548.751
548.647
548.542
548.436
548.33
548.225
548.119
548.011
547.901
547.794
547.689
547.581
547.475
547.367
547.26
547.155
547.048
546.942
546.833
546.722
546.613
546.506
546.401
546.29
546.18
546.072
545.969
545.862
545.76
545.656
545.552
545.45
545.345
545.242
545.142
545.042
544.941
544.842
544.74
544.638
544.534
544.427
544.319
544.209
544.1
543.99
543.882
543.774
543.666
543.559
543.453
543.347
543.242
543.138
543.034
542.93
542.828
542.726
542.625
542.526
542.427
542.329
542.232
542.135
542.04
541.945
541.852
541.759
541.667
541.575
541.484
541.394
541.304
541.214
541.125
541.036
540.948
540.859
540.771
540.683
540.595
552.506
552.416
552.327
552.238
552.15
552.062
551.974
551.885
551.797
551.708
551.619
551.53
551.44
551.35
551.259
551.167
551.075
550.982
550.889
550.795
550.7
550.605
550.51
550.417
550.327
550.228
550.123
550.015
549.909
549.804
549.702
549.598
549.494
549.389
549.283
549.178
549.073
548.968
548.863
548.758
548.652
548.546
548.44
548.335
548.229
548.123
548.016
547.908
547.801
547.694
547.586
547.479
547.371
547.264
547.156
547.049
546.941
546.832
546.723
546.615
546.507
546.4
546.292
546.183
546.076
545.971
545.865
545.761
545.657
545.554
545.451
545.348
545.245
545.144
545.043
544.941
544.84
544.737
544.634
544.529
544.423
544.315
544.206
544.097
543.988
543.88
543.773
543.666
543.56
543.455
543.35
543.245
543.141
543.038
542.935
542.833
542.731
542.63
542.53
542.431
542.333
542.236
542.14
542.045
541.95
541.857
541.764
541.672
541.581
541.49
541.4
541.31
541.22
541.13
541.041
540.952
540.863
540.774
540.685
540.595
552.506
552.417
552.327
552.238
552.15
552.061
551.973
551.884
551.796
551.707
551.618
551.529
551.439
551.349
551.258
551.167
551.075
550.982
550.889
550.795
550.7
550.605
550.51
550.415
550.321
550.224
550.123
550.019
549.915
549.812
549.709
549.606
549.501
549.397
549.291
549.186
549.08
548.975
548.869
548.764
548.658
548.552
548.445
548.339
548.233
548.127
548.02
547.913
547.806
547.698
547.59
547.482
547.374
547.266
547.157
547.049
546.941
546.832
546.724
546.616
546.508
546.4
546.293
546.185
546.079
545.973
545.867
545.763
545.659
545.555
545.452
545.349
545.247
545.145
545.043
544.94
544.838
544.734
544.63
544.525
544.419
544.312
544.204
544.095
543.987
543.879
543.772
543.666
543.56
543.454
543.35
543.246
543.142
543.039
542.937
542.835
542.733
542.633
542.533
542.434
542.336
542.239
542.143
542.048
541.953
541.86
541.767
541.675
541.584
541.493
541.403
541.313
541.224
541.134
541.045
540.955
540.866
540.776
540.686
540.596
552.506
552.418
552.328
552.239
552.15
552.061
551.973
551.884
551.796
551.707
551.618
551.529
551.439
551.349
551.258
551.167
551.075
550.982
550.889
550.795
550.701
550.605
550.51
550.414
550.319
550.222
550.122
550.021
549.919
549.817
549.714
549.611
549.507
549.403
549.298
549.192
549.087
548.981
548.875
548.769
548.663
548.557
548.451
548.344
548.238
548.131
548.025
547.917
547.81
547.702
547.593
547.485
547.376
547.267
547.159
547.05
546.941
546.833
546.724
546.616
546.508
546.401
546.294
546.187
546.08
545.974
545.869
545.764
545.66
545.556
545.453
545.35
545.248
545.145
545.042
544.939
544.836
544.732
544.628
544.522
544.416
544.309
544.202
544.094
543.986
543.878
543.772
543.665
543.559
543.454
543.349
543.245
543.142
543.039
542.937
542.836
542.735
542.634
542.535
542.436
542.338
542.241
542.145
542.049
541.955
541.862
541.769
541.677
541.586
541.495
541.405
541.315
541.226
541.136
541.047
540.957
540.868
540.778
540.687
540.596
552.506
552.417
552.328
552.239
552.15
552.061
551.973
551.884
551.795
551.707
551.618
551.528
551.439
551.348
551.258
551.166
551.075
550.982
550.889
550.795
550.701
550.606
550.51
550.414
550.318
550.22
550.122
550.022
549.921
549.819
549.717
549.615
549.511
549.407
549.302
549.197
549.092
548.986
548.88
548.774
548.668
548.561
548.455
548.348
548.242
548.135
548.028
547.921
547.813
547.705
547.596
547.487
547.378
547.269
547.16
547.051
546.942
546.833
546.725
546.617
546.509
546.401
546.294
546.187
546.081
545.975
545.87
545.765
545.661
545.557
545.454
545.351
545.248
545.145
545.042
544.938
544.835
544.73
544.625
544.52
544.414
544.307
544.2
544.093
543.985
543.878
543.771
543.665
543.559
543.454
543.349
543.245
543.142
543.039
542.937
542.836
542.735
542.635
542.536
542.437
542.339
542.242
542.146
542.05
541.956
541.862
541.77
541.678
541.586
541.496
541.406
541.316
541.227
541.137
541.048
540.959
540.869
540.779
540.688
540.596
552.506
552.417
552.328
552.239
552.15
552.061
551.973
551.884
551.795
551.707
551.617
551.528
551.438
551.348
551.258
551.166
551.074
550.982
550.889
550.795
550.701
550.606
550.51
550.414
550.317
550.22
550.121
550.022
549.922
549.821
549.719
549.617
549.514
549.41
549.305
549.2
549.095
548.99
548.884
548.778
548.671
548.565
548.458
548.351
548.244
548.137
548.03
547.923
547.815
547.707
547.598
547.489
547.38
547.271
547.161
547.052
546.943
546.834
546.725
546.617
546.509
546.401
546.294
546.188
546.082
545.976
545.871
545.766
545.662
545.558
545.454
545.351
545.248
545.145
545.041
544.938
544.834
544.729
544.624
544.518
544.412
544.306
544.199
544.092
543.985
543.878
543.771
543.665
543.559
543.454
543.35
543.246
543.142
543.04
542.938
542.836
542.736
542.636
542.536
542.438
542.34
542.243
542.146
542.051
541.956
541.863
541.77
541.678
541.586
541.496
541.406
541.316
541.227
541.138
541.049
540.959
540.869
540.779
540.688
540.596
552.506
552.417
552.328
552.239
552.15
552.061
551.973
551.884
551.795
551.707
551.617
551.528
551.438
551.348
551.258
551.166
551.074
550.982
550.889
550.795
550.701
550.605
550.51
550.414
550.317
550.219
550.121
550.022
549.922
549.821
549.72
549.618
549.515
549.411
549.307
549.202
549.097
548.991
548.885
548.779
548.673
548.566
548.46
548.353
548.246
548.139
548.031
547.924
547.816
547.708
547.599
547.49
547.381
547.271
547.162
547.053
546.944
546.835
546.726
546.617
546.509
546.402
546.295
546.188
546.082
545.976
545.871
545.766
545.662
545.558
545.455
545.351
545.248
545.144
545.041
544.937
544.833
544.728
544.623
544.518
544.412
544.305
544.198
544.091
543.984
543.877
543.771
543.665
543.559
543.454
543.35
543.246
543.143
543.04
542.938
542.837
542.736
542.636
542.537
542.438
542.34
542.243
542.147
542.051
541.957
541.863
541.77
541.678
541.586
541.496
541.406
541.316
541.227
541.138
541.049
540.959
540.87
540.779
540.688
540.596
)
;

boundaryField
{
    hot
    {
        type            fixedValue;
        value           uniform 552.55;
    }
    hotTop
    {
        type            fixedValue;
        value           uniform 552.55;
    }
    cold
    {
        type            fixedValue;
        value           uniform 540.55;
    }
    coldTop
    {
        type            fixedValue;
        value           uniform 540.55;
    }
    top
    {
        type            zeroGradient;
    }
    btm
    {
        type            zeroGradient;
    }
    frontAndBack
    {
        type            empty;
    }
}


// ************************************************************************* //
